0 0.432369 0.846735 0.0051306 0.0101826
0 0.454757 0.829003 0.00466418 0.00772472
0 0.581507 0.777914 0.00722948 0.0101826
0 0.280317 0.726124 0.00746269 0.0105337
0 0.367654 0.715063 0.00396455 0.00386236
0 0.256646 0.716117 0.00722948 0.0108848
0 0.311567 0.718048 0.00746269 0.0196629
0 0.285914 0.713132 0.0107276 0.0168539
0 0.356343 0.707514 0.00279851 0.00632022
0 0.347365 0.705934 0.00349813 0.00667135
0 0.263176 0.701545 0.00396455 0.00702247
0 0.450676 0.689958 0.00396455 0.00561798
0 0.371618 0.6875 0.00536381 0.00842697
0 0.364039 0.690309 0.0051306 0.0168539
0 0.443797 0.679775 0.00606343 0.00561798
0 0.307952 0.6796 0.00583022 0.0108848
0 0.367304 0.669066 0.0051306 0.0108848
0 0.350396 0.672051 0.0123601 0.0168539
0 0.360774 0.657128 0.00606343 0.0150983
0 0.456973 0.639572 0.00629664 0.00526685
0 0.208372 0.633076 0.00396455 0.00842697
0 0.221315 0.630969 0.00886194 0.0210674
0 0.503265 0.62026 0.0116604 0.0073736
0 0.25653 0.624122 0.00699627 0.0249298
0 0.524837 0.611657 0.00489739 0.00421348
0 0.218867 0.608497 0.0123601 0.0154494
0 0.241488 0.597437 0.0118937 0.0136938
0 0.230294 0.591468 0.00629664 0.0108848
0 0.190065 0.582163 0.00606343 0.00983146
0 0.251399 0.574965 0.00559701 0.0101826
0 0.458955 0.573034 0.00419776 0.00772472
0 0.215368 0.560042 0.00349813 0.00772472
0 0.222248 0.558638 0.00466418 0.00983146
0 0.417444 0.541959 0.00233209 0.00667135
0 0.424557 0.541257 0.00676306 0.0165028
0 0.401003 0.531952 0.0025653 0.00491573
0 0.256413 0.527388 0.0025653 0.00421348
0 0.232976 0.520716 0.00373134 0.00491573
0 0.222132 0.517732 0.0104944 0.0165028
0 0.248951 0.517205 0.0170243 0.0182584
0 0.228895 0.504213 0.00163246 0.00421348
0 0.242421 0.503336 0.00303172 0.00526685
0 0.271688 0.500176 0.00279851 0.00526685
0 0.247901 0.497367 0.00326493 0.00667135
0 0.185401 0.498947 0.00652985 0.0133427
0 0.291511 0.494382 0.00652985 0.00912921
0 0.21327 0.491749 0.00396455 0.0059691
0 0.220849 0.495962 0.00652985 0.0207163
0 0.17409 0.490169 0.00443097 0.0140449
0 0.225513 0.484726 0.00279851 0.00526685
0 0.204874 0.49684 0.0184235 0.0308989
0 0.241721 0.484726 0.00583022 0.0115871
0 0.232043 0.481215 0.00466418 0.00526685
0 0.258279 0.477704 0.00349813 0.00456461
0 0.204174 0.47507 0.0025653 0.00632022
0 0.190299 0.475597 0.00373134 0.0073736
0 0.386427 0.477177 0.0125933 0.011236
0 0.183769 0.474895 0.0051306 0.0073736
0 0.394473 0.468223 0.00722948 0.00667135
0 0.178521 0.46717 0.00303172 0.00667135
0 0.246618 0.466292 0.00349813 0.00632022
0 0.23834 0.469101 0.0107276 0.0147472
0 0.251049 0.457865 0.00349813 0.00491573
0 0.102495 0.461728 0.0118937 0.0140449
0 0.347715 0.453476 0.00559701 0.0059691
0 0.419076 0.455934 0.00559701 0.0150983
0 0.258629 0.452247 0.00932836 0.0161517
0 0.271922 0.448736 0.00606343 0.0105337
0 0.124883 0.442942 0.0025653 0.00386236
0 0.265625 0.443118 0.00373134 0.00561798
0 0.284748 0.466468 0.0298507 0.0530197
0 0.203242 0.446629 0.00862873 0.0133427
0 0.22563 0.44382 0.00722948 0.00912921
0 0.432253 0.440485 0.0025653 0.00386236
0 0.36882 0.44382 0.0076959 0.011236
0 0.439249 0.440133 0.00536381 0.00877809
0 0.145639 0.433989 0.00349813 0.00561798
0 0.447761 0.431004 0.00139925 0.00316011
0 0.170476 0.433989 0.00419776 0.00912921
0 0.236007 0.43276 0.00419776 0.00877809
0 0.454291 0.4296 0.00186567 0.00386236
0 0.439599 0.429951 0.00373134 0.0059691
0 0.191931 0.429424 0.00373134 0.00632022
0 0.147155 0.427493 0.00279851 0.00667135
0 0.208839 0.430829 0.00536381 0.0154494
0 0.435285 0.422928 0.00209888 0.00316011
0 0.320312 0.427844 0.0076959 0.0136938
0 0.348298 0.425035 0.00629664 0.0108848
0 0.215602 0.425737 0.00583022 0.0129916
0 0.421758 0.429775 0.015625 0.0266854
0 0.160681 0.420822 0.00652985 0.00948034
0 0.181437 0.421173 0.0107276 0.0172051
0 0.279151 0.423631 0.0396455 0.0382725
0 0.195312 0.407479 0.00349813 0.0059691
0 0.143657 0.405723 0.00139925 0.00316011
0 0.30632 0.405548 0.00396455 0.00632022
0 0.186567 0.405197 0.00279851 0.00561798
0 0.316814 0.408883 0.00862873 0.0165028
0 0.554104 0.401334 0.0107276 0.0210674
0 0.507696 0.394312 0.00699627 0.00842697
0 0.159515 0.399052 0.00932836 0.0186096
0 0.515858 0.393258 0.00652985 0.0182584
0 0.179688 0.387816 0.00909515 0.0122893
0 0.133862 0.386412 0.0051306 0.0136938
0 0.365555 0.382725 0.00489739 0.00983146
0 0.328125 0.377985 0.00373134 0.00456461
0 0.614855 0.380442 0.00862873 0.0101826
0 0.340368 0.378862 0.00583022 0.00912921
0 0.31215 0.37816 0.0114272 0.0154494
0 0.305037 0.373771 0.00326493 0.00667135
0 0.427705 0.376756 0.00652985 0.0161517
0 0.524254 0.372015 0.00606343 0.00948034
0 0.178755 0.368504 0.0025653 0.00386236
0 0.172225 0.369031 0.00489739 0.00702247
0 0.147621 0.379916 0.016791 0.0294944
0 0.188083 0.371138 0.00956157 0.0133427
0 0.489506 0.362184 0.00279851 0.00526685
0 0.510728 0.363764 0.0051306 0.011236
0 0.600863 0.363237 0.00722948 0.0122893
0 0.153451 0.359375 0.00326493 0.00526685
0 0.534282 0.362886 0.0079291 0.0129916
0 0.340019 0.363237 0.00839552 0.0165028
0 0.591418 0.359551 0.00419776 0.0105337
0 0.110075 0.357619 0.00419776 0.00807584
0 0.188549 0.356742 0.00536381 0.00983146
0 0.170709 0.352704 0.00419776 0.00807584
0 0.178988 0.354284 0.0104944 0.0133427
0 0.285564 0.366573 0.0244869 0.0407303
0 0.49452 0.347612 0.00583022 0.00421348
0 0.346549 0.34691 0.00373134 0.00491573
0 0.334655 0.348841 0.0051306 0.00948034
0 0.14459 0.347963 0.00373134 0.00842697
0 0.157299 0.350772 0.00629664 0.0168539
0 0.273554 0.34849 0.00839552 0.0129916
0 0.13048 0.345506 0.00349813 0.00702247
0 0.500933 0.343926 0.00373134 0.0059691
0 0.406367 0.348139 0.00629664 0.0158006
0 0.355644 0.346208 0.00746269 0.0154494
0 0.17444 0.340765 0.00279851 0.00877809
0 0.271922 0.329178 0.00326493 0.0059691
0 0.501049 0.330934 0.00862873 0.0115871
0 0.278451 0.326545 0.00279851 0.00561798
0 0.446479 0.327423 0.0109608 0.00807584
0 0.318214 0.324263 0.00396455 0.00877809
0 0.142491 0.32198 0.00279851 0.00632022
0 0.131413 0.320576 0.00536381 0.00632022
0 0.163946 0.317767 0.00466418 0.00561798
0 0.296875 0.329881 0.0163246 0.03125
0 0.566231 0.317767 0.00373134 0.00983146
0 0.409398 0.318294 0.00722948 0.0108848
0 0.326959 0.312324 0.0051306 0.00667135
0 0.135844 0.310744 0.00536381 0.00772472
0 0.644706 0.309867 0.00676306 0.0108848
0 0.191348 0.307058 0.00349813 0.0073736
0 0.49312 0.307584 0.0128265 0.011236
0 0.335821 0.310393 0.00746269 0.0175562
0 0.278102 0.310744 0.0104944 0.0189607
0 0.156833 0.30934 0.0104944 0.0161517
0 0.280317 0.300562 0.00279851 0.00561798
0 0.184585 0.300386 0.00443097 0.00526685
0 0.287313 0.306355 0.00886194 0.0186096
0 0.164062 0.291081 0.00536381 0.00632022
0 0.293144 0.294417 0.00699627 0.0143961
0 0.110424 0.290204 0.00443097 0.0073736
0 0.283699 0.28757 0.0104944 0.0126404
0 0.634212 0.285639 0.00676306 0.0122893
0 0.41826 0.280548 0.00489739 0.0119382
0 0.626283 0.267205 0.00862873 0.011236
0 0.64389 0.261938 0.00466418 0.00912921
0 0.364972 0.261763 0.00606343 0.00948034
0 0.184002 0.261938 0.00932836 0.011236
0 0.216535 0.2579 0.00443097 0.00526685
0 0.342817 0.257725 0.00326493 0.00772472
0 0.323228 0.255618 0.00326493 0.00421348
0 0.349464 0.257198 0.00303172 0.0101826
0 0.43167 0.254213 0.00419776 0.0105337
0 0.198111 0.259129 0.0184235 0.0203652
0 0.121618 0.250878 0.00349813 0.00807584
0 0.388526 0.267381 0.0209888 0.0474017
0 0.413713 0.245787 0.00559701 0.00772472
0 0.196362 0.244558 0.00326493 0.00526685
0 0.229361 0.247718 0.0104944 0.0136938
0 0.331157 0.248069 0.00979478 0.0179073
0 0.214202 0.24052 0.0076959 0.0105337
0 0.236124 0.232795 0.00349813 0.00561798
0 0.351679 0.232795 0.00373134 0.00772472
0 0.631646 0.232971 0.010028 0.0179073
0 0.196012 0.227528 0.00396455 0.0105337
0 0.342701 0.222963 0.00116604 0.00280899
0 0.335005 0.231215 0.0128265 0.0214185
0 0.404268 0.216117 0.00349813 0.00526685
0 0.415578 0.22507 0.0102612 0.0245787
0 0.385844 0.217346 0.0114272 0.0217697
0 0.38048 0.216468 0.000699627 0.00105337
0 0.345149 0.20769 0.00326493 0.0059691
0 0.440065 0.211903 0.00606343 0.0150983
0 0.239039 0.207338 0.0051306 0.0101826
0 0.369403 0.226826 0.0303172 0.0547753
0 0.432952 0.206461 0.00443097 0.0168539
0 0.399487 0.202072 0.00466418 0.0101826
0 0.299324 0.203476 0.00722948 0.0150983
0 0.324743 0.191713 0.00303172 0.00561798
0 0.345849 0.18908 0.00279851 0.00526685
0 0.340252 0.19066 0.00419776 0.00842697
0 0.330107 0.183111 0.00909515 0.020014
0 0.574394 0.178371 0.0107276 0.0168539
0 0.211521 0.173104 0.00373134 0.00842697
0 0.336287 0.169242 0.00699627 0.00983146
0 0.33034 0.165379 0.00396455 0.00632022
0 0.642024 0.166608 0.00886194 0.0108848
0 0.279151 0.164501 0.00652985 0.00877809
0 0.621968 0.158708 0.0051306 0.00842697
0 0.499067 0.149052 0.016791 0.0165028
0 0.349347 0.14835 0.00466418 0.0165028
0 0.45709 0.146945 0.0116604 0.0270365
0 0.595616 0.138167 0.00699627 0.0101826
0 0.467467 0.133603 0.00956157 0.0115871
0 0.327892 0.13448 0.0121269 0.0280899
0 0.536264 0.124122 0.0076959 0.0115871
0 0.503731 0.12816 0.0102612 0.0224719
0 0.503498 0.0854986 0.0051306 0.00807584
0 0.359725 0.0844452 0.00909515 0.0129916
0 0.489506 0.0830407 0.0125933 0.0108848
0 0.551189 0.0754916 0.00583022 0.00702247
0 0.355644 0.0626756 0.014459 0.0186096
0 0.330924 0.0560042 0.00419776 0.0073736
0 0.372901 0.0625 0.011194 0.0231742
0 0.538479 0.0572331 0.00932836 0.0154494
0 0.590485 0.0500351 0.0051306 0.0073736
0 0.582673 0.0444171 0.00722948 0.00877809
0 0.365089 0.0454705 0.00629664 0.0129916
0 0.457906 0.0403792 0.0104944 0.0168539
0 0.374767 0.038448 0.00886194 0.0143961
0 0.350513 0.0222963 0.00373134 0.00807584
0 0.431087 0.021243 0.0132929 0.0207163
1 0.645289 0.877985 0.00466418 0.0101826
1 0.505014 0.783181 0.026819 0.0558287
1 0.763759 0.780723 0.0657649 0.0642556
1 0.73216 0.702423 0.0263526 0.0839185
1 0.57416 0.697858 0.0522388 0.0846208
1 0.479478 0.623596 0.0153918 0.0238764
1 0.785914 0.667662 0.076959 0.135885
1 0.483092 0.595857 0.0436101 0.0140449
1 0.431203 0.687851 0.368004 0.204354
1 0.570546 0.585147 0.0576026 0.0354635
1 0.629548 0.557058 0.0244869 0.0509129
1 0.741138 0.544768 0.0354478 0.0326545
1 0.556437 0.534235 0.0261194 0.03125
1 0.396455 0.755969 0.650653 0.482444
1 0.291278 0.541959 0.0979478 0.0916433
1 0.381413 0.494206 0.0431437 0.0122893
1 0.141674 0.496664 0.0198228 0.025632
1 0.265858 0.475772 0.0102612 0.0140449
1 0.446129 0.497367 0.0527052 0.0698736
1 0.235541 0.456461 0.00932836 0.0147472
1 0.217234 0.456987 0.0188899 0.0305478
1 0.566115 0.45014 0.0622668 0.0217697
1 0.354944 0.438378 0.0163246 0.0214185
1 0.10716 0.459972 0.0370802 0.108146
1 0.0950326 0.401685 0.00629664 0.0105337
1 0.0810401 0.386587 0.0142257 0.0294944
1 0.807719 0.389572 0.0431437 0.0474017
1 0.473414 0.360955 0.0102612 0.0252809
1 0.510261 0.346032 0.00559701 0.0059691
1 0.188783 0.335323 0.0151586 0.0259831
1 0.20674 0.326369 0.0025653 0.00877809
1 0.217584 0.31566 0.00279851 0.00561798
1 0.474347 0.291608 0.03125 0.0143961
1 0.529268 0.301264 0.035681 0.0351124
1 0.529734 0.283708 0.00676306 0.00842697
1 0.610191 0.316889 0.0478078 0.0839185
1 0.246269 0.288624 0.0340485 0.0308989
1 0.147155 0.270014 0.0102612 0.00983146
1 0.515159 0.218574 0.0321828 0.0438904
1 0.466651 0.210147 0.0415112 0.0319522
1 0.45091 0.186271 0.0137593 0.0242275
1 0.76236 0.184867 0.0242537 0.0291433
1 0.521805 0.182935 0.0305504 0.0294944
1 0.482976 0.16731 0.0359142 0.0305478
1 0.433069 0.153441 0.020056 0.0301966
1 0.38153 0.127985 0.00932836 0.0193118
1 0.395756 0.105864 0.0359142 0.0249298
1 0.420243 0.106039 0.0153918 0.0308989
1 0.446828 0.0951545 0.0275187 0.0266854
1 0.261427 0.0129916 0.0228545 0.0238764
1 0.64937 0.0409059 0.0552705 0.0804073
1 0.563549 0.0308989 0.0422108 0.0610955
1 0.490905 0.0131671 0.0466418 0.025632
2 0.601329 0.895014 0.0240205 0.0358146
2 0.551306 0.616924 0.0410448 0.0393258
2 0.791628 0.591819 0.0286847 0.0389747
2 0.173507 0.227353 0.0186567 0.0326545
2 0.160331 0.199789 0.0118937 0.0182584
2 0.191581 0.181706 0.0235541 0.0466994
2 0.164995 0.160112 0.0216884 0.0477528
3 0.689249 0.736306 0.00862873 0.0119382
3 0.468167 0.691187 0.00443097 0.00807584
3 0.469683 0.636412 0.00326493 0.00456461
3 0.51819 0.636236 0.00373134 0.00561798
3 0.815648 0.591468 0.010028 0.0059691
3 0.259795 0.4921 0.00373134 0.0059691
3 0.412896 0.48736 0.00676306 0.00702247
3 0.804104 0.484551 0.0051306 0.00702247
3 0.226446 0.471208 0.00233209 0.00351124
3 0.184352 0.47033 0.00303172 0.00456461
3 0.138176 0.458041 0.00349813 0.0059691
3 0.257696 0.437676 0.00373134 0.00526685
3 0.227729 0.417662 0.00349813 0.00667135
3 0.281833 0.401159 0.00443097 0.0059691
3 0.293377 0.385183 0.00699627 0.00983146
3 0.842701 0.383251 0.00583022 0.00807584
3 0.118587 0.371138 0.00396455 0.00842697
3 0.39284 0.34849 0.00629664 0.0108848
3 0.119753 0.344979 0.00396455 0.00807584
3 0.138293 0.342346 0.00373134 0.00561798
3 0.441231 0.338483 0.0051306 0.00561798
3 0.178405 0.30144 0.00326493 0.0073736
3 0.373134 0.268434 0.00233209 0.00386236
3 0.138759 0.267907 0.00606343 0.00842697
3 0.476446 0.257725 0.00652985 0.00702247
3 0.68062 0.249824 0.00536381 0.00807584
3 0.242421 0.244733 0.00629664 0.00772472
3 0.734025 0.247191 0.00629664 0.0140449
3 0.426656 0.237184 0.00349813 0.00386236
3 0.450676 0.235253 0.00489739 0.00772472
3 0.68132 0.232268 0.00583022 0.0101826
3 0.240555 0.215941 0.00349813 0.00772472
3 0.392607 0.205758 0.00349813 0.00561798
3 0.418493 0.20611 0.00862873 0.00912921
3 0.41861 0.19224 0.00699627 0.0108848
3 0.322761 0.171875 0.0051306 0.00667135
3 0.411381 0.161868 0.0079291 0.00702247
3 0.707206 0.147823 0.00629664 0.011236
3 0.386777 0.0674157 0.00349813 0.00632022
