0 0.335588 0.772999 0.00419776 0.00667135
0 0.324044 0.745787 0.00209888 0.00280899
0 0.256996 0.745435 0.00233209 0.00351124
0 0.339902 0.7421 0.00349813 0.00456461
0 0.323927 0.734375 0.00233209 0.00316011
0 0.48834 0.728933 0.00139925 0.00280899
0 0.335005 0.723666 0.00209888 0.00421348
0 0.295243 0.719628 0.00186567 0.00245787
0 0.491371 0.720506 0.00373134 0.00491573
0 0.4993 0.714185 0.00233209 0.00421348
0 0.362523 0.715414 0.00676306 0.0073736
0 0.298041 0.710147 0.00326493 0.00456461
0 0.336171 0.705758 0.00443097 0.00702247
0 0.30667 0.702423 0.00652985 0.00877809
0 0.331157 0.696805 0.00233209 0.00386236
0 0.478545 0.692942 0.00373134 0.00948034
0 0.466301 0.690133 0.00629664 0.00807584
0 0.48799 0.687149 0.0025653 0.00842697
0 0.129548 0.679424 0.0025653 0.00561798
0 0.529035 0.677669 0.00209888 0.00491573
0 0.533465 0.67644 0.00209888 0.00807584
0 0.458372 0.67486 0.00396455 0.00491573
0 0.458139 0.663448 0.00209888 0.00526685
0 0.43202 0.660463 0.0025653 0.00421348
0 0.186101 0.658883 0.00186567 0.00316011
0 0.46805 0.65467 0.00326493 0.00807584
0 0.478778 0.653617 0.00652985 0.0073736
0 0.530317 0.652388 0.00373134 0.00772472
0 0.51236 0.645892 0.00279851 0.00456461
0 0.550373 0.645014 0.00233209 0.00421348
0 0.144007 0.645716 0.00303172 0.00632022
0 0.545126 0.644312 0.0025653 0.00772472
0 0.448694 0.641854 0.00186567 0.00280899
0 0.508046 0.641854 0.00209888 0.00351124
0 0.4993 0.635885 0.00186567 0.00351124
0 0.490555 0.640098 0.00722948 0.0140449
0 0.105177 0.620084 0.00233209 0.00421348
0 0.316348 0.603406 0.0118937 0.0158006
0 0.330807 0.594101 0.0123601 0.0189607
0 0.324277 0.584972 0.00443097 0.00561798
0 0.810518 0.570225 0.00583022 0.00702247
0 0.23799 0.56724 0.00303172 0.00456461
0 0.211287 0.551615 0.00279851 0.00421348
0 0.112407 0.551088 0.00233209 0.00456461
0 0.786497 0.549333 0.00209888 0.00316011
0 0.777635 0.547928 0.00536381 0.00526685
0 0.855527 0.556355 0.00909515 0.0291433
0 0.175606 0.527388 0.00606343 0.00772472
0 0.178405 0.520014 0.00606343 0.00632022
0 0.146688 0.519487 0.00326493 0.00526685
0 0.775187 0.518258 0.00886194 0.00912921
0 0.797924 0.516327 0.00956157 0.0101826
0 0.815182 0.511412 0.00303172 0.00456461
0 0.159981 0.510709 0.00373134 0.0059691
0 0.288363 0.509656 0.00443097 0.0059691
0 0.184701 0.51106 0.00746269 0.00877809
0 0.294426 0.506671 0.00396455 0.00280899
0 0.782183 0.503336 0.00279851 0.00877809
0 0.163829 0.496138 0.000699627 0.00140449
0 0.183302 0.496138 0.00186567 0.00280899
0 0.559002 0.49526 0.00186567 0.00245787
0 0.555504 0.492802 0.00233209 0.00316011
0 0.161964 0.493504 0.00583022 0.0059691
0 0.76819 0.492275 0.00373134 0.00421348
0 0.299207 0.49526 0.0079291 0.0150983
0 0.549557 0.487184 0.0025653 0.00456461
0 0.390042 0.486131 0.00396455 0.00386236
0 0.556203 0.484902 0.00186567 0.00280899
0 0.379314 0.488764 0.00816231 0.011236
0 0.760611 0.487008 0.00676306 0.00842697
0 0.311217 0.483848 0.00396455 0.00421348
0 0.387127 0.481039 0.00373134 0.00351124
0 0.296409 0.481566 0.00652985 0.00948034
0 0.554921 0.477177 0.0025653 0.00210674
0 0.307603 0.476826 0.00419776 0.00351124
0 0.357976 0.477177 0.00746269 0.00632022
0 0.370802 0.473841 0.0051306 0.00456461
0 0.552822 0.472261 0.00209888 0.00491573
0 0.810285 0.471383 0.010028 0.00948034
0 0.372201 0.467346 0.00233209 0.00351124
0 0.567048 0.467697 0.00303172 0.00491573
0 0.318913 0.469628 0.0076959 0.0108848
0 0.287896 0.474368 0.0188899 0.0224719
0 0.267141 0.467346 0.00629664 0.00842697
0 0.33034 0.498947 0.0762593 0.073736
0 0.295476 0.463659 0.00699627 0.00526685
0 0.268074 0.460499 0.00349813 0.00316011
0 0.378265 0.456285 0.00419776 0.00456461
0 0.310051 0.455583 0.0025653 0.00316011
0 0.804454 0.455407 0.00676306 0.00421348
0 0.60028 0.454354 0.00279851 0.00421348
0 0.816348 0.453125 0.0128265 0.0129916
0 0.332206 0.45014 0.0170243 0.0119382
0 0.2809 0.453125 0.0174907 0.0179073
0 0.289762 0.447683 0.00536381 0.00842697
0 0.802472 0.447331 0.00839552 0.00842697
0 0.374417 0.443469 0.00396455 0.00421348
0 0.834422 0.442065 0.0051306 0.00983146
0 0.391325 0.457514 0.0247201 0.0421348
0 0.399137 0.46085 0.000699627 0.00105337
0 0.399604 0.460499 0.000699627 0.00105337
0 0.399837 0.460147 0.000699627 0.00105337
0 0.406483 0.441362 0.00932836 0.0105337
0 0.272621 0.442065 0.00746269 0.0133427
0 0.284515 0.436798 0.00279851 0.00351124
0 0.262477 0.445927 0.0137593 0.0280899
0 0.819146 0.436622 0.0123601 0.0122893
0 0.2809 0.433638 0.00536381 0.00702247
0 0.399137 0.431004 0.00349813 0.00386236
0 0.240322 0.429951 0.00349813 0.00526685
0 0.381413 0.43118 0.00536381 0.00983146
0 0.171525 0.42802 0.00443097 0.00561798
0 0.257812 0.427493 0.010028 0.0115871
0 0.279501 0.424333 0.00396455 0.0073736
0 0.379897 0.421524 0.00326493 0.00526685
0 0.18132 0.420119 0.00209888 0.00386236
0 0.406367 0.425386 0.010028 0.0193118
0 0.250466 0.417135 0.00559701 0.00421348
0 0.409049 0.414677 0.00326493 0.00351124
0 0.300373 0.417135 0.00419776 0.00842697
0 0.227729 0.410288 0.00629664 0.0059691
0 0.182486 0.40783 0.00443097 0.0059691
0 0.39972 0.406777 0.00373134 0.00456461
0 0.428988 0.40467 0.00443097 0.0059691
0 0.272388 0.404494 0.00279851 0.00632022
0 0.422575 0.403792 0.00559701 0.00561798
0 0.386544 0.403792 0.00349813 0.00561798
0 0.432836 0.399052 0.00466418 0.00456461
0 0.281483 0.403617 0.0102612 0.0186096
0 0.28055 0.403441 0.00373134 0.00491573
0 0.413363 0.397472 0.00722948 0.00772472
0 0.400653 0.394838 0.00279851 0.0059691
0 0.219216 0.395365 0.00652985 0.00702247
0 0.376399 0.393434 0.00279851 0.00386236
0 0.421175 0.391327 0.00326493 0.00245787
0 0.262127 0.405723 0.0233209 0.03125
0 0.426189 0.391152 0.00303172 0.00491573
0 0.467467 0.389045 0.00303172 0.00421348
0 0.348764 0.390625 0.0076959 0.0073736
0 0.407999 0.384129 0.00536381 0.00421348
0 0.255014 0.38448 0.0076959 0.00491573
0 0.464785 0.382725 0.00326493 0.00421348
0 0.224347 0.383603 0.00466418 0.0059691
0 0.217234 0.38448 0.00536381 0.00842697
0 0.258396 0.377633 0.00186567 0.00175562
0 0.427472 0.380091 0.00839552 0.0073736
0 0.417094 0.378336 0.00303172 0.00386236
0 0.381297 0.378336 0.00326493 0.00386236
0 0.264109 0.374122 0.00536381 0.00526685
0 0.479244 0.370787 0.00373134 0.00421348
0 0.338503 0.374298 0.0118937 0.0140449
0 0.266441 0.368855 0.00443097 0.00456461
0 0.243004 0.371313 0.00839552 0.00948034
0 0.412663 0.365871 0.00443097 0.00421348
0 0.402519 0.364993 0.00373134 0.00316011
0 0.227962 0.370787 0.00956157 0.0182584
0 0.329874 0.364642 0.00583022 0.0073736
0 0.452542 0.360779 0.00209888 0.00386236
0 0.251516 0.367978 0.0151586 0.0182584
0 0.413246 0.357444 0.00326493 0.00421348
0 0.388176 0.356917 0.00349813 0.00456461
0 0.470965 0.355688 0.00349813 0.00421348
0 0.444846 0.356215 0.00676306 0.00807584
0 0.344799 0.358322 0.00676306 0.0122893
0 0.3757 0.355337 0.0051306 0.00702247
0 0.263643 0.353933 0.00862873 0.011236
0 0.423974 0.360779 0.0181903 0.03125
0 0.218284 0.349017 0.0079291 0.0105337
0 0.467001 0.346559 0.0076959 0.00632022
0 0.338503 0.343926 0.00816231 0.0122893
0 0.465835 0.338483 0.0142257 0.00561798
0 0.235658 0.33585 0.0025653 0.00526685
0 0.808302 0.336376 0.00699627 0.00912921
0 0.481926 0.336376 0.0109608 0.0119382
0 0.248368 0.33901 0.0219216 0.022823
0 0.248717 0.326018 0.00349813 0.00386236
0 0.839902 0.325492 0.00489739 0.00632022
0 0.36952 0.351124 0.0534049 0.0625
0 0.362523 0.366222 0.0025653 0.00210674
0 0.358209 0.347261 0.000932836 0.00140449
0 0.358792 0.346735 0.000699627 0.00105337
0 0.359258 0.346383 0.000699627 0.00105337
0 0.266674 0.325316 0.0174907 0.0122893
0 0.216768 0.319522 0.0025653 0.00210674
0 0.46945 0.319874 0.00839552 0.0119382
0 0.453591 0.322507 0.0177239 0.0207163
0 0.226796 0.31408 0.00303172 0.00526685
0 0.253965 0.317416 0.0135261 0.0126404
0 0.241255 0.314958 0.0114272 0.0105337
0 0.420126 0.324263 0.0548041 0.0305478
0 0.314132 0.311973 0.00979478 0.0059691
0 0.268307 0.312149 0.00956157 0.00632022
0 0.354944 0.311973 0.0139925 0.0115871
0 0.501516 0.310744 0.00629664 0.0105337
0 0.459888 0.309515 0.00699627 0.00948034
0 0.398438 0.305478 0.00676306 0.00632022
0 0.391908 0.303897 0.00396455 0.00456461
0 0.272971 0.301615 0.00909515 0.00280899
0 0.443797 0.300386 0.0121269 0.0073736
0 0.409165 0.297226 0.00303172 0.00526685
0 0.417561 0.299684 0.0142257 0.0136938
0 0.447178 0.294242 0.0025653 0.00421348
0 0.22528 0.293364 0.00466418 0.00316011
0 0.27577 0.293539 0.00862873 0.00772472
0 0.408699 0.289677 0.010028 0.00632022
0 0.347598 0.29389 0.0123601 0.0161517
0 0.254664 0.296524 0.00839552 0.0221208
0 0.450093 0.28757 0.00373134 0.00491573
0 0.228895 0.286868 0.00396455 0.00561798
0 0.443214 0.28441 0.00209888 0.00421348
0 0.43132 0.285463 0.0132929 0.00842697
0 0.415462 0.281601 0.00536381 0.00632022
0 0.31215 0.274579 0.00629664 0.00351124
0 0.228078 0.271419 0.00419776 0.00421348
0 0.513526 0.267907 0.00373134 0.00702247
0 0.241721 0.267381 0.00676306 0.0073736
0 0.235774 0.260358 0.00466418 0.00245787
0 0.336287 0.258427 0.0051306 0.00561798
0 0.407999 0.256847 0.00583022 0.00456461
0 0.248018 0.258603 0.00489739 0.00807584
0 0.448344 0.258954 0.00583022 0.00948034
0 0.368354 0.283181 0.0282183 0.0579354
0 0.434935 0.255969 0.00419776 0.00632022
0 0.392024 0.254565 0.00652985 0.00421348
0 0.277868 0.273525 0.0375466 0.0449438
0 0.284398 0.27335 0.00676306 0.00456461
0 0.409282 0.251931 0.00279851 0.00316011
0 0.479361 0.255794 0.0076959 0.0122893
0 0.310285 0.275456 0.0426772 0.0544242
0 0.363456 0.251229 0.00676306 0.0143961
0 0.335938 0.248947 0.0198228 0.0126404
0 0.260844 0.244909 0.00909515 0.0073736
0 0.280084 0.246313 0.0130597 0.0108848
0 0.325443 0.242275 0.00443097 0.00491573
0 0.402868 0.241222 0.00396455 0.00351124
0 0.429571 0.243153 0.00466418 0.00948034
0 0.317048 0.239642 0.00349813 0.00316011
0 0.416511 0.249298 0.0121269 0.0280899
0 0.414762 0.239291 0.000699627 0.00105337
0 0.420826 0.238237 0.00862873 0.0101826
0 0.304221 0.240695 0.0123601 0.0158006
0 0.24965 0.234551 0.00443097 0.00421348
0 0.459072 0.235253 0.00489739 0.00632022
0 0.386544 0.237008 0.0202892 0.0238764
0 0.434118 0.22823 0.0254198 0.0266854
0 0.804571 0.214712 0.00746269 0.00877809
0 0.263293 0.21401 0.00559701 0.00807584
0 0.215602 0.142381 0.00536381 0.00456461
0 0.548507 0.119031 0.00652985 0.00421348
1 0.708372 0.929424 0.0160914 0.0203652
1 0.343983 0.898174 0.0130597 0.0105337
1 0.352612 0.894838 0.00979478 0.0129916
1 0.343284 0.863764 0.0079291 0.0238764
1 0.311101 0.847612 0.00839552 0.0119382
1 0.252915 0.836728 0.00583022 0.00561798
1 0.653451 0.837781 0.00886194 0.0280899
1 0.508862 0.758251 0.00839552 0.00877809
1 0.504431 0.752107 0.0149254 0.0105337
1 0.524953 0.749824 0.00606343 0.00877809
1 0.697411 0.743504 0.00583022 0.0186096
1 0.509795 0.71875 0.00839552 0.00983146
1 0.602962 0.699438 0.00396455 0.011236
1 0.703125 0.696103 0.0130597 0.0354635
1 0.495103 0.676088 0.00932836 0.0165028
1 0.687617 0.660639 0.0165578 0.0270365
1 0.541861 0.610779 0.00629664 0.00667135
1 0.407766 0.590941 0.00536381 0.011236
1 0.168144 0.515625 0.00699627 0.0122893
1 0.152985 0.473666 0.00699627 0.00983146
1 0.190182 0.448736 0.0104944 0.0133427
1 0.155667 0.423279 0.00583022 0.00526685
1 0.387477 0.417837 0.00909515 0.00772472
1 0.295009 0.373596 0.00606343 0.0119382
1 0.0929338 0.360779 0.00349813 0.0101826
1 0.304454 0.360253 0.015625 0.0133427
1 0.173158 0.31092 0.0109608 0.0186096
1 0.185634 0.303897 0.00373134 0.00807584
1 0.1875 0.283181 0.00419776 0.00807584
1 0.692164 0.250527 0.00932836 0.0214185
1 0.112873 0.241397 0.00233209 0.00667135
1 0.11952 0.224017 0.00536381 0.00702247
1 0.723997 0.144312 0.00443097 0.0203652
1 0.490555 0.143258 0.0104944 0.0238764
1 0.341418 0.0533708 0.0209888 0.0175562
1 0.600746 0.0150983 0.0214552 0.0294944
2 0.362057 0.871489 0.0333489 0.0386236
2 0.383162 0.861482 0.0158582 0.03125
2 0.152052 0.850772 0.0279851 0.0589888
2 0.523554 0.551088 0.0377799 0.0488062
2 0.46187 0.512992 0.0286847 0.0484551
2 0.423158 0.46717 0.0151586 0.025632
2 0.179338 0.189782 0.0163246 0.0242275
2 0.177472 0.14361 0.0452425 0.0498596
3 0.453475 0.979108 0.00443097 0.00526685
3 0.586171 0.963659 0.00816231 0.0115871
3 0.551772 0.956812 0.00373134 0.00632022
3 0.545126 0.944347 0.00303172 0.0059691
3 0.642607 0.923631 0.00536381 0.0073736
3 0.217467 0.91731 0.00209888 0.00316011
3 0.561217 0.912044 0.00349813 0.0059691
3 0.218867 0.903265 0.00209888 0.00456461
3 0.181203 0.87816 0.00373134 0.00491573
3 0.192397 0.858848 0.00373134 0.00491573
3 0.197178 0.841468 0.00209888 0.00316011
3 0.204408 0.836903 0.0025653 0.00526685
3 0.433302 0.836903 0.00373134 0.0059691
3 0.202542 0.831636 0.00209888 0.00316011
3 0.423391 0.818294 0.00303172 0.00386236
3 0.173624 0.817416 0.0025653 0.00491573
3 0.330807 0.806882 0.00303172 0.00421348
3 0.460821 0.805653 0.00186567 0.00245787
3 0.230877 0.781952 0.00186567 0.00351124
3 0.484841 0.75 0.00139925 0.00280899
3 0.390858 0.750878 0.00466418 0.00526685
3 0.3434 0.748244 0.00583022 0.00772472
3 0.437267 0.74368 0.00326493 0.00632022
3 0.19298 0.739291 0.00349813 0.00526685
3 0.516908 0.736482 0.0025653 0.00456461
3 0.342234 0.730688 0.00303172 0.00421348
3 0.442864 0.727704 0.00373134 0.00807584
3 0.127915 0.72665 0.00349813 0.0059691
3 0.678288 0.723139 0.00443097 0.00877809
3 0.512243 0.68908 0.00209888 0.00386236
3 0.542094 0.668539 0.0025653 0.00632022
3 0.722948 0.655021 0.00466418 0.00667135
3 0.211637 0.655548 0.0076959 0.00842697
3 0.253615 0.657479 0.00816231 0.0129916
3 0.170826 0.646419 0.00349813 0.00632022
3 0.709538 0.628687 0.00722948 0.00807584
3 0.175723 0.620787 0.00349813 0.00632022
3 0.449277 0.618153 0.00489739 0.0101826
3 0.414646 0.615169 0.00373134 0.00632022
3 0.383862 0.61552 0.00746269 0.011236
3 0.134678 0.605864 0.00209888 0.00386236
3 0.551306 0.594979 0.00233209 0.00386236
3 0.110774 0.587079 0.00279851 0.00421348
3 0.107276 0.580758 0.00186567 0.00210674
3 0.54466 0.558989 0.0076959 0.00772472
3 0.251283 0.547226 0.00303172 0.00386236
3 0.148787 0.54389 0.00279851 0.00491573
3 0.575676 0.541257 0.00209888 0.00456461
3 0.167094 0.540204 0.00209888 0.00456461
3 0.177589 0.534235 0.00349813 0.00526685
3 0.549207 0.529846 0.00373134 0.00561798
3 0.56285 0.527388 0.00209888 0.00280899
3 0.168843 0.527037 0.00139925 0.00210674
3 0.165229 0.522999 0.00209888 0.00386236
3 0.841418 0.523876 0.00559701 0.00702247
3 0.240905 0.520716 0.00233209 0.00351124
3 0.235774 0.519312 0.00326493 0.00561798
3 0.584422 0.504565 0.00326493 0.00421348
3 0.595033 0.495962 0.0025653 0.00386236
3 0.186917 0.496313 0.00489739 0.00807584
3 0.08757 0.485779 0.00349813 0.0059691
3 0.207556 0.486306 0.00419776 0.00772472
3 0.146572 0.484902 0.00676306 0.00912921
3 0.419193 0.479635 0.00676306 0.00632022
3 0.187733 0.473139 0.00326493 0.00526685
3 0.537896 0.469452 0.00676306 0.00842697
3 0.442864 0.466994 0.00419776 0.0126404
3 0.545243 0.456285 0.0051306 0.00456461
3 0.552355 0.455407 0.0076959 0.00912921
3 0.54979 0.447858 0.00629664 0.00456461
3 0.321362 0.43592 0.00279851 0.00456461
3 0.529734 0.429073 0.00303172 0.00351124
3 0.514342 0.427844 0.0025653 0.00316011
3 0.391674 0.428897 0.00536381 0.00877809
3 0.333605 0.416608 0.00489739 0.00948034
3 0.356576 0.416081 0.00466418 0.00912921
3 0.304454 0.413799 0.00443097 0.00877809
3 0.338153 0.400632 0.00233209 0.00351124
3 0.388293 0.386236 0.00279851 0.00421348
3 0.317747 0.372191 0.00349813 0.00421348
3 0.39389 0.366573 0.00419776 0.00561798
3 0.29291 0.362711 0.00419776 0.00632022
3 0.103778 0.360253 0.00233209 0.00351124
3 0.161614 0.329529 0.00233209 0.00386236
3 0.385961 0.322683 0.00466418 0.00702247
3 0.165928 0.318469 0.0025653 0.00351124
3 0.265159 0.285815 0.0051306 0.00702247
3 0.479244 0.282654 0.00559701 0.00702247
3 0.271572 0.281426 0.00536381 0.00807584
3 0.395522 0.278265 0.0079291 0.0115871
3 0.344333 0.271067 0.00629664 0.00772472
3 0.464785 0.269838 0.00466418 0.00667135
3 0.455107 0.266854 0.00396455 0.00561798
3 0.397155 0.266152 0.00606343 0.00912921
3 0.457789 0.260709 0.00419776 0.00526685
3 0.700793 0.261763 0.00419776 0.00877809
3 0.192164 0.235604 0.00233209 0.00561798
3 0.173741 0.235779 0.00466418 0.0059691
3 0.476096 0.231215 0.00443097 0.0059691
3 0.267607 0.229635 0.00396455 0.00561798
3 0.675723 0.221383 0.00536381 0.00807584
3 0.290928 0.218048 0.00489739 0.00772472
3 0.322062 0.203652 0.00279851 0.00351124
3 0.284049 0.203476 0.0051306 0.00526685
3 0.663013 0.199614 0.00466418 0.0059691
3 0.220149 0.189958 0.00419776 0.00772472
3 0.297924 0.18434 0.00349813 0.00421348
3 0.778801 0.171699 0.00489739 0.00842697
3 0.485658 0.169593 0.00349813 0.00561798
3 0.642607 0.171699 0.00956157 0.0126404
3 0.753848 0.163624 0.00349813 0.00491573
3 0.754431 0.158006 0.00326493 0.00491573
3 0.468867 0.156426 0.00816231 0.00667135
3 0.718284 0.135183 0.00326493 0.00561798
3 0.46945 0.135183 0.00839552 0.00912921
3 0.19438 0.126931 0.00443097 0.0059691
3 0.220849 0.125 0.00186567 0.00280899
3 0.207439 0.12184 0.00349813 0.00491573
3 0.221432 0.118329 0.00349813 0.00561798
3 0.253731 0.0914677 0.00466418 0.0059691
3 0.698811 0.0797051 0.00303172 0.00561798
3 0.390625 0.0823385 0.00652985 0.0108848
3 0.226096 0.0558287 0.00722948 0.00912921
3 0.541861 0.0402037 0.00349813 0.00526685
3 0.696362 0.0145716 0.00419776 0.0059691
