0 0.512593 0.889747 0.00233209 0.00421348
0 0.533116 0.889045 0.00233209 0.00351124
0 0.508162 0.881496 0.00279851 0.00456461
0 0.514576 0.881145 0.00489739 0.0101826
0 0.536031 0.879565 0.00303172 0.00772472
0 0.545126 0.877107 0.00163246 0.00421348
0 0.491021 0.875702 0.00303172 0.00491573
0 0.527635 0.874122 0.00209888 0.00526685
0 0.519123 0.87342 0.00419776 0.0073736
0 0.55632 0.866222 0.00396455 0.00772472
0 0.569263 0.862535 0.00699627 0.0165028
0 0.54979 0.861306 0.00536381 0.0140449
0 0.561917 0.863237 0.00536381 0.0207163
0 0.54466 0.862184 0.00536381 0.0186096
0 0.484025 0.860077 0.0114272 0.0143961
0 0.737057 0.855337 0.00396455 0.00632022
0 0.580807 0.852177 0.00629664 0.0126404
0 0.536147 0.830758 0.00186567 0.00210674
0 0.568797 0.841292 0.0209888 0.0280899
0 0.585471 0.83111 0.00722948 0.011236
0 0.576842 0.826721 0.00816231 0.0108848
0 0.434235 0.819698 0.00373134 0.00386236
0 0.563783 0.818645 0.00116604 0.00316011
0 0.555737 0.820049 0.00233209 0.0073736
0 0.443214 0.822156 0.00816231 0.0179073
0 0.556437 0.812676 0.00139925 0.00245787
0 0.438783 0.812324 0.00209888 0.00456461
0 0.458372 0.808111 0.00209888 0.0059691
0 0.481693 0.805126 0.00303172 0.0126404
0 0.551539 0.795646 0.00326493 0.00561798
0 0.578008 0.806882 0.0282183 0.0294944
0 0.448228 0.803546 0.00699627 0.0249298
0 0.477962 0.794242 0.00583022 0.00702247
0 0.46805 0.792662 0.00373134 0.00386236
0 0.592234 0.793539 0.00583022 0.011236
0 0.56868 0.787921 0.00209888 0.00351124
0 0.564366 0.787746 0.00233209 0.00526685
0 0.580924 0.786692 0.00326493 0.00386236
0 0.475047 0.787746 0.00746269 0.0108848
0 0.465602 0.784761 0.00676306 0.00912921
0 0.392607 0.77967 0.00396455 0.0059691
0 0.497435 0.776861 0.00233209 0.0101826
0 0.402985 0.774579 0.00373134 0.00561798
0 0.596665 0.783532 0.0104944 0.0249298
0 0.57486 0.771243 0.00606343 0.0101826
0 0.480177 0.764923 0.00559701 0.00877809
0 0.477612 0.757374 0.00139925 0.00280899
0 0.630131 0.759129 0.00419776 0.00702247
0 0.479478 0.753336 0.00233209 0.00456461
0 0.478078 0.749122 0.00606343 0.00386236
0 0.465602 0.748244 0.00209888 0.00280899
0 0.731227 0.747191 0.00349813 0.00491573
0 0.474114 0.745787 0.00233209 0.00491573
0 0.589902 0.741222 0.0025653 0.00421348
0 0.469916 0.742626 0.00839552 0.011236
0 0.365788 0.741924 0.00396455 0.0126404
0 0.472248 0.734902 0.00326493 0.00351124
0 0.478545 0.737711 0.00559701 0.011236
0 0.592118 0.732444 0.00279851 0.00421348
0 0.351446 0.732619 0.00419776 0.00667135
0 0.605294 0.728933 0.00163246 0.00351124
0 0.747668 0.729284 0.00373134 0.00491573
0 0.595849 0.728406 0.00186567 0.00386236
0 0.603312 0.724017 0.00139925 0.00421348
0 0.478778 0.726299 0.00606343 0.0122893
0 0.620686 0.71875 0.00209888 0.00421348
0 0.463736 0.719803 0.00862873 0.0147472
0 0.448461 0.715239 0.00326493 0.00561798
0 0.48076 0.713132 0.00209888 0.00280899
0 0.594333 0.713132 0.00209888 0.00351124
0 0.463736 0.709972 0.0025653 0.00280899
0 0.11917 0.712254 0.0079291 0.0136938
0 0.589552 0.70927 0.0051306 0.00983146
0 0.616488 0.706285 0.00303172 0.00456461
0 0.602845 0.712079 0.0135261 0.0196629
0 0.645872 0.706285 0.00862873 0.0108848
0 0.482743 0.705407 0.00326493 0.00912921
0 0.662197 0.701721 0.00349813 0.00386236
0 0.133279 0.711201 0.0137593 0.0235253
0 0.657416 0.702072 0.00419776 0.00667135
0 0.5934 0.69698 0.00163246 0.00421348
0 0.48076 0.695576 0.00163246 0.00280899
0 0.475163 0.6954 0.00303172 0.00316011
0 0.46805 0.699263 0.0191231 0.0179073
0 0.463736 0.701018 0.000699627 0.00105337
0 0.655784 0.691011 0.00279851 0.00491573
0 0.476912 0.690836 0.00233209 0.00456461
0 0.659865 0.688202 0.00303172 0.00351124
0 0.634795 0.688553 0.00932836 0.0126404
0 0.651236 0.685744 0.00396455 0.0105337
0 0.519473 0.681706 0.00303172 0.00386236
0 0.467118 0.67802 0.00186567 0.00280899
0 0.647388 0.680302 0.00419776 0.00877809
0 0.463036 0.676791 0.00303172 0.00526685
0 0.601329 0.676966 0.00303172 0.00702247
0 0.594799 0.6796 0.00536381 0.0129916
0 0.483442 0.670471 0.00699627 0.00386236
0 0.573228 0.674157 0.0079291 0.0126404
0 0.518773 0.668364 0.00163246 0.00386236
0 0.673741 0.668188 0.00233209 0.00491573
0 0.531483 0.668013 0.00746269 0.00526685
0 0.616954 0.69382 0.0305504 0.0589888
0 0.608559 0.676088 0.000699627 0.00105337
0 0.664995 0.663097 0.00349813 0.00526685
0 0.433186 0.661692 0.00349813 0.00316011
0 0.517607 0.661166 0.0025653 0.00280899
0 0.52472 0.660463 0.00233209 0.00421348
0 0.668493 0.662044 0.00303172 0.00948034
0 0.478895 0.66099 0.00536381 0.00807584
0 0.522738 0.657479 0.00163246 0.00245787
0 0.419776 0.662219 0.0163246 0.0154494
0 0.661381 0.65309 0.00326493 0.00421348
0 0.658349 0.652563 0.00186567 0.00456461
0 0.508396 0.658357 0.00932836 0.0203652
0 0.652169 0.648525 0.00489739 0.00772472
0 0.529035 0.643258 0.0025653 0.00421348
0 0.508396 0.641503 0.00699627 0.00491573
0 0.604711 0.64835 0.020056 0.022823
0 0.529384 0.636412 0.00326493 0.00316011
0 0.51959 0.635007 0.00279851 0.0059691
0 0.515508 0.63132 0.00116604 0.00210674
0 0.434585 0.640098 0.015625 0.0224719
0 0.516908 0.628687 0.00116604 0.00175562
0 0.658232 0.634656 0.0118937 0.0150983
0 0.502682 0.62816 0.00209888 0.00280899
0 0.580107 0.635183 0.0118937 0.0182584
0 0.547458 0.627633 0.0025653 0.00316011
0 0.0854711 0.629389 0.00396455 0.0101826
0 0.584538 0.627107 0.00583022 0.00632022
0 0.512243 0.626053 0.00443097 0.00561798
0 0.511311 0.626931 0.000699627 0.00105337
0 0.571945 0.622718 0.00676306 0.0101826
0 0.324044 0.618329 0.00722948 0.0119382
0 0.667094 0.617451 0.00862873 0.0122893
0 0.651586 0.611306 0.00559701 0.00842697
0 0.33174 0.608848 0.0104944 0.00772472
0 0.682603 0.605688 0.00233209 0.00351124
0 0.585471 0.602528 0.00209888 0.00351124
0 0.569846 0.60323 0.0123601 0.0126404
0 0.450093 0.595154 0.00233209 0.00280899
0 0.570546 0.595857 0.0025653 0.00561798
0 0.441698 0.597437 0.00326493 0.00948034
0 0.584538 0.590765 0.00209888 0.00386236
0 0.607976 0.589537 0.00233209 0.00491573
0 0.520522 0.589185 0.00373134 0.00491573
0 0.347365 0.588132 0.00209888 0.00280899
0 0.567631 0.588308 0.00419776 0.00807584
0 0.501166 0.580583 0.00233209 0.00386236
0 0.503965 0.579354 0.00186567 0.00280899
0 0.354478 0.579881 0.00233209 0.00386236
0 0.346665 0.581636 0.00349813 0.0073736
0 0.45709 0.578301 0.00419776 0.00491573
0 0.646572 0.579003 0.00349813 0.00842697
0 0.515625 0.574438 0.00233209 0.00351124
0 0.34958 0.574438 0.00186567 0.00351124
0 0.464202 0.574087 0.00443097 0.00421348
0 0.655434 0.573034 0.0025653 0.00421348
0 0.489972 0.574965 0.00466418 0.00877809
0 0.508279 0.573912 0.00676306 0.00807584
0 0.66313 0.572156 0.00536381 0.00526685
0 0.513876 0.568294 0.00209888 0.00105337
0 0.350047 0.569171 0.00233209 0.00491573
0 0.502215 0.567942 0.00209888 0.00316011
0 0.448111 0.570927 0.00349813 0.00983146
0 0.463736 0.566187 0.0025653 0.00386236
0 0.485308 0.564958 0.00233209 0.00351124
0 0.45674 0.563378 0.00303172 0.00386236
0 0.506063 0.562676 0.00279851 0.00386236
0 0.462104 0.620611 0.0534049 0.120435
0 0.665345 0.562324 0.00279851 0.00456461
0 0.345266 0.561973 0.00396455 0.00456461
0 0.465718 0.560042 0.00186567 0.00632022
0 0.351446 0.559164 0.00419776 0.0059691
0 0.476096 0.556882 0.00163246 0.00280899
0 0.471782 0.557233 0.00466418 0.00561798
0 0.535681 0.555302 0.00373134 0.00456461
0 0.482043 0.555126 0.00373134 0.00421348
0 0.493937 0.553546 0.00279851 0.00948034
0 0.361357 0.554775 0.0076959 0.0126404
0 0.546525 0.551615 0.00396455 0.00702247
0 0.46805 0.54986 0.00233209 0.00351124
0 0.644706 0.561096 0.0188899 0.0358146
0 0.651119 0.562149 0.00233209 0.00491573
0 0.651236 0.543539 0.00209888 0.00351124
0 0.528801 0.541081 0.00583022 0.00421348
0 0.658582 0.54073 0.00466418 0.00491573
0 0.652285 0.539326 0.00279851 0.00351124
0 0.347948 0.539853 0.0125933 0.020014
0 0.32416 0.530548 0.0051306 0.00772472
0 0.638876 0.522647 0.00163246 0.00386236
0 0.644823 0.524754 0.00979478 0.0101826
0 0.645173 0.525808 0.000699627 0.00105337
0 0.635728 0.516503 0.00186567 0.00210674
0 0.529967 0.525105 0.015625 0.020014
0 0.648904 0.515098 0.00163246 0.00210674
0 0.634678 0.513694 0.0025653 0.00421348
0 0.371152 0.520892 0.0202892 0.0207163
0 0.385844 0.518961 0.00816231 0.0175562
0 0.512593 0.517381 0.011194 0.0172051
0 0.664412 0.508778 0.00186567 0.00280899
0 0.645522 0.499298 0.00279851 0.00421348
0 0.409748 0.522647 0.0359142 0.0509129
0 0.629548 0.494206 0.00303172 0.00667135
0 0.388176 0.495611 0.0109608 0.0122893
0 0.658582 0.496138 0.0107276 0.0203652
0 0.595266 0.487184 0.0025653 0.00456461
0 0.361007 0.488413 0.00419776 0.00772472
0 0.537197 0.479986 0.00163246 0.00280899
0 0.410331 0.480688 0.00349813 0.00561798
0 0.517024 0.481215 0.00419776 0.0073736
0 0.534398 0.478933 0.00163246 0.00351124
0 0.473997 0.47823 0.00349813 0.00842697
0 0.476562 0.470154 0.00163246 0.00280899
0 0.560984 0.469979 0.00209888 0.00316011
0 0.523088 0.47033 0.00326493 0.00386236
0 0.413596 0.470506 0.00209888 0.00421348
0 0.528685 0.468223 0.00233209 0.00316011
0 0.554571 0.463132 0.00233209 0.00421348
0 0.545592 0.462956 0.00209888 0.00456461
0 0.551772 0.461728 0.00233209 0.00351124
0 0.484958 0.461025 0.0025653 0.00421348
0 0.604011 0.45927 0.00186567 0.00351124
0 0.542211 0.459094 0.00233209 0.00386236
0 0.608442 0.456636 0.00233209 0.00316011
0 0.497901 0.456812 0.00186567 0.00351124
0 0.61229 0.454354 0.00209888 0.00280899
0 0.544776 0.454705 0.00233209 0.00351124
0 0.381646 0.456636 0.00443097 0.00877809
0 0.576959 0.448385 0.00279851 0.00280899
0 0.58757 0.457163 0.0146922 0.0231742
0 0.516674 0.455232 0.00909515 0.0235253
0 0.579874 0.444522 0.00303172 0.00491573
0 0.514109 0.439782 0.00349813 0.00456461
0 0.38806 0.442416 0.0130597 0.0105337
0 0.373834 0.436973 0.00606343 0.00948034
0 0.611007 0.435218 0.00606343 0.00948034
0 0.485191 0.438202 0.0249534 0.0266854
0 0.535448 0.442591 0.03125 0.0375702
0 0.366488 0.428897 0.00722948 0.0101826
0 0.58069 0.422226 0.00233209 0.00456461
0 0.50653 0.430653 0.0153918 0.0326545
0 0.674324 0.414326 0.00956157 0.0154494
0 0.519473 0.418364 0.0076959 0.0242275
0 0.479244 0.405197 0.00326493 0.00772472
0 0.498951 0.404319 0.00722948 0.0150983
0 0.489739 0.409059 0.014459 0.0259831
0 0.471549 0.397121 0.00279851 0.00351124
0 0.666045 0.397823 0.00932836 0.0140449
0 0.48834 0.392029 0.00233209 0.00316011
0 0.494053 0.391678 0.00536381 0.00526685
0 0.496269 0.38606 0.00279851 0.0073736
0 0.643307 0.389221 0.00583022 0.0207163
0 0.566348 0.380969 0.00303172 0.00561798
0 0.580224 0.381847 0.00326493 0.00807584
0 0.469683 0.384831 0.00699627 0.0147472
0 0.464202 0.37974 0.00349813 0.00526685
0 0.386544 0.392556 0.0263526 0.0379213
0 0.44986 0.375 0.00373134 0.0119382
0 0.447178 0.366397 0.00209888 0.00316011
0 0.388876 0.367626 0.00349813 0.00561798
0 0.566348 0.366749 0.00303172 0.00456461
0 0.486357 0.360253 0.00209888 0.00351124
0 0.423391 0.360077 0.0142257 0.0115871
0 0.613923 0.352001 0.00489739 0.00877809
0 0.44368 0.348841 0.00536381 0.00948034
0 0.432253 0.34691 0.00536381 0.00702247
0 0.400653 0.340941 0.00466418 0.00772472
0 0.610191 0.341643 0.00629664 0.011236
0 0.449977 0.338308 0.0025653 0.00877809
0 0.480644 0.334094 0.00186567 0.00245787
0 0.548741 0.335323 0.00233209 0.00632022
0 0.548391 0.313729 0.00443097 0.0158006
0 0.529734 0.315485 0.0128265 0.0305478
0 0.513293 0.289853 0.00233209 0.00456461
0 0.50618 0.289853 0.00536381 0.0073736
0 0.516441 0.281426 0.00209888 0.00316011
0 0.51959 0.27019 0.00746269 0.0165028
0 0.528451 0.258251 0.00419776 0.00807584
0 0.457556 0.246138 0.00373134 0.00561798
0 0.16861 0.22349 0.00326493 0.0108848
0 0.413363 0.219452 0.00396455 0.00632022
0 0.465835 0.221559 0.00489739 0.0133427
0 0.413596 0.209972 0.00489739 0.00702247
0 0.48111 0.205232 0.00606343 0.0073736
0 0.480177 0.192416 0.00233209 0.00280899
0 0.173158 0.195576 0.00349813 0.00912921
0 0.475863 0.186798 0.00396455 0.00632022
0 0.490089 0.178897 0.00583022 0.00948034
0 0.483909 0.175386 0.00279851 0.00456461
0 0.483442 0.169066 0.00279851 0.00667135
0 0.489622 0.166608 0.00303172 0.00456461
0 0.534515 0.161166 0.00279851 0.00561798
0 0.477146 0.138694 0.00932836 0.00983146
0 0.593517 0.136236 0.00559701 0.00842697
0 0.259445 0.0607444 0.0025653 0.00421348
0 0.240322 0.0470506 0.00349813 0.00912921
0 0.2493 0.049684 0.0107276 0.0150983
0 0.391208 0.041257 0.00303172 0.00807584
0 0.262477 0.0400281 0.00583022 0.011236
0 0.251516 0.0265098 0.00396455 0.00948034
0 0.243237 0.0254565 0.00326493 0.00877809
0 0.26889 0.0163272 0.00466418 0.00526685
1 0.187267 0.848315 0.0107276 0.00912921
1 0.477962 0.839888 0.0174907 0.00912921
1 0.508862 0.830758 0.00839552 0.0154494
1 0.522505 0.772121 0.0104944 0.0196629
1 0.277519 0.756847 0.0177239 0.0270365
1 0.588036 0.752282 0.0263526 0.0193118
1 0.439599 0.722788 0.00606343 0.0073736
1 0.619053 0.732619 0.0170243 0.036868
1 0.389226 0.717872 0.0191231 0.0277388
1 0.146688 0.711552 0.0130597 0.0249298
1 0.634678 0.658357 0.00536381 0.00772472
1 0.579641 0.654494 0.0076959 0.00912921
1 0.628032 0.639747 0.00559701 0.00983146
1 0.634562 0.627633 0.011194 0.0150983
1 0.625466 0.612886 0.0135261 0.0235253
1 0.650886 0.593399 0.0158582 0.0203652
1 0.63083 0.576194 0.0130597 0.0294944
1 0.614506 0.562851 0.00419776 0.0147472
1 0.54326 0.560042 0.00489739 0.0133427
1 0.562617 0.555478 0.00956157 0.0196629
1 0.613806 0.548455 0.0102612 0.00912921
1 0.671875 0.545646 0.00606343 0.011236
1 0.632463 0.540906 0.00559701 0.00456461
1 0.564949 0.533532 0.00629664 0.0129916
1 0.597598 0.539501 0.0221549 0.0677669
1 0.566231 0.501053 0.014459 0.0168539
1 0.469916 0.496489 0.0121269 0.0182584
1 0.433652 0.46401 0.0216884 0.0298455
1 0.559585 0.45769 0.00676306 0.0179073
1 0.567747 0.437851 0.00536381 0.0126404
1 0.644123 0.44066 0.0139925 0.0231742
1 0.452659 0.419768 0.0177239 0.03125
1 0.53778 0.406074 0.011194 0.0143961
1 0.773088 0.398876 0.0219216 0.0365169
1 0.603312 0.379565 0.0116604 0.0168539
1 0.688083 0.371664 0.0230877 0.0354635
1 0.665695 0.346032 0.00396455 0.00456461
1 0.566698 0.330407 0.00746269 0.0126404
1 0.586404 0.325316 0.00536381 0.0129916
1 0.571479 0.313904 0.0198228 0.0301966
1 0.671409 0.252809 0.0223881 0.0393258
1 0.691115 0.222963 0.00909515 0.0161517
1 0.727262 0.225421 0.0123601 0.0273876
1 0.495336 0.191889 0.0139925 0.0143961
1 0.458372 0.170295 0.00816231 0.00983146
1 0.247785 0.146419 0.0104944 0.0175562
1 0.16791 0.147647 0.0121269 0.0431882
1 0.316231 0.0840941 0.0102612 0.0150983
1 0.253382 0.00807584 0.0104944 0.0140449
3 0.588619 0.932935 0.00233209 0.00421348
3 0.66173 0.928722 0.00676306 0.011236
3 0.207789 0.91099 0.00279851 0.00456461
3 0.469333 0.909937 0.00209888 0.00316011
3 0.664412 0.910639 0.00559701 0.00877809
3 0.480993 0.89361 0.00443097 0.00772472
3 0.225163 0.880794 0.00349813 0.0059691
3 0.494753 0.879038 0.00349813 0.0059691
3 0.613223 0.874298 0.00116604 0.00210674
3 0.609375 0.868855 0.00373134 0.0059691
3 0.467001 0.865169 0.00303172 0.00561798
3 0.641441 0.86394 0.00396455 0.0059691
3 0.247085 0.863237 0.00489739 0.0073736
3 0.51236 0.860253 0.00419776 0.00491573
3 0.364506 0.858497 0.00279851 0.00491573
3 0.202775 0.860428 0.00676306 0.0108848
3 0.614506 0.832163 0.00279851 0.00491573
3 0.501166 0.824438 0.00606343 0.00772472
3 0.642607 0.811447 0.00443097 0.00632022
3 0.523088 0.805302 0.00326493 0.00526685
3 0.365672 0.800035 0.00373134 0.0059691
3 0.678055 0.78757 0.00349813 0.00632022
3 0.641325 0.773876 0.00139925 0.00280899
3 0.414646 0.775281 0.00419776 0.00702247
3 0.538713 0.771243 0.00279851 0.00316011
3 0.649254 0.765625 0.00139925 0.00245787
3 0.470965 0.762465 0.00349813 0.0073736
3 0.565765 0.760007 0.00466418 0.0059691
3 0.755014 0.760358 0.00536381 0.00877809
3 0.306437 0.708041 0.00419776 0.00667135
3 0.739156 0.706987 0.00396455 0.00667135
3 0.553172 0.705232 0.00233209 0.00316011
3 0.277402 0.692416 0.00396455 0.00561798
3 0.532533 0.650456 0.0025653 0.00386236
3 0.647388 0.640801 0.00373134 0.00632022
3 0.606227 0.612711 0.00303172 0.00421348
3 0.532183 0.608848 0.00419776 0.00632022
3 0.539179 0.609199 0.00466418 0.00772472
3 0.641325 0.589361 0.00279851 0.00526685
3 0.541744 0.539326 0.00279851 0.00421348
3 0.55049 0.524052 0.00536381 0.00667135
3 0.491021 0.52335 0.00349813 0.00526685
3 0.443797 0.516854 0.00326493 0.00561798
3 0.671292 0.515625 0.0025653 0.00456461
3 0.498951 0.510885 0.00443097 0.00632022
3 0.670826 0.506496 0.0025653 0.00386236
3 0.50548 0.501404 0.0025653 0.00351124
3 0.44333 0.497893 0.00279851 0.00421348
3 0.680504 0.494031 0.00233209 0.00280899
3 0.338036 0.485779 0.00396455 0.00667135
3 0.332206 0.485428 0.00443097 0.0073736
3 0.449277 0.469628 0.00303172 0.00526685
3 0.655784 0.457163 0.00373134 0.00632022
3 0.721199 0.441889 0.00583022 0.00877809
3 0.573577 0.431882 0.00303172 0.00632022
3 0.791978 0.396594 0.0051306 0.0073736
3 0.351796 0.388518 0.00676306 0.00877809
3 0.701842 0.359551 0.00396455 0.00632022
3 0.697994 0.355337 0.00419776 0.00632022
3 0.648904 0.33901 0.00349813 0.0059691
3 0.632346 0.331285 0.00489739 0.0073736
3 0.590485 0.316889 0.00326493 0.00526685
3 0.322878 0.315485 0.00629664 0.00948034
3 0.49417 0.306706 0.00186567 0.00316011
3 0.759678 0.252985 0.00536381 0.00877809
3 0.478428 0.248596 0.00209888 0.00351124
3 0.48041 0.242626 0.00233209 0.00421348
3 0.578242 0.233497 0.00396455 0.00561798
3 0.146339 0.221032 0.00629664 0.00948034
3 0.485424 0.197156 0.00489739 0.0073736
3 0.578125 0.188904 0.00419776 0.00702247
3 0.502565 0.178722 0.00326493 0.00491573
3 0.523904 0.169066 0.00349813 0.0059691
3 0.714319 0.168539 0.0079291 0.0119382
3 0.340368 0.138869 0.00676306 0.00948034
3 0.685168 0.124122 0.0051306 0.00807584
3 0.57521 0.0918188 0.00536381 0.0073736
3 0.307136 0.0632022 0.00373134 0.00491573
3 0.428172 0.0286166 0.00279851 0.00456461
3 0.435285 0.0273876 0.00629664 0.0105337
