0 0.635844 0.890098 0.00163246 0.00280899
0 0.646572 0.885885 0.00209888 0.00351124
0 0.619753 0.885534 0.00722948 0.00772472
0 0.259678 0.885534 0.00536381 0.00772472
0 0.648554 0.871489 0.00233209 0.00280899
0 0.676656 0.840765 0.00209888 0.00316011
0 0.475163 0.814607 0.00209888 0.00421348
0 0.218983 0.810393 0.00652985 0.00772472
0 0.479711 0.803722 0.00186567 0.00280899
0 0.660448 0.802142 0.00186567 0.00245787
0 0.50688 0.800386 0.00209888 0.00456461
0 0.463736 0.797753 0.0025653 0.00561798
0 0.540462 0.788448 0.00116604 0.00175562
0 0.49452 0.786517 0.00209888 0.00351124
0 0.479594 0.782654 0.00163246 0.00280899
0 0.523554 0.78283 0.00186567 0.0073736
0 0.525886 0.779143 0.00139925 0.00421348
0 0.465485 0.77809 0.00186567 0.00280899
0 0.535914 0.776861 0.00326493 0.00667135
0 0.410914 0.772999 0.00186567 0.00386236
0 0.485075 0.774228 0.00466418 0.00842697
0 0.526586 0.768961 0.00233209 0.00421348
0 0.465835 0.768083 0.00163246 0.00316011
0 0.500117 0.768961 0.00396455 0.00702247
0 0.490089 0.766327 0.00209888 0.00245787
0 0.410681 0.766678 0.00186567 0.00316011
0 0.446712 0.766503 0.0025653 0.00351124
0 0.52472 0.765449 0.00186567 0.00351124
0 0.459538 0.765098 0.00489739 0.00421348
0 0.55702 0.761236 0.00209888 0.00280899
0 0.552472 0.763869 0.00419776 0.00877809
0 0.509328 0.763694 0.0079291 0.0105337
0 0.510378 0.763518 0.000699627 0.00105337
0 0.460938 0.759129 0.000699627 0.00210674
0 0.483442 0.760885 0.00699627 0.00772472
0 0.5309 0.757198 0.0025653 0.0059691
0 0.406716 0.754565 0.00233209 0.00210674
0 0.485774 0.754565 0.00233209 0.00351124
0 0.425723 0.75474 0.00163246 0.00456461
0 0.491838 0.754213 0.00466418 0.00491573
0 0.422808 0.75316 0.00279851 0.00421348
0 0.408815 0.753511 0.00326493 0.00491573
0 0.467234 0.751931 0.00209888 0.00386236
0 0.463853 0.75158 0.00186567 0.00316011
0 0.565415 0.75158 0.0025653 0.00386236
0 0.478078 0.749473 0.00186567 0.00386236
0 0.529151 0.751229 0.0051306 0.00877809
0 0.466301 0.749298 0.00209888 0.00491573
0 0.527752 0.747718 0.00186567 0.00245787
0 0.507463 0.75 0.00839552 0.00842697
0 0.456856 0.747367 0.00233209 0.00526685
0 0.516441 0.747893 0.00722948 0.00702247
0 0.383046 0.745962 0.00163246 0.00316011
0 0.436217 0.744031 0.0025653 0.00351124
0 0.51201 0.743153 0.0025653 0.00316011
0 0.396572 0.743504 0.0025653 0.00386236
0 0.5316 0.743329 0.00489739 0.00561798
0 0.592118 0.74368 0.00326493 0.00702247
0 0.392607 0.742275 0.00209888 0.00421348
0 0.477845 0.742802 0.00559701 0.00807584
0 0.385611 0.741397 0.0025653 0.00526685
0 0.490555 0.740344 0.0025653 0.00456461
0 0.527519 0.738413 0.00233209 0.00140449
0 0.487057 0.74052 0.00209888 0.00561798
0 0.454874 0.735955 0.00163246 0.00280899
0 0.460121 0.735955 0.00466418 0.00632022
0 0.452892 0.734551 0.00233209 0.00351124
0 0.522155 0.734024 0.00373134 0.00667135
0 0.547691 0.735779 0.00396455 0.0108848
0 0.451726 0.73139 0.00139925 0.00210674
0 0.507696 0.731039 0.00186567 0.00351124
0 0.517024 0.729459 0.00233209 0.00316011
0 0.504081 0.728933 0.0025653 0.00421348
0 0.580924 0.727879 0.00233209 0.00280899
0 0.411031 0.727704 0.00163246 0.00245787
0 0.480061 0.72823 0.00443097 0.00421348
0 0.500933 0.726299 0.00233209 0.00386236
0 0.557369 0.726124 0.00326493 0.00421348
0 0.475163 0.72665 0.0025653 0.00526685
0 0.524487 0.724895 0.00233209 0.00316011
0 0.533582 0.726124 0.00326493 0.00772472
0 0.433535 0.72349 0.00139925 0.00245787
0 0.442747 0.723666 0.00303172 0.00351124
0 0.494869 0.72349 0.00186567 0.00386236
0 0.416744 0.722612 0.00139925 0.00210674
0 0.482043 0.721383 0.00186567 0.00245787
0 0.523204 0.720681 0.00303172 0.00316011
0 0.547691 0.722261 0.00629664 0.00912921
0 0.528918 0.719101 0.00233209 0.00280899
0 0.553871 0.720681 0.0051306 0.00667135
0 0.484375 0.718574 0.00279851 0.00386236
0 0.48834 0.717521 0.00326493 0.00316011
0 0.496968 0.715765 0.00139925 0.00316011
0 0.463853 0.716468 0.00186567 0.00456461
0 0.507696 0.716994 0.0051306 0.00702247
0 0.467001 0.714888 0.00209888 0.00280899
0 0.515159 0.713834 0.00326493 0.00491573
0 0.536264 0.714185 0.0025653 0.00632022
0 0.526353 0.713132 0.00373134 0.00491573
0 0.478661 0.711903 0.00209888 0.00245787
0 0.511544 0.711376 0.00163246 0.00280899
0 0.395756 0.707514 0.00279851 0.00491573
0 0.487407 0.706636 0.00373134 0.00526685
0 0.530317 0.706636 0.00419776 0.00667135
0 0.403102 0.703827 0.00116604 0.00175562
0 0.535564 0.703827 0.00163246 0.00245787
0 0.571012 0.705056 0.00163246 0.00561798
0 0.374067 0.703827 0.00139925 0.00316011
0 0.471432 0.703301 0.00209888 0.00280899
0 0.538013 0.704178 0.00373134 0.0108848
0 0.571362 0.698034 0.00186567 0.00351124
0 0.479244 0.697507 0.00373134 0.00456461
0 0.554804 0.697156 0.00279851 0.00456461
0 0.465019 0.694522 0.00186567 0.00280899
0 0.507579 0.694522 0.0025653 0.00421348
0 0.459888 0.694171 0.00233209 0.00842697
0 0.376632 0.690836 0.00326493 0.00245787
0 0.360191 0.690309 0.00163246 0.00351124
0 0.479594 0.689607 0.00209888 0.00351124
0 0.461287 0.6875 0.00186567 0.00280899
0 0.579058 0.687324 0.00233209 0.00386236
0 0.560751 0.686096 0.00209888 0.00351124
0 0.548391 0.689431 0.00583022 0.0101826
0 0.588036 0.687676 0.00349813 0.0073736
0 0.489272 0.685218 0.00139925 0.00245787
0 0.335938 0.683462 0.00209888 0.00456461
0 0.612523 0.682058 0.00116604 0.00245787
0 0.566698 0.681355 0.00279851 0.00526685
0 0.52507 0.68118 0.00303172 0.00561798
0 0.603195 0.678371 0.00163246 0.00351124
0 0.342584 0.678722 0.00279851 0.00491573
0 0.554104 0.677844 0.00233209 0.00386236
0 0.511894 0.680478 0.00699627 0.0105337
0 0.529151 0.676966 0.00139925 0.00421348
0 0.63736 0.67486 0.00186567 0.00280899
0 0.359841 0.674333 0.000932836 0.00175562
0 0.421292 0.674508 0.00163246 0.00280899
0 0.552822 0.673806 0.0025653 0.00210674
0 0.474347 0.673631 0.00326493 0.00526685
0 0.528102 0.672577 0.0025653 0.00386236
0 0.520639 0.675562 0.00349813 0.00983146
0 0.438783 0.673455 0.00349813 0.00561798
0 0.614622 0.671173 0.00163246 0.00245787
0 0.492887 0.672226 0.00303172 0.00456461
0 0.617887 0.671699 0.0025653 0.00491573
0 0.215835 0.671699 0.00303172 0.00491573
0 0.532882 0.673631 0.00419776 0.0122893
0 0.582206 0.668188 0.00163246 0.00280899
0 0.343867 0.668188 0.00116604 0.00280899
0 0.617071 0.666959 0.00186567 0.00316011
0 0.330574 0.666433 0.00163246 0.00210674
0 0.349347 0.669242 0.00559701 0.00912921
0 0.497551 0.666081 0.00209888 0.00351124
0 0.484725 0.667486 0.00396455 0.00632022
0 0.411031 0.666608 0.00443097 0.0059691
0 0.395056 0.664326 0.00139925 0.00351124
0 0.339436 0.663097 0.00163246 0.00245787
0 0.417444 0.666608 0.00746269 0.0115871
0 0.368354 0.662395 0.0025653 0.00316011
0 0.358442 0.662746 0.00233209 0.00456461
0 0.319613 0.661868 0.00349813 0.00280899
0 0.522971 0.661517 0.0025653 0.00280899
0 0.426423 0.66573 0.00956157 0.0119382
0 0.402985 0.659937 0.00139925 0.00245787
0 0.598997 0.661341 0.0025653 0.0073736
0 0.406133 0.659059 0.00116604 0.00351124
0 0.577775 0.65941 0.00443097 0.00491573
0 0.386194 0.659059 0.00279851 0.00421348
0 0.3757 0.663448 0.00932836 0.0129916
0 0.366138 0.65783 0.00326493 0.00316011
0 0.409049 0.656601 0.000932836 0.00140449
0 0.489739 0.657479 0.00233209 0.00386236
0 0.327192 0.656426 0.00233209 0.00245787
0 0.503148 0.658532 0.00536381 0.00877809
0 0.483326 0.655372 0.00209888 0.00386236
0 0.415229 0.656426 0.00303172 0.0059691
0 0.526119 0.655723 0.00419776 0.00667135
0 0.588503 0.652212 0.00163246 0.00245787
0 0.601679 0.651861 0.00186567 0.00245787
0 0.323811 0.650456 0.00163246 0.00245787
0 0.494286 0.650456 0.0025653 0.00386236
0 0.429338 0.650808 0.00279851 0.00456461
0 0.420826 0.652388 0.00536381 0.00842697
0 0.691698 0.649228 0.00279851 0.00351124
0 0.50618 0.649579 0.0025653 0.00421348
0 0.497201 0.650105 0.00233209 0.00526685
0 0.474114 0.655899 0.0125933 0.0182584
0 0.477962 0.657128 0.000699627 0.00105337
0 0.390042 0.647121 0.00163246 0.00702247
0 0.588036 0.645716 0.00303172 0.00491573
0 0.480177 0.644663 0.00233209 0.00351124
0 0.49452 0.643785 0.00209888 0.00245787
0 0.344566 0.646243 0.00536381 0.00948034
0 0.366488 0.642205 0.0025653 0.00351124
0 0.434118 0.644663 0.00722948 0.00912921
0 0.597948 0.640976 0.00186567 0.00245787
0 0.355877 0.64519 0.00466418 0.0143961
0 0.422575 0.639396 0.00186567 0.00421348
0 0.389226 0.640274 0.00326493 0.0073736
0 0.608326 0.639396 0.00396455 0.00632022
0 0.599464 0.635534 0.00116604 0.00280899
0 0.585938 0.635534 0.00303172 0.00351124
0 0.650653 0.634656 0.00139925 0.00245787
0 0.584422 0.633603 0.00186567 0.00316011
0 0.592234 0.632725 0.00163246 0.00210674
0 0.58174 0.6329 0.00116604 0.00245787
0 0.613573 0.632549 0.00186567 0.00316011
0 0.348414 0.632374 0.00373134 0.00421348
0 0.64972 0.630618 0.00139925 0.00351124
0 0.632929 0.630091 0.00279851 0.00245787
0 0.630131 0.629916 0.00233209 0.00280899
0 0.619986 0.62974 0.00163246 0.00245787
0 0.413013 0.630267 0.00559701 0.00702247
0 0.604361 0.627107 0.0025653 0.00351124
0 0.584188 0.626931 0.00186567 0.00316011
0 0.595149 0.627458 0.00279851 0.00772472
0 0.602146 0.623771 0.00186567 0.00245787
0 0.586521 0.621489 0.00186567 0.00210674
0 0.601446 0.620962 0.00186567 0.00245787
0 0.629431 0.620611 0.00186567 0.00316011
0 0.596199 0.62026 0.00163246 0.00245787
0 0.515975 0.621138 0.0025653 0.00421348
0 0.582556 0.620787 0.00233209 0.00421348
0 0.494753 0.619206 0.00209888 0.00386236
0 0.62535 0.612886 0.00209888 0.00316011
0 0.588853 0.613062 0.00186567 0.00421348
0 0.59923 0.610428 0.00163246 0.00245787
0 0.568563 0.608322 0.00139925 0.00245787
0 0.607626 0.608322 0.0025653 0.00386236
0 0.632929 0.607795 0.00279851 0.00351124
0 0.499883 0.605688 0.00116604 0.00280899
0 0.567864 0.604459 0.00139925 0.00316011
0 0.347132 0.596559 0.00396455 0.00561798
0 0.508745 0.593574 0.00116604 0.00245787
0 0.374767 0.583743 0.000932836 0.00175562
0 0.576376 0.580232 0.0076959 0.0073736
0 0.359608 0.574438 0.00139925 0.00280899
0 0.58792 0.571805 0.00279851 0.00667135
0 0.55562 0.570049 0.0025653 0.00386236
0 0.59375 0.571629 0.00466418 0.00912921
0 0.58034 0.570225 0.00629664 0.00772472
0 0.34445 0.571103 0.0051306 0.0101826
0 0.57521 0.569347 0.00583022 0.00807584
0 0.552006 0.568645 0.00279851 0.00667135
0 0.119869 0.567591 0.00419776 0.0073736
0 0.562383 0.561798 0.00209888 0.00210674
0 0.553521 0.562149 0.00303172 0.00421348
0 0.58174 0.556004 0.00163246 0.00386236
0 0.61952 0.555126 0.00676306 0.011236
0 0.584538 0.551791 0.00303172 0.00877809
0 0.552938 0.547402 0.00186567 0.00140449
0 0.618937 0.546173 0.00139925 0.00245787
0 0.608442 0.546348 0.00139925 0.00280899
0 0.545359 0.547577 0.00583022 0.00877809
0 0.63048 0.548279 0.00489739 0.0122893
0 0.550257 0.543539 0.00163246 0.00351124
0 0.572295 0.547226 0.011194 0.0235253
0 0.500466 0.534937 0.00139925 0.00316011
0 0.557603 0.533006 0.000932836 0.00140449
0 0.625466 0.525983 0.00139925 0.00210674
0 0.515742 0.525105 0.00163246 0.00316011
0 0.605877 0.524052 0.00233209 0.00386236
0 0.580457 0.522647 0.000932836 0.00175562
0 0.623951 0.521594 0.00163246 0.00316011
0 0.627565 0.519312 0.00186567 0.00280899
0 0.530201 0.516503 0.00722948 0.0133427
0 0.559235 0.512114 0.00279851 0.0073736
0 0.620569 0.508603 0.00419776 0.0059691
0 0.555854 0.503336 0.00209888 0.00316011
0 0.628148 0.502985 0.00209888 0.00316011
0 0.538479 0.501404 0.00139925 0.00210674
0 0.626516 0.500702 0.00116604 0.00210674
0 0.549674 0.501229 0.00233209 0.00386236
0 0.597948 0.496489 0.00139925 0.00280899
0 0.629897 0.496489 0.00233209 0.00421348
0 0.633512 0.495435 0.00209888 0.00351124
0 0.120219 0.495435 0.00209888 0.00491573
0 0.546525 0.493329 0.00349813 0.00421348
0 0.480644 0.491573 0.00139925 0.00210674
0 0.504198 0.486657 0.000932836 0.00140449
0 0.537896 0.487008 0.00163246 0.00280899
0 0.554338 0.487008 0.00186567 0.00351124
0 0.548041 0.485604 0.00139925 0.00351124
0 0.540812 0.491397 0.00699627 0.0165028
0 0.61917 0.482971 0.00186567 0.00245787
0 0.0959655 0.482795 0.00209888 0.00351124
0 0.346432 0.480688 0.00209888 0.00491573
0 0.535098 0.479459 0.00209888 0.00386236
0 0.565065 0.478055 0.00186567 0.00456461
0 0.530784 0.476826 0.00186567 0.00351124
0 0.540345 0.475421 0.00186567 0.00280899
0 0.604594 0.474368 0.0025653 0.00702247
0 0.504664 0.46875 0.000932836 0.00140449
0 0.373251 0.458743 0.00629664 0.00807584
0 0.114272 0.455056 0.00233209 0.00491573
0 0.63771 0.453652 0.00163246 0.00280899
0 0.562383 0.453827 0.00209888 0.00316011
0 0.3441 0.456461 0.00209888 0.00842697
0 0.347481 0.455407 0.00466418 0.011236
0 0.52542 0.450667 0.00186567 0.00316011
0 0.364039 0.449965 0.00373134 0.0059691
0 0.51959 0.447331 0.00233209 0.00280899
0 0.623834 0.44856 0.00326493 0.0073736
0 0.583256 0.442065 0.00233209 0.00351124
0 0.359025 0.440309 0.00209888 0.00351124
0 0.379664 0.4375 0.00186567 0.00280899
0 0.35063 0.441538 0.00303172 0.0108848
0 0.372318 0.431882 0.0025653 0.00351124
0 0.516091 0.434867 0.00932836 0.0115871
0 0.746385 0.430829 0.0025653 0.00491573
0 0.61299 0.430653 0.00349813 0.0059691
0 0.48111 0.430829 0.00373134 0.00772472
0 0.519706 0.428546 0.00209888 0.00386236
0 0.403918 0.423631 0.00186567 0.00316011
0 0.460704 0.422051 0.00116604 0.00210674
0 0.511894 0.422577 0.00233209 0.00386236
0 0.484608 0.421699 0.00466418 0.00421348
0 0.58174 0.419417 0.00116604 0.00175562
0 0.657766 0.417486 0.00209888 0.00351124
0 0.474464 0.416257 0.00163246 0.00456461
0 0.384795 0.413272 0.00233209 0.00280899
0 0.386894 0.409059 0.00233209 0.00351124
0 0.576026 0.409761 0.0051306 0.00561798
0 0.371502 0.406074 0.00186567 0.00316011
0 0.404035 0.403265 0.0025653 0.00386236
0 0.617421 0.399228 0.00349813 0.00491573
0 0.498601 0.400105 0.00326493 0.00667135
0 0.383046 0.398525 0.00583022 0.011236
0 0.482043 0.393961 0.00233209 0.00491573
0 0.615788 0.393083 0.0025653 0.00526685
0 0.470266 0.392907 0.00349813 0.00632022
0 0.504548 0.390449 0.00209888 0.00351124
0 0.403918 0.388869 0.00139925 0.00175562
0 0.429921 0.390098 0.0025653 0.00912921
0 0.599347 0.386763 0.00326493 0.00526685
0 0.466185 0.383427 0.00186567 0.00280899
0 0.43785 0.385183 0.00956157 0.00772472
0 0.416395 0.3829 0.00163246 0.00386236
0 0.607043 0.383603 0.00419776 0.00667135
0 0.497085 0.382549 0.00396455 0.00667135
0 0.660914 0.385885 0.00559701 0.0140449
0 0.48834 0.378511 0.00559701 0.00491573
0 0.584305 0.381145 0.00489739 0.0122893
0 0.588619 0.372015 0.00326493 0.00526685
0 0.424324 0.376053 0.00956157 0.0133427
0 0.434002 0.370611 0.00233209 0.00456461
0 0.661964 0.365871 0.00116604 0.00140449
0 0.372551 0.366749 0.00163246 0.00316011
0 0.43062 0.366749 0.00209888 0.00386236
0 0.467001 0.363764 0.00209888 0.00351124
0 0.545709 0.363588 0.00373134 0.00456461
0 0.597015 0.36552 0.00373134 0.0105337
0 0.590485 0.362184 0.00233209 0.0073736
0 0.423158 0.359024 0.00163246 0.00245787
0 0.476562 0.356215 0.0025653 0.00316011
0 0.654967 0.355513 0.00349813 0.00316011
0 0.414412 0.355337 0.00279851 0.00421348
0 0.433535 0.354459 0.00186567 0.00386236
0 0.473764 0.35323 0.00303172 0.00351124
0 0.595732 0.354635 0.00303172 0.00842697
0 0.477962 0.351124 0.00163246 0.00772472
0 0.657649 0.347437 0.00186567 0.00245787
0 0.433069 0.347437 0.00139925 0.00245787
0 0.66173 0.345681 0.00209888 0.00316011
0 0.461521 0.344101 0.00186567 0.00351124
0 0.497901 0.349895 0.00652985 0.0158006
0 0.465019 0.341292 0.00186567 0.00351124
0 0.4375 0.336201 0.00233209 0.00316011
0 0.441465 0.337079 0.00326493 0.00842697
0 0.469333 0.330583 0.00163246 0.00245787
0 0.512593 0.32514 0.00186567 0.00351124
0 0.513293 0.320576 0.00186567 0.00280899
0 0.592118 0.321805 0.00373134 0.00877809
0 0.423624 0.320049 0.00489739 0.00667135
0 0.499534 0.313027 0.00559701 0.00667135
0 0.478312 0.310042 0.00419776 0.00491573
0 0.668843 0.302142 0.000466418 0.00105337
0 0.451143 0.301615 0.00209888 0.00351124
0 0.667327 0.299508 0.0025653 0.00421348
0 0.677938 0.28599 0.00279851 0.00526685
0 0.628148 0.283708 0.00163246 0.00280899
0 0.467467 0.280548 0.00303172 0.00632022
0 0.525303 0.276685 0.00209888 0.00351124
0 0.471898 0.262992 0.00163246 0.00491573
0 0.476096 0.256496 0.00209888 0.00386236
0 0.462687 0.254213 0.00186567 0.00280899
0 0.476096 0.250527 0.00116604 0.00175562
0 0.490205 0.24684 0.00186567 0.00280899
0 0.479944 0.243153 0.00233209 0.00386236
0 0.49347 0.228581 0.00233209 0.00491573
0 0.486007 0.224895 0.00233209 0.00386236
0 0.49347 0.22033 0.00233209 0.00386236
0 0.48659 0.219101 0.00349813 0.00632022
0 0.489739 0.218574 0.00279851 0.0059691
0 0.497318 0.215414 0.00163246 0.00526685
0 0.488223 0.21243 0.00349813 0.00421348
0 0.481343 0.216292 0.00652985 0.0119382
0 0.493237 0.208392 0.00373134 0.00807584
0 0.260028 0.168188 0.00699627 0.00842697
1 0.539995 0.955232 0.00909515 0.00807584
1 0.674674 0.958743 0.0135261 0.0179073
1 0.54909 0.922753 0.00349813 0.0105337
1 0.654618 0.929951 0.0242537 0.0410815
1 0.283116 0.914326 0.0139925 0.0238764
1 0.543377 0.905899 0.00466418 0.0126404
1 0.526819 0.896419 0.0130597 0.0168539
1 0.649837 0.830583 0.0184235 0.0193118
1 0.498134 0.824789 0.0130597 0.00912921
1 0.45021 0.806355 0.00956157 0.00948034
1 0.161964 0.816713 0.0109608 0.0351124
1 0.567864 0.781426 0.0079291 0.0073736
1 0.192747 0.779319 0.00303172 0.00807584
1 0.495103 0.776159 0.0079291 0.00667135
1 0.144706 0.790028 0.0184235 0.0372191
1 0.457556 0.770365 0.00979478 0.00632022
1 0.490555 0.769838 0.00583022 0.0059691
1 0.491954 0.759129 0.0109608 0.00983146
1 0.445546 0.754213 0.00862873 0.0105337
1 0.184585 0.750702 0.00443097 0.0105337
1 0.428288 0.746489 0.0151586 0.00912921
1 0.175956 0.751756 0.00536381 0.0252809
1 0.78813 0.722261 0.0076959 0.00983146
1 0.434352 0.715239 0.00956157 0.0126404
1 0.811567 0.713483 0.0079291 0.0133427
1 0.202659 0.713308 0.0051306 0.0143961
1 0.734258 0.706812 0.00722948 0.0147472
1 0.497318 0.703125 0.00909515 0.0101826
1 0.364622 0.708567 0.0520056 0.056882
1 0.764459 0.680829 0.00279851 0.00842697
1 0.166395 0.708392 0.0562034 0.0804073
1 0.156716 0.668013 0.0550373 0.0452949
1 0.751049 0.634831 0.0104944 0.00983146
1 0.808769 0.630618 0.0121269 0.0133427
1 0.842118 0.611131 0.00932836 0.0165028
1 0.793027 0.608497 0.00722948 0.011236
1 0.670592 0.595506 0.00583022 0.0147472
1 0.778801 0.591292 0.00489739 0.0119382
1 0.833489 0.572331 0.00979478 0.00983146
1 0.679804 0.575316 0.0116604 0.0165028
1 0.795942 0.580758 0.0186567 0.0386236
1 0.364972 0.555829 0.0181903 0.00842697
1 0.35716 0.544242 0.0216884 0.0105337
1 0.788946 0.535463 0.00979478 0.0189607
1 0.811334 0.529143 0.00746269 0.0133427
1 0.684118 0.522296 0.0123601 0.0115871
1 0.398554 0.522823 0.0270522 0.0140449
1 0.744636 0.522647 0.011194 0.0172051
1 0.458839 0.512816 0.0076959 0.0101826
1 0.562617 0.511412 0.00629664 0.0115871
1 0.088153 0.517907 0.0349813 0.0386236
1 0.354011 0.514572 0.0317164 0.0382725
1 0.778451 0.490695 0.0107276 0.0214185
1 0.125466 0.489115 0.00932836 0.0224719
1 0.185518 0.502809 0.0282183 0.0526685
1 0.788596 0.479284 0.0114272 0.0196629
1 0.0774254 0.473841 0.0191231 0.025632
1 0.494053 0.455056 0.00676306 0.00632022
1 0.761194 0.464537 0.0289179 0.0456461
1 0.805387 0.445751 0.00956157 0.0122893
1 0.553755 0.445576 0.00722948 0.0154494
1 0.596549 0.460499 0.0116604 0.0459972
1 0.679571 0.440133 0.00979478 0.0270365
1 0.631297 0.406074 0.00886194 0.0122893
1 0.530667 0.388518 0.0109608 0.00386236
1 0.515858 0.387816 0.00886194 0.00807584
1 0.640275 0.376404 0.00536381 0.0133427
1 0.692514 0.379916 0.0128265 0.0238764
1 0.109025 0.374649 0.015625 0.0168539
1 0.765042 0.372542 0.00862873 0.0175562
1 0.578825 0.364466 0.0125933 0.0154494
1 0.622785 0.373771 0.0254198 0.0375702
1 0.616255 0.364993 0.000699627 0.00105337
1 0.173857 0.364291 0.0151586 0.0242275
1 0.56938 0.349192 0.010028 0.0115871
1 0.64354 0.349192 0.00816231 0.0143961
1 0.151586 0.341468 0.0116604 0.0115871
1 0.119053 0.34375 0.0361474 0.0259831
1 0.578008 0.330758 0.0179571 0.0259831
1 0.649137 0.3125 0.00909515 0.0133427
1 0.542211 0.308989 0.0172575 0.0119382
1 0.467467 0.320751 0.0389459 0.039677
1 0.658932 0.304073 0.00816231 0.0161517
1 0.635961 0.298279 0.00932836 0.0129916
1 0.615672 0.291784 0.00886194 0.00632022
1 0.458839 0.291081 0.00536381 0.00702247
1 0.758745 0.291784 0.00722948 0.011236
1 0.542094 0.291257 0.00629664 0.0193118
1 0.645056 0.283357 0.00746269 0.0133427
1 0.565299 0.292486 0.0251866 0.0365169
1 0.554571 0.277388 0.0125933 0.0224719
1 0.117304 0.281074 0.0195896 0.039677
1 0.549557 0.262465 0.015625 0.0193118
1 0.819613 0.247893 0.0104944 0.0126404
1 0.144007 0.260885 0.0221549 0.0470506
1 0.594799 0.258954 0.0352146 0.0530197
1 0.672341 0.23894 0.0233209 0.0333567
1 0.23076 0.225421 0.010028 0.0189607
1 0.231693 0.219803 0.000699627 0.00140449
1 0.521572 0.214361 0.0076959 0.0122893
1 0.733675 0.221208 0.0181903 0.0344101
1 0.723298 0.189782 0.0114272 0.0165028
1 0.58069 0.198385 0.0503731 0.0442416
1 0.76341 0.178195 0.0277519 0.0207163
1 0.640275 0.123596 0.0762593 0.0646067
1 0.728778 0.0863764 0.00746269 0.0105337
1 0.411381 0.0359902 0.0209888 0.0305478
1 0.362057 0.0373947 0.0310168 0.0389747
2 0.148204 0.841994 0.0184235 0.0358146
3 0.675373 0.982093 0.00326493 0.00491573
3 0.515508 0.945576 0.00396455 0.00561798
3 0.531483 0.936271 0.00559701 0.0073736
3 0.640275 0.924508 0.00489739 0.00772472
3 0.537313 0.917486 0.0051306 0.00772472
3 0.496852 0.914326 0.00722948 0.0105337
3 0.561217 0.90151 0.00349813 0.0059691
3 0.649487 0.894663 0.00326493 0.00561798
3 0.58827 0.890098 0.00396455 0.00632022
3 0.463969 0.829178 0.00489739 0.0073736
3 0.454058 0.818294 0.00279851 0.00456461
3 0.467001 0.812851 0.0025653 0.00421348
3 0.195662 0.809691 0.00326493 0.00491573
3 0.465019 0.804951 0.00326493 0.00456461
3 0.435051 0.782479 0.0076959 0.0136938
3 0.683302 0.769487 0.00419776 0.00667135
3 0.282649 0.764923 0.00559701 0.0073736
3 0.446712 0.733848 0.00536381 0.00772472
3 0.209888 0.732795 0.00373134 0.00632022
3 0.41278 0.733146 0.00559701 0.00842697
3 0.210938 0.72665 0.00396455 0.0059691
3 0.751866 0.723315 0.00279851 0.00421348
3 0.424557 0.724895 0.00629664 0.00877809
3 0.795592 0.721383 0.00396455 0.00667135
3 0.577309 0.719803 0.00396455 0.00561798
3 0.767607 0.715414 0.0025653 0.00456461
3 0.496852 0.71085 0.00443097 0.0059691
3 0.390508 0.70769 0.00443097 0.0101826
3 0.386077 0.702949 0.00489739 0.00842697
3 0.759212 0.690836 0.00536381 0.0073736
3 0.35541 0.687676 0.000932836 0.00175562
3 0.646922 0.687676 0.0051306 0.00807584
3 0.734258 0.669944 0.00303172 0.00421348
3 0.708489 0.65783 0.0051306 0.00877809
3 0.733209 0.655197 0.00326493 0.00491573
3 0.488573 0.647999 0.00606343 0.00667135
3 0.765275 0.641152 0.00349813 0.00491573
3 0.403918 0.633954 0.00233209 0.00386236
3 0.720965 0.632374 0.00349813 0.00491573
3 0.782882 0.614642 0.00373134 0.0059691
3 0.751166 0.611306 0.00652985 0.00912921
3 0.82416 0.607093 0.00419776 0.00702247
3 0.772388 0.602879 0.00419776 0.00702247
3 0.398438 0.599192 0.0025653 0.00386236
3 0.616604 0.593048 0.00326493 0.00491573
3 0.808769 0.588308 0.0051306 0.00877809
3 0.772155 0.582865 0.00466418 0.00632022
3 0.600863 0.575492 0.00396455 0.00561798
3 0.761894 0.560042 0.00559701 0.00983146
3 0.732743 0.547226 0.00279851 0.00456461
3 0.729594 0.545646 0.0025653 0.00421348
3 0.0771922 0.544242 0.0051306 0.00772472
3 0.75583 0.542135 0.00373134 0.00702247
3 0.727845 0.538448 0.00326493 0.00456461
3 0.422808 0.537219 0.00279851 0.00421348
3 0.38841 0.532654 0.00349813 0.00491573
3 0.499883 0.515449 0.0025653 0.00351124
3 0.418377 0.504565 0.00233209 0.00351124
3 0.800723 0.502282 0.00583022 0.00877809
3 0.404151 0.496489 0.00326493 0.00491573
3 0.607276 0.4921 0.00559701 0.00807584
3 0.82556 0.469979 0.00373134 0.0059691
3 0.511894 0.469101 0.00652985 0.00842697
3 0.834655 0.458743 0.00373134 0.00526685
3 0.541395 0.459972 0.00536381 0.00842697
3 0.510728 0.455934 0.00606343 0.0073736
3 0.70709 0.454003 0.00373134 0.00421348
3 0.8118 0.453652 0.00419776 0.00632022
3 0.501049 0.452423 0.0025653 0.00386236
3 0.651236 0.456987 0.010028 0.0143961
3 0.792561 0.452247 0.00536381 0.00842697
3 0.50688 0.446629 0.00349813 0.00561798
3 0.484492 0.444171 0.00349813 0.00561798
3 0.533116 0.439431 0.00233209 0.00316011
3 0.426539 0.425737 0.00373134 0.00526685
3 0.648671 0.418013 0.00489739 0.00667135
3 0.577659 0.41257 0.00326493 0.00491573
3 0.338036 0.407654 0.00349813 0.00491573
3 0.657882 0.405197 0.00559701 0.00842697
3 0.462337 0.402739 0.00396455 0.00561798
3 0.515275 0.400456 0.00489739 0.0073736
3 0.710354 0.397999 0.00466418 0.00667135
3 0.461637 0.396419 0.00443097 0.00632022
3 0.454874 0.394838 0.00303172 0.00456461
3 0.82451 0.392381 0.00396455 0.00667135
3 0.851096 0.390801 0.00349813 0.00561798
3 0.455107 0.386236 0.0025653 0.00351124
3 0.64354 0.38132 0.00209888 0.00351124
3 0.813783 0.379389 0.00396455 0.0073736
3 0.84958 0.373596 0.00419776 0.00632022
3 0.567514 0.370787 0.00676306 0.00842697
3 0.399021 0.366222 0.00466418 0.00702247
3 0.390858 0.364291 0.00373134 0.0059691
3 0.671409 0.359726 0.00326493 0.00526685
3 0.559818 0.354986 0.00536381 0.00351124
3 0.461404 0.354986 0.0025653 0.00421348
3 0.402635 0.356742 0.00443097 0.00772472
3 0.711287 0.349544 0.00373134 0.00526685
3 0.823228 0.349017 0.00419776 0.00561798
3 0.593167 0.339185 0.00303172 0.00421348
3 0.530434 0.331285 0.00443097 0.0073736
3 0.613223 0.308111 0.00536381 0.0073736
3 0.1566 0.301791 0.00489739 0.0073736
3 0.513993 0.299508 0.00279851 0.00491573
3 0.518657 0.299333 0.00326493 0.00526685
3 0.755247 0.299508 0.00396455 0.00632022
3 0.621852 0.295646 0.00303172 0.00491573
3 0.668727 0.292837 0.00583022 0.00912921
3 0.655784 0.280372 0.00373134 0.00526685
3 0.410914 0.274403 0.00279851 0.00456461
3 0.708955 0.254565 0.00466418 0.00632022
3 0.627332 0.252282 0.00419776 0.0059691
3 0.76819 0.247015 0.00419776 0.00526685
3 0.512943 0.245611 0.00536381 0.00807584
3 0.52437 0.244558 0.00443097 0.00667135
3 0.46945 0.231215 0.00373134 0.00526685
3 0.744636 0.206812 0.00746269 0.0105337
3 0.665112 0.200492 0.00279851 0.00421348
3 0.475513 0.201896 0.0051306 0.00702247
3 0.791628 0.1954 0.00209888 0.00386236
3 0.476329 0.192065 0.00443097 0.00632022
3 0.464086 0.18592 0.00373134 0.00526685
3 0.485541 0.166433 0.00652985 0.00842697
3 0.604478 0.15151 0.00466418 0.0073736
3 0.40042 0.148876 0.00373134 0.00632022
3 0.734725 0.0814607 0.00396455 0.00632022
