0 0.61952 0.69224 0.00443097 0.00667135
0 0.553172 0.623069 0.00233209 0.00316011
0 0.561334 0.617626 0.00466418 0.00632022
0 0.552122 0.61552 0.00209888 0.00280899
0 0.551772 0.601124 0.00233209 0.00351124
0 0.603078 0.594803 0.00279851 0.00491573
0 0.609841 0.567591 0.00419776 0.0059691
0 0.618587 0.558989 0.0025653 0.00421348
0 0.580107 0.546173 0.00163246 0.00245787
0 0.407533 0.538624 0.00163246 0.00351124
0 0.409165 0.535112 0.0025653 0.00351124
0 0.402985 0.534937 0.00139925 0.00316011
0 0.390275 0.533708 0.00349813 0.00632022
0 0.383162 0.531777 0.00279851 0.00386236
0 0.414646 0.530197 0.00233209 0.00351124
0 0.385844 0.529319 0.00209888 0.00316011
0 0.39459 0.527212 0.00233209 0.00316011
0 0.540578 0.526685 0.00233209 0.00351124
0 0.391674 0.526334 0.00209888 0.00351124
0 0.397971 0.527037 0.0025653 0.00702247
0 0.408465 0.527212 0.00489739 0.00807584
0 0.428871 0.525632 0.00279851 0.00561798
0 0.381413 0.525456 0.00583022 0.0059691
0 0.405434 0.521067 0.0025653 0.00351124
0 0.389925 0.520541 0.00373134 0.00456461
0 0.440182 0.514221 0.00303172 0.00667135
0 0.442514 0.510885 0.00116604 0.00210674
0 0.45021 0.510007 0.00209888 0.00386236
0 0.415578 0.510358 0.00279851 0.00456461
0 0.409398 0.49842 0.00396455 0.00877809
0 0.388876 0.483146 0.00209888 0.00491573
0 0.523554 0.350246 0.00373134 0.00386236
0 0.529734 0.345857 0.00583022 0.00632022
0 0.73799 0.120962 0.00536381 0.0059691
1 0.406833 0.783006 0.0137593 0.00983146
1 0.239272 0.784235 0.00839552 0.0150983
1 0.602845 0.774579 0.00652985 0.00702247
1 0.409515 0.770365 0.00559701 0.00983146
1 0.53743 0.757374 0.015625 0.0182584
1 0.735774 0.740871 0.0102612 0.0161517
1 0.616255 0.677493 0.00209888 0.0059691
1 0.675373 0.658181 0.00699627 0.0101826
1 0.686567 0.644838 0.0102612 0.0277388
1 0.679338 0.614993 0.0275187 0.0319522
1 0.668027 0.615344 0.000699627 0.00105337
1 0.575676 0.605688 0.0179571 0.0287921
1 0.422108 0.599719 0.011194 0.0189607
1 0.598181 0.555829 0.0135261 0.0182584
1 0.790928 0.528617 0.00862873 0.00877809
1 0.66173 0.497893 0.00956157 0.0105337
1 0.626399 0.453301 0.00466418 0.011236
1 0.611357 0.41889 0.00722948 0.00561798
1 0.524254 0.327774 0.0125933 0.0165028
1 0.516908 0.317416 0.010028 0.0140449
1 0.805271 0.275456 0.0130597 0.0172051
1 0.602729 0.231917 0.00862873 0.0186096
1 0.380364 0.228933 0.0233209 0.0245787
1 0.38118 0.222437 0.00209888 0.0059691
3 0.615905 0.883954 0.0051306 0.00807584
3 0.585005 0.776159 0.00303172 0.00386236
3 0.539179 0.773174 0.00419776 0.00561798
3 0.411381 0.76264 0.00233209 0.00421348
3 0.513526 0.749122 0.00279851 0.00526685
3 0.676189 0.694347 0.0025653 0.00386236
3 0.777635 0.694522 0.00489739 0.00772472
3 0.641091 0.680302 0.00186567 0.00316011
3 0.666161 0.64519 0.0025653 0.00456461
3 0.489156 0.614466 0.00303172 0.00561798
3 0.364855 0.521594 0.00349813 0.0059691
3 0.567864 0.505794 0.00326493 0.0059691
3 0.37535 0.503687 0.00396455 0.0059691
3 0.385261 0.50316 0.00326493 0.00561798
3 0.777868 0.484551 0.00396455 0.00491573
3 0.569729 0.448736 0.00606343 0.011236
3 0.67584 0.44224 0.00326493 0.00456461
3 0.616488 0.416784 0.0025653 0.00421348
3 0.740438 0.407303 0.00326493 0.00491573
3 0.645289 0.34217 0.00326493 0.00526685
3 0.573228 0.287044 0.00419776 0.00667135
3 0.600047 0.257725 0.00373134 0.00632022
3 0.602495 0.243153 0.00303172 0.00456461
