0 0.751866 0.859726 0.00932836 0.0108848
0 0.683419 0.855513 0.00583022 0.0059691
0 0.746618 0.849368 0.0076959 0.0126404
0 0.335005 0.802142 0.00489739 0.00526685
0 0.215835 0.801088 0.00303172 0.00386236
0 0.165462 0.772823 0.010028 0.0140449
0 0.513176 0.764396 0.00489739 0.00702247
0 0.390159 0.754916 0.00326493 0.00491573
0 0.519356 0.748771 0.00186567 0.00316011
0 0.176073 0.750702 0.0051306 0.00842697
0 0.476796 0.748069 0.0025653 0.00386236
0 0.415928 0.748069 0.00303172 0.00456461
0 0.380714 0.749649 0.00676306 0.00912921
0 0.564132 0.746489 0.00279851 0.00421348
0 0.544776 0.749649 0.00839552 0.011236
0 0.533465 0.745787 0.00303172 0.00421348
0 0.388993 0.747015 0.00419776 0.0073736
0 0.421642 0.742978 0.00373134 0.00421348
0 0.538479 0.739993 0.00139925 0.00175562
0 0.571828 0.742275 0.00606343 0.00912921
0 0.547225 0.740169 0.00349813 0.00702247
0 0.576726 0.739642 0.0051306 0.00667135
0 0.38841 0.733146 0.00443097 0.00983146
0 0.527169 0.726475 0.00909515 0.00842697
0 0.467118 0.725421 0.00186567 0.00632022
0 0.401586 0.725772 0.00886194 0.00702247
0 0.472481 0.723139 0.00279851 0.00456461
0 0.534632 0.721383 0.0025653 0.00526685
0 0.414529 0.724192 0.0118937 0.0150983
0 0.487873 0.719803 0.00373134 0.00842697
0 0.403335 0.719277 0.00349813 0.00807584
0 0.35541 0.716468 0.00233209 0.00456461
0 0.394356 0.718399 0.00839552 0.00912921
0 0.370569 0.716117 0.00326493 0.00526685
0 0.480993 0.716643 0.00956157 0.0175562
0 0.529384 0.708216 0.00652985 0.0119382
0 0.515858 0.703827 0.00233209 0.00316011
0 0.414296 0.707865 0.00629664 0.0119382
0 0.480877 0.702949 0.0051306 0.00772472
0 0.403685 0.701018 0.00979478 0.00667135
0 0.512593 0.699965 0.00279851 0.00877809
0 0.574743 0.709972 0.0207556 0.0323034
0 0.519356 0.694522 0.0051306 0.00842697
0 0.499883 0.690836 0.00862873 0.00948034
0 0.485774 0.688027 0.0130597 0.0179073
0 0.617654 0.681531 0.00349813 0.00702247
0 0.597248 0.677493 0.0051306 0.00667135
0 0.498834 0.67644 0.00279851 0.00526685
0 0.52577 0.681706 0.00583022 0.0172051
0 0.503382 0.675562 0.00303172 0.00491573
0 0.612757 0.675211 0.00443097 0.00632022
0 0.58104 0.680829 0.0114272 0.0217697
0 0.566231 0.672577 0.00699627 0.00807584
0 0.324743 0.676615 0.0118937 0.0175562
0 0.494753 0.667486 0.00349813 0.00351124
0 0.502332 0.667837 0.00279851 0.00491573
0 0.58034 0.665204 0.00349813 0.0073736
0 0.590368 0.665379 0.00629664 0.0105337
0 0.333839 0.66573 0.00956157 0.0133427
0 0.481693 0.666257 0.00722948 0.0179073
0 0.4684 0.662746 0.00862873 0.0115871
0 0.47528 0.657654 0.00233209 0.00421348
0 0.610075 0.660639 0.00746269 0.0108848
0 0.57451 0.655548 0.0025653 0.00491573
0 0.452892 0.655197 0.00326493 0.00421348
0 0.390858 0.657128 0.00979478 0.0108848
0 0.0907183 0.662219 0.0116604 0.0266854
0 0.694263 0.653441 0.00559701 0.00983146
0 0.586054 0.64993 0.00699627 0.00842697
0 0.567048 0.647999 0.00349813 0.00526685
0 0.601096 0.650281 0.0123601 0.0119382
0 0.47528 0.646945 0.00606343 0.00667135
0 0.590718 0.645716 0.00279851 0.00491573
0 0.460121 0.64677 0.00466418 0.00772472
0 0.342118 0.650983 0.011194 0.0168539
0 0.455224 0.645365 0.00373134 0.00702247
0 0.447528 0.642907 0.0051306 0.00561798
0 0.467817 0.647647 0.00839552 0.0165028
0 0.670826 0.641503 0.00396455 0.00702247
0 0.486824 0.637114 0.0025653 0.00386236
0 0.110191 0.641327 0.010028 0.0129916
0 0.594566 0.633603 0.00303172 0.00526685
0 0.0866371 0.636412 0.00676306 0.0172051
0 0.340252 0.624649 0.00326493 0.00491573
0 0.333372 0.626756 0.00443097 0.011236
0 0.499417 0.618153 0.0025653 0.00456461
0 0.666045 0.6171 0.00419776 0.00456461
0 0.61264 0.613588 0.0051306 0.00526685
0 0.473764 0.617626 0.00909515 0.0224719
0 0.483792 0.604986 0.00303172 0.00491573
0 0.309701 0.602879 0.00419776 0.00702247
0 0.643307 0.602177 0.00489739 0.00772472
0 0.0854711 0.603055 0.00629664 0.00948034
0 0.61159 0.59849 0.00303172 0.00526685
0 0.631996 0.599719 0.00699627 0.00842697
0 0.523787 0.59691 0.00419776 0.00632022
0 0.468983 0.600246 0.00746269 0.0129916
0 0.297225 0.598315 0.00956157 0.0105337
0 0.578475 0.595857 0.00396455 0.00632022
0 0.364389 0.591994 0.00536381 0.00561798
0 0.349114 0.591468 0.00373134 0.00807584
0 0.306203 0.591994 0.00746269 0.0105337
0 0.276819 0.591117 0.00652985 0.0115871
0 0.295942 0.586903 0.00279851 0.0073736
0 0.718867 0.586728 0.00489739 0.00772472
0 0.26924 0.583919 0.0025653 0.00632022
0 0.296992 0.580583 0.00116604 0.00316011
0 0.671642 0.588132 0.0130597 0.0203652
0 0.264109 0.580407 0.00303172 0.00632022
0 0.717234 0.579529 0.00396455 0.0059691
0 0.66313 0.582514 0.00862873 0.0147472
0 0.364272 0.578827 0.00373134 0.00877809
0 0.281133 0.575492 0.00536381 0.00702247
0 0.461754 0.576194 0.00559701 0.00983146
0 0.585588 0.581636 0.00886194 0.0221208
0 0.454991 0.601299 0.0275187 0.0621489
0 0.321012 0.572156 0.00443097 0.00807584
0 0.272621 0.571454 0.00466418 0.00667135
0 0.661497 0.570576 0.00349813 0.00632022
0 0.300723 0.56882 0.00396455 0.00421348
0 0.602495 0.612886 0.035681 0.0951545
0 0.246385 0.567942 0.00396455 0.00526685
0 0.241138 0.567065 0.00186567 0.00632022
0 0.432486 0.576369 0.015625 0.0277388
0 0.3434 0.566187 0.00489739 0.0073736
0 0.61264 0.562851 0.00326493 0.00632022
0 0.0767257 0.563729 0.00559701 0.00807584
0 0.457556 0.563027 0.0079291 0.0073736
0 0.620452 0.561271 0.00349813 0.0073736
0 0.633279 0.567416 0.015625 0.0203652
0 0.316931 0.55934 0.00279851 0.00421348
0 0.586404 0.562149 0.00816231 0.0119382
0 0.295126 0.557935 0.00629664 0.00702247
0 0.320196 0.556355 0.00186567 0.0059691
0 0.617654 0.559164 0.00583022 0.0122893
0 0.275187 0.554951 0.00326493 0.00526685
0 0.61334 0.554249 0.00326493 0.00526685
0 0.725163 0.553371 0.00349813 0.00491573
0 0.755131 0.553546 0.00419776 0.00667135
0 0.58034 0.553195 0.0076959 0.0073736
0 0.0980644 0.551791 0.00396455 0.00948034
0 0.693214 0.549333 0.00583022 0.00667135
0 0.739039 0.553546 0.00559701 0.0158006
0 0.642141 0.552493 0.0128265 0.0143961
0 0.642957 0.545295 0.00279851 0.00491573
0 0.27507 0.543715 0.00303172 0.00526685
0 0.648438 0.543715 0.00396455 0.0059691
0 0.671758 0.541608 0.00303172 0.00456461
0 0.266208 0.545119 0.00676306 0.0150983
0 0.615788 0.540028 0.00396455 0.00842697
0 0.321945 0.53599 0.0025653 0.00386236
0 0.283465 0.536692 0.00349813 0.0059691
0 0.731227 0.539853 0.00909515 0.0150983
0 0.373834 0.546699 0.016791 0.0337079
0 0.270406 0.527739 0.0025653 0.00351124
0 0.0774254 0.527739 0.00466418 0.00772472
0 0.60716 0.52809 0.00489739 0.00983146
0 0.580574 0.522296 0.00862873 0.0108848
0 0.281367 0.520365 0.00396455 0.00702247
0 0.663596 0.516854 0.00303172 0.011236
0 0.637826 0.515274 0.00466418 0.00877809
0 0.654501 0.514045 0.010028 0.011236
0 0.590602 0.528968 0.0207556 0.042486
0 0.720616 0.507725 0.0051306 0.00702247
0 0.565065 0.526159 0.0275187 0.0502107
0 0.701726 0.503687 0.00419776 0.00948034
0 0.246968 0.523876 0.0275187 0.0505618
0 0.66243 0.498771 0.00396455 0.00948034
0 0.60541 0.506496 0.00839552 0.0326545
0 0.605527 0.519312 0.000699627 0.00140449
0 0.605294 0.518258 0.000699627 0.00140449
0 0.705457 0.494031 0.00932836 0.00912921
0 0.368937 0.493855 0.0051306 0.00877809
0 0.28195 0.486306 0.00373134 0.00561798
0 0.739039 0.488413 0.00559701 0.0105337
0 0.304804 0.486306 0.0051306 0.00702247
0 0.716185 0.495084 0.0158582 0.0287921
0 0.238106 0.482444 0.00233209 0.00351124
0 0.586521 0.480513 0.00932836 0.0136938
0 0.242421 0.480337 0.00583022 0.0147472
0 0.720849 0.476124 0.00839552 0.00842697
0 0.653451 0.484375 0.0195896 0.025632
0 0.678521 0.459621 0.00676306 0.00983146
0 0.612523 0.461025 0.0132929 0.0140449
0 0.733092 0.457865 0.00396455 0.00842697
0 0.228545 0.465765 0.0219216 0.0361657
0 0.745569 0.449789 0.00886194 0.00842697
0 0.226329 0.456461 0.00956157 0.0231742
0 0.689832 0.470857 0.0433769 0.0533708
0 0.722365 0.437676 0.00303172 0.00526685
0 0.730177 0.434867 0.00326493 0.00526685
0 0.214902 0.4375 0.00862873 0.0126404
0 0.206973 0.431004 0.00443097 0.0073736
0 0.229711 0.433111 0.00979478 0.0136938
0 0.227379 0.422051 0.00373134 0.00632022
0 0.616954 0.422577 0.00816231 0.00877809
0 0.207673 0.41889 0.00303172 0.00561798
0 0.747551 0.423279 0.00909515 0.0158006
0 0.595266 0.406074 0.00536381 0.00948034
0 0.239272 0.397472 0.00233209 0.00561798
0 0.224114 0.406074 0.0125933 0.0249298
0 0.749534 0.392029 0.00279851 0.00386236
0 0.729711 0.384129 0.00466418 0.00772472
0 0.739039 0.380794 0.0121269 0.00877809
0 0.219916 0.381496 0.00746269 0.0122893
0 0.405434 0.375527 0.00303172 0.00667135
0 0.738689 0.372367 0.00349813 0.00456461
0 0.228195 0.382198 0.00909515 0.0277388
0 0.708605 0.366222 0.00583022 0.00702247
0 0.391791 0.361833 0.00279851 0.00456461
0 0.740438 0.364291 0.00979478 0.0101826
0 0.680037 0.358673 0.00373134 0.00456461
0 0.726912 0.355513 0.00466418 0.0073736
0 0.226796 0.358673 0.0174907 0.0193118
0 0.22423 0.357619 0.000699627 0.00105337
0 0.752099 0.36236 0.0107276 0.0280899
0 0.715135 0.344101 0.00396455 0.00491573
0 0.400303 0.346032 0.0118937 0.0186096
0 0.759445 0.341117 0.00816231 0.0101826
0 0.373134 0.341643 0.0051306 0.011236
0 0.383629 0.33743 0.00699627 0.0105337
0 0.425373 0.334621 0.00233209 0.00561798
0 0.263643 0.332514 0.00303172 0.00421348
0 0.698111 0.335674 0.00629664 0.0133427
0 0.364156 0.329705 0.00396455 0.00351124
0 0.372201 0.329178 0.00559701 0.00877809
0 0.7493 0.324438 0.00279851 0.00351124
0 0.605177 0.329178 0.0102612 0.0165028
0 0.364622 0.322156 0.00209888 0.00386236
0 0.361124 0.321805 0.00163246 0.00316011
0 0.354944 0.323385 0.0051306 0.00702247
0 0.246035 0.347086 0.0233209 0.0551264
0 0.336054 0.320576 0.0051306 0.00491573
0 0.263293 0.317416 0.00326493 0.00632022
0 0.410448 0.323912 0.00886194 0.020014
0 0.396922 0.320927 0.0102612 0.0147472
0 0.336404 0.312324 0.0025653 0.00386236
0 0.423857 0.313378 0.00816231 0.0143961
0 0.367421 0.306531 0.00349813 0.00491573
0 0.344799 0.307058 0.00909515 0.0108848
0 0.305504 0.299157 0.00373134 0.00421348
0 0.319146 0.296524 0.00303172 0.00316011
0 0.283465 0.296875 0.00349813 0.00526685
0 0.342118 0.296875 0.00373134 0.0059691
0 0.31285 0.295997 0.0025653 0.00421348
0 0.292444 0.296875 0.00279851 0.00667135
0 0.592118 0.302142 0.00886194 0.020014
0 0.36264 0.294417 0.00326493 0.0059691
0 0.732043 0.293013 0.00373134 0.00386236
0 0.706856 0.310744 0.0223881 0.0407303
0 0.696712 0.295997 0.00629664 0.011236
0 0.349464 0.291433 0.0025653 0.00280899
0 0.41966 0.291959 0.00349813 0.00526685
0 0.772621 0.29231 0.00466418 0.0101826
0 0.471898 0.418539 0.189599 0.26264
0 0.45534 0.295646 0.00909515 0.0168539
0 0.282649 0.287921 0.00559701 0.00983146
0 0.289296 0.284937 0.0025653 0.00526685
0 0.307253 0.288799 0.00629664 0.0136938
0 0.295359 0.286868 0.00489739 0.00983146
0 0.314016 0.287395 0.00862873 0.0129916
0 0.265975 0.294593 0.0272854 0.0273876
0 0.406716 0.28283 0.00373134 0.0059691
0 0.3757 0.288448 0.0102612 0.0179073
0 0.804221 0.280548 0.00349813 0.00491573
0 0.701259 0.281601 0.00652985 0.00702247
0 0.711171 0.281074 0.00536381 0.00948034
0 0.503498 0.276685 0.00839552 0.00842697
0 0.690299 0.27809 0.00746269 0.0126404
0 0.305037 0.273876 0.00279851 0.00421348
0 0.359608 0.277037 0.0219216 0.0126404
0 0.555854 0.272999 0.00349813 0.0059691
0 0.639342 0.27177 0.0025653 0.00491573
0 0.674207 0.273876 0.00652985 0.0126404
0 0.313083 0.270716 0.00536381 0.00912921
0 0.720499 0.27177 0.010028 0.0168539
0 0.683419 0.268083 0.00862873 0.0101826
0 0.75548 0.267556 0.00676306 0.00983146
0 0.323927 0.268785 0.0102612 0.0143961
0 0.740905 0.267907 0.0195896 0.0133427
0 0.280084 0.262992 0.00652985 0.00491573
0 0.447994 0.262816 0.00652985 0.0059691
0 0.287896 0.268785 0.0230877 0.0179073
0 0.391325 0.262289 0.00279851 0.00561798
0 0.473764 0.265098 0.0076959 0.0140449
0 0.564016 0.260885 0.00489739 0.00842697
0 0.361241 0.262465 0.0247201 0.0115871
0 0.708605 0.264923 0.015625 0.0172051
0 0.402285 0.266503 0.00979478 0.0210674
0 0.558535 0.258076 0.00419776 0.00772472
0 0.409398 0.254389 0.00349813 0.00526685
0 0.535215 0.254565 0.00419776 0.00632022
0 0.615672 0.250702 0.00279851 0.00351124
0 0.570312 0.25316 0.0076959 0.011236
0 0.692747 0.25316 0.00536381 0.0119382
0 0.725396 0.250351 0.00536381 0.00702247
0 0.329641 0.249298 0.00349813 0.00702247
0 0.529967 0.276159 0.0403451 0.0642556
0 0.377332 0.246489 0.00746269 0.00491573
0 0.613573 0.245435 0.00326493 0.00491573
0 0.592467 0.244382 0.00349813 0.00561798
0 0.391441 0.248069 0.0137593 0.0143961
0 0.644007 0.245435 0.00676306 0.0105337
0 0.561567 0.244382 0.00652985 0.0105337
0 0.412197 0.241046 0.00349813 0.00456461
0 0.751399 0.244206 0.00979478 0.0115871
0 0.621735 0.243329 0.00373134 0.0126404
0 0.303988 0.250527 0.0118937 0.0291433
0 0.506996 0.238764 0.00746269 0.00702247
0 0.392724 0.237886 0.00326493 0.00526685
0 0.422458 0.242802 0.0137593 0.0186096
0 0.606576 0.235253 0.00373134 0.00561798
0 0.726679 0.237008 0.00699627 0.0105337
0 0.784398 0.232795 0.00303172 0.00561798
0 0.629431 0.231917 0.00279851 0.00526685
0 0.319263 0.238062 0.0102612 0.0182584
0 0.370919 0.229986 0.00396455 0.00421348
0 0.245569 0.234375 0.0079291 0.0150983
0 0.306553 0.230513 0.00536381 0.00807584
0 0.379897 0.233146 0.020056 0.0161517
0 0.34993 0.241924 0.026819 0.0386236
0 0.326376 0.22349 0.00349813 0.00526685
0 0.780784 0.221032 0.0102612 0.0059691
0 0.581273 0.234551 0.0160914 0.0393258
0 0.413013 0.216819 0.00419776 0.00667135
0 0.314599 0.216994 0.0051306 0.011236
0 0.383279 0.212781 0.00443097 0.00632022
0 0.503965 0.210674 0.00466418 0.00491573
0 0.576726 0.211728 0.00839552 0.00842697
0 0.287313 0.213132 0.00652985 0.011236
0 0.73181 0.215063 0.00652985 0.0214185
0 0.763643 0.219803 0.021222 0.0316011
0 0.26924 0.227879 0.0291511 0.0554775
0 0.576959 0.201896 0.00279851 0.00491573
0 0.473881 0.230162 0.0452425 0.0635534
0 0.509212 0.199087 0.00349813 0.00421348
0 0.778451 0.199614 0.00326493 0.0059691
0 0.604594 0.212956 0.030084 0.0438904
0 0.747668 0.198209 0.0130597 0.0214185
0 0.733909 0.191011 0.00373134 0.00702247
0 0.481693 0.193118 0.0114272 0.0126404
0 0.711521 0.185393 0.00373134 0.00561798
0 0.476329 0.183111 0.00443097 0.00807584
0 0.384095 0.17802 0.00326493 0.00491573
0 0.718867 0.179073 0.00909515 0.0119382
0 0.329991 0.172928 0.0195896 0.0186096
0 0.769123 0.168188 0.00326493 0.011236
0 0.734375 0.171699 0.0102612 0.0203652
0 0.397971 0.164853 0.00536381 0.0073736
0 0.549324 0.164326 0.00396455 0.00702247
0 0.747901 0.166081 0.0130597 0.0182584
0 0.715485 0.161517 0.00839552 0.0126404
0 0.740788 0.157654 0.00396455 0.00772472
0 0.576259 0.153441 0.00326493 0.00421348
0 0.36882 0.153441 0.0025653 0.00561798
0 0.312733 0.154494 0.00466418 0.00772472
0 0.353312 0.153617 0.00746269 0.0101826
0 0.730061 0.155021 0.0118937 0.0158006
0 0.550956 0.147999 0.00536381 0.00667135
0 0.70569 0.149579 0.0051306 0.0105337
0 0.51924 0.14835 0.00443097 0.00877809
0 0.714202 0.148701 0.00676306 0.0101826
0 0.569263 0.148174 0.00419776 0.011236
0 0.338969 0.151685 0.0114272 0.0196629
0 0.290812 0.149754 0.014459 0.0172051
0 0.563083 0.141152 0.00349813 0.00561798
0 0.578008 0.139396 0.00303172 0.00491573
0 0.318097 0.140098 0.00839552 0.0126404
0 0.335005 0.137816 0.00396455 0.00877809
0 0.426772 0.145014 0.0139925 0.0280899
0 0.738689 0.133427 0.00443097 0.00561798
0 0.729244 0.13764 0.0079291 0.0189607
0 0.345499 0.130969 0.00349813 0.00561798
0 0.740205 0.127985 0.00279851 0.00386236
0 0.475863 0.140449 0.0244869 0.0379213
0 0.339785 0.122893 0.00559701 0.00491573
0 0.721199 0.120962 0.00396455 0.00667135
0 0.178405 0.117802 0.00419776 0.0059691
0 0.733326 0.11552 0.00303172 0.00421348
0 0.357043 0.116222 0.00652985 0.00702247
0 0.32521 0.12026 0.0104944 0.0158006
0 0.459771 0.131145 0.0142257 0.0403792
0 0.50035 0.121138 0.0184235 0.0217697
0 0.372901 0.116749 0.0116604 0.0136938
0 0.452542 0.110779 0.00396455 0.0073736
0 0.559235 0.108146 0.00373134 0.00561798
0 0.462803 0.100772 0.00489739 0.00772472
0 0.515508 0.103406 0.0109608 0.020014
0 0.334305 0.0983146 0.00956157 0.011236
0 0.708372 0.0907654 0.00676306 0.0143961
0 0.446245 0.0919944 0.00862873 0.0203652
0 0.458139 0.0835674 0.00489739 0.00842697
0 0.4382 0.0832163 0.00559701 0.00983146
0 0.344216 0.0925211 0.0163246 0.03125
0 0.487174 0.0925211 0.0228545 0.0333567
0 0.505014 0.0811096 0.00862873 0.0147472
0 0.359375 0.0905899 0.0149254 0.0386236
0 0.538829 0.0730337 0.00396455 0.00772472
0 0.428172 0.075316 0.0121269 0.0179073
0 0.379081 0.0816362 0.0389459 0.0361657
0 0.410564 0.0721559 0.0114272 0.0186096
0 0.399137 0.0656601 0.00629664 0.0105337
0 0.345732 0.0633778 0.0151586 0.0129916
0 0.476213 0.0593399 0.00373134 0.00561798
0 0.332323 0.0574087 0.00466418 0.00807584
0 0.482626 0.0549508 0.00303172 0.00456461
0 0.386077 0.0535463 0.00303172 0.00456461
0 0.353895 0.0537219 0.00489739 0.00632022
0 0.373134 0.0528441 0.00979478 0.0143961
0 0.475863 0.0479284 0.00396455 0.0059691
0 0.404151 0.0493329 0.00839552 0.0101826
0 0.422924 0.0498596 0.0151586 0.0119382
0 0.48659 0.0437149 0.00583022 0.00948034
0 0.394706 0.0472261 0.00583022 0.0179073
0 0.436334 0.0419593 0.00326493 0.00877809
0 0.412197 0.0428371 0.00443097 0.0189607
0 0.384562 0.035639 0.00559701 0.00948034
0 0.455107 0.0449438 0.0277519 0.0372191
0 0.433652 0.0237008 0.00816231 0.0108848
0 0.474347 0.0210674 0.00373134 0.00632022
0 0.33069 0.0221208 0.00419776 0.0119382
1 0.377449 0.933989 0.0118937 0.00912921
1 0.729011 0.925562 0.014459 0.00772472
1 0.353895 0.923982 0.0160914 0.0172051
1 0.617188 0.900281 0.0132929 0.0217697
1 0.631297 0.890098 0.0079291 0.0133427
1 0.404035 0.880969 0.0198228 0.0154494
1 0.342817 0.875176 0.0149254 0.0179073
1 0.642491 0.863764 0.00699627 0.0105337
1 0.697878 0.875351 0.0403451 0.0561798
1 0.748951 0.853933 0.00722948 0.0147472
1 0.731227 0.841643 0.0137593 0.0175562
1 0.565532 0.800386 0.0354478 0.0249298
1 0.508512 0.724544 0.00816231 0.00877809
1 0.133629 0.674684 0.00979478 0.025632
1 0.224347 0.639045 0.0153918 0.0330056
1 0.543727 0.571454 0.0184235 0.0291433
1 0.274137 0.440309 0.0198228 0.0358146
1 0.715252 0.410288 0.0191231 0.0305478
1 0.634328 0.407128 0.0396455 0.0333567
1 0.603545 0.395014 0.011194 0.0140449
1 0.630714 0.376931 0.0216884 0.0221208
1 0.661614 0.372893 0.00979478 0.0224719
1 0.560285 0.321629 0.00816231 0.0203652
1 0.230177 0.324789 0.016791 0.0266854
1 0.641208 0.294768 0.0193563 0.0242275
1 0.752915 0.293188 0.0109608 0.0224719
1 0.766908 0.279846 0.00862873 0.0126404
1 0.788013 0.258076 0.0102612 0.0189607
1 0.645056 0.172051 0.0158582 0.0161517
1 0.50618 0.175211 0.0426772 0.0393258
1 0.582789 0.118855 0.0186567 0.0193118
1 0.503498 0.0344101 0.0121269 0.0231742
3 0.524604 0.927669 0.00443097 0.00421348
3 0.459538 0.926088 0.00349813 0.00526685
3 0.268657 0.912219 0.00419776 0.00632022
3 0.754431 0.885534 0.00932836 0.0105337
3 0.535914 0.859199 0.00373134 0.00632022
3 0.534165 0.849544 0.0025653 0.00456461
3 0.511777 0.849719 0.00443097 0.00702247
3 0.32521 0.842872 0.00862873 0.00877809
3 0.446945 0.820225 0.00536381 0.00842697
3 0.579874 0.815485 0.00536381 0.00877809
3 0.568447 0.808111 0.00676306 0.00948034
3 0.560984 0.783357 0.00349813 0.00632022
3 0.500233 0.769487 0.00652985 0.0059691
3 0.30597 0.766327 0.00373134 0.00877809
3 0.509095 0.760534 0.00466418 0.00491573
3 0.479128 0.727177 0.00303172 0.00491573
3 0.423391 0.722963 0.00396455 0.00561798
3 0.501283 0.713132 0.00349813 0.00421348
3 0.597481 0.704003 0.00326493 0.00842697
3 0.606693 0.695751 0.00536381 0.0073736
3 0.543493 0.698912 0.0104944 0.0143961
3 0.353661 0.689607 0.00722948 0.00912921
3 0.545476 0.685569 0.00326493 0.00386236
3 0.790928 0.687149 0.00536381 0.011236
3 0.510961 0.676791 0.00419776 0.00667135
3 0.594916 0.671524 0.00279851 0.00456461
3 0.516441 0.669066 0.00629664 0.00807584
3 0.597715 0.664677 0.00373134 0.00632022
3 0.524604 0.659937 0.00349813 0.00386236
3 0.522738 0.655723 0.00303172 0.00386236
3 0.511194 0.645716 0.00186567 0.00421348
3 0.686684 0.640449 0.00303172 0.00421348
3 0.496152 0.642556 0.0076959 0.0105337
3 0.724464 0.628336 0.00396455 0.00526685
3 0.508279 0.614115 0.00303172 0.00421348
3 0.407649 0.587956 0.00373134 0.00526685
3 0.0995802 0.585147 0.0051306 0.0101826
3 0.617304 0.569698 0.00279851 0.00386236
3 0.496269 0.564431 0.00699627 0.0115871
3 0.254198 0.560744 0.00559701 0.00772472
3 0.331856 0.554951 0.00466418 0.00526685
3 0.676772 0.538097 0.00466418 0.0073736
3 0.650536 0.52967 0.00396455 0.00667135
3 0.292561 0.522121 0.00396455 0.00561798
3 0.734958 0.518961 0.00349813 0.00632022
3 0.762826 0.480162 0.00606343 0.00877809
3 0.291861 0.461728 0.00489739 0.00632022
3 0.288013 0.454529 0.00373134 0.0059691
3 0.632579 0.452247 0.00443097 0.00702247
3 0.285564 0.439431 0.00396455 0.00526685
3 0.285098 0.421524 0.00303172 0.0059691
3 0.687034 0.418715 0.00606343 0.00877809
3 0.734725 0.416784 0.00396455 0.00702247
3 0.695196 0.414501 0.00466418 0.00877809
3 0.281017 0.412044 0.00233209 0.00456461
3 0.30667 0.407128 0.00233209 0.00456461
3 0.276702 0.408357 0.00396455 0.00772472
3 0.680154 0.405899 0.00349813 0.00632022
3 0.701959 0.393961 0.00559701 0.00912921
3 0.314249 0.36394 0.0025653 0.00526685
3 0.58069 0.36552 0.00652985 0.00983146
3 0.629198 0.352353 0.00326493 0.00456461
3 0.782066 0.341643 0.00583022 0.00632022
3 0.595849 0.340414 0.00419776 0.00456461
3 0.579524 0.331285 0.00466418 0.00807584
3 0.661147 0.332865 0.00839552 0.0126404
3 0.589319 0.330407 0.0051306 0.0119382
3 0.590252 0.331636 0.000932836 0.00105337
3 0.659398 0.322331 0.00396455 0.00561798
3 0.754314 0.314782 0.00536381 0.0101826
3 0.718867 0.308813 0.00583022 0.0101826
3 0.742071 0.294242 0.00559701 0.00983146
3 0.235891 0.291433 0.00536381 0.00772472
3 0.626866 0.287921 0.00979478 0.0147472
3 0.558769 0.234375 0.00652985 0.00877809
3 0.320079 0.212254 0.00676306 0.00948034
3 0.518773 0.207338 0.00443097 0.0073736
3 0.633629 0.20014 0.00839552 0.0126404
3 0.532066 0.195927 0.00629664 0.00842697
3 0.377332 0.172402 0.00326493 0.00421348
3 0.531017 0.160288 0.00606343 0.00877809
3 0.448811 0.152037 0.00349813 0.00632022
3 0.599114 0.131671 0.00699627 0.00983146
3 0.520639 0.123947 0.00396455 0.00561798
3 0.406483 0.125351 0.00466418 0.00842697
3 0.390975 0.119206 0.00443097 0.00526685
3 0.598414 0.115169 0.00419776 0.00632022
3 0.610774 0.111657 0.00419776 0.00702247
3 0.41243 0.101475 0.00349813 0.00561798
3 0.664529 0.0380969 0.00489739 0.00807584
