0 0.538713 0.993329 0.00186567 0.00280899
0 0.47563 0.993153 0.00209888 0.00316011
0 0.531133 0.989993 0.00349813 0.00316011
0 0.536497 0.990169 0.00396455 0.00421348
0 0.510378 0.990169 0.00209888 0.00421348
0 0.467701 0.98736 0.00396455 0.00561798
0 0.530434 0.980513 0.00583022 0.0059691
0 0.538246 0.97823 0.00186567 0.00351124
0 0.441698 0.978406 0.00419776 0.00526685
0 0.485191 0.978055 0.00349813 0.00526685
0 0.534515 0.977001 0.00186567 0.00386236
0 0.531133 0.975421 0.00303172 0.00421348
0 0.48181 0.970857 0.00326493 0.00632022
0 0.524837 0.968399 0.00349813 0.00421348
0 0.492421 0.967872 0.00209888 0.00316011
0 0.522621 0.963308 0.00279851 0.00456461
0 0.513876 0.964361 0.0025653 0.00877809
0 0.51959 0.953652 0.00186567 0.00351124
0 0.531133 0.942942 0.00583022 0.00456461
0 0.533932 0.936973 0.00209888 0.00386236
0 0.234608 0.872191 0.00279851 0.00772472
0 0.167794 0.832338 0.00536381 0.00877809
0 0.789646 0.823736 0.00746269 0.0133427
0 0.766908 0.750527 0.00396455 0.0073736
0 0.749184 0.748069 0.00303172 0.00526685
0 0.755947 0.74842 0.00489739 0.00807584
0 0.796525 0.706636 0.00862873 0.020014
0 0.837453 0.683638 0.00326493 0.00632022
0 0.773554 0.666784 0.00233209 0.00491573
0 0.824044 0.665906 0.00396455 0.00807584
0 0.816931 0.663799 0.00233209 0.00456461
0 0.742421 0.66415 0.00583022 0.00948034
0 0.795709 0.659937 0.00652985 0.00526685
0 0.819146 0.655372 0.00676306 0.0073736
0 0.843633 0.651861 0.00163246 0.00245787
0 0.702192 0.650281 0.0079291 0.00491573
0 0.844333 0.646243 0.00163246 0.00245787
0 0.367304 0.64361 0.00233209 0.00491573
0 0.793843 0.643785 0.00606343 0.0073736
0 0.26236 0.641503 0.00233209 0.00632022
0 0.761427 0.638167 0.0051306 0.0059691
0 0.371269 0.623947 0.00233209 0.00772472
0 0.695896 0.623947 0.00746269 0.0105337
0 0.774254 0.617451 0.00373134 0.00526685
0 0.170359 0.61236 0.00349813 0.00421348
0 0.178288 0.609902 0.0025653 0.00702247
0 0.195196 0.605162 0.00233209 0.00386236
0 0.283699 0.607093 0.00816231 0.0119382
0 0.371618 0.604108 0.00536381 0.00807584
0 0.292444 0.606917 0.0079291 0.0150983
0 0.199394 0.599544 0.00186567 0.0059691
0 0.187034 0.599544 0.00279851 0.0059691
0 0.190998 0.597086 0.00326493 0.00456461
0 0.202659 0.597261 0.00233209 0.00702247
0 0.294893 0.594803 0.00209888 0.00561798
0 0.199277 0.592872 0.0025653 0.00456461
0 0.707206 0.579354 0.00349813 0.00491573
0 0.307836 0.579178 0.00373134 0.0059691
0 0.190299 0.579705 0.00606343 0.00842697
0 0.316115 0.572331 0.0025653 0.00491573
0 0.210704 0.572858 0.00349813 0.0059691
0 0.154384 0.571103 0.00279851 0.0073736
0 0.711171 0.561973 0.00396455 0.00386236
0 0.312617 0.530372 0.00396455 0.00456461
1 0.573461 0.908883 0.0107276 0.0073736
1 0.60716 0.927317 0.0244869 0.0449438
1 0.638643 0.923455 0.0235541 0.0526685
1 0.209188 0.875878 0.0149254 0.028441
1 0.315415 0.758251 0.0151586 0.0150983
1 0.559818 0.798455 0.0515392 0.100421
1 0.607393 0.753511 0.0342817 0.0351124
1 0.336171 0.230162 0.0193563 0.0214185
1 0.292211 0.166257 0.00886194 0.00386236
1 0.737523 0.171699 0.0123601 0.0301966
1 0.291395 0.157128 0.00862873 0.00667135
1 0.58722 0.163448 0.0195896 0.022823
1 0.265508 0.161166 0.0263526 0.0252809
1 0.260494 0.140098 0.0228545 0.0154494
1 0.292094 0.139221 0.0170243 0.022823
1 0.252915 0.0788272 0.00909515 0.00807584
1 0.514226 0.0665379 0.0177239 0.0389747
1 0.610658 0.0644312 0.035681 0.0733848
1 0.514342 0.0282654 0.0114272 0.020014
2 0.598064 0.976826 0.0254198 0.0463483
2 0.488689 0.924684 0.0165578 0.0249298
2 0.577659 0.947331 0.048041 0.0814607
2 0.716651 0.331285 0.0317164 0.0790028
2 0.451259 0.0647823 0.0205224 0.0445927
3 0.224813 0.911868 0.00559701 0.0105337
3 0.703591 0.828301 0.00419776 0.00702247
3 0.23834 0.698385 0.00559701 0.00842697
3 0.801656 0.687324 0.00163246 0.00316011
3 0.812617 0.680478 0.0025653 0.00421348
3 0.801306 0.673104 0.00466418 0.00772472
3 0.401119 0.542662 0.00419776 0.0073736
3 0.416511 0.538624 0.00373134 0.00561798
3 0.410914 0.522472 0.00373134 0.00632022
3 0.364739 0.494206 0.00373134 0.00526685
3 0.746968 0.44382 0.0079291 0.011236
3 0.493587 0.305302 0.00443097 0.00667135
3 0.178521 0.287921 0.00303172 0.00421348
3 0.31868 0.0602177 0.00536381 0.0059691
