0 0.272388 0.926088 0.00559701 0.00807584
0 0.277519 0.920471 0.00373134 0.00386236
0 0.278335 0.886587 0.00396455 0.00421348
0 0.253265 0.886587 0.00419776 0.00561798
0 0.268773 0.876229 0.00583022 0.00807584
0 0.257229 0.872015 0.00279851 0.00456461
0 0.165695 0.850421 0.00303172 0.00421348
0 0.765159 0.77809 0.0139925 0.0168539
0 0.746035 0.772472 0.0153918 0.011236
0 0.605061 0.758603 0.00722948 0.0108848
0 0.626866 0.747893 0.00559701 0.00772472
0 0.620219 0.69856 0.00676306 0.00948034
0 0.577892 0.677844 0.00699627 0.0143961
0 0.618004 0.672928 0.00652985 0.0101826
0 0.631297 0.658357 0.0079291 0.00912921
0 0.59993 0.662921 0.0076959 0.0203652
0 0.720033 0.647647 0.00676306 0.0108848
0 0.778918 0.64361 0.00746269 0.011236
0 0.587453 0.640274 0.00559701 0.00807584
0 0.631996 0.641854 0.0102612 0.0238764
0 0.607859 0.633076 0.00909515 0.0140449
0 0.636427 0.611482 0.00326493 0.0101826
0 0.60646 0.60481 0.00489739 0.0193118
0 0.785564 0.604459 0.0128265 0.0277388
0 0.767024 0.585147 0.00746269 0.034059
0 0.738223 0.549157 0.0114272 0.0133427
0 0.727729 0.546875 0.00722948 0.0115871
0 0.62535 0.531601 0.00489739 0.0147472
0 0.616371 0.52967 0.00419776 0.0235253
0 0.704058 0.516327 0.020056 0.0179073
0 0.753848 0.501404 0.00443097 0.0133427
0 0.744403 0.496313 0.00466418 0.00877809
0 0.66791 0.501404 0.0107276 0.0189607
0 0.711754 0.492275 0.00419776 0.00842697
0 0.742887 0.481917 0.00396455 0.00667135
0 0.763293 0.485955 0.0125933 0.0196629
0 0.792211 0.476826 0.00419776 0.00561798
0 0.653218 0.473139 0.0153918 0.0186096
0 0.754664 0.46875 0.0186567 0.0168539
0 0.526586 0.460147 0.00326493 0.0122893
0 0.502565 0.429249 0.0079291 0.0073736
0 0.607393 0.427493 0.0118937 0.022823
0 0.759562 0.435042 0.0195896 0.0519663
0 0.76236 0.408708 0.00326493 0.00491573
0 0.782416 0.410463 0.00652985 0.00983146
0 0.76924 0.406426 0.00722948 0.0108848
0 0.757346 0.397999 0.0118937 0.0172051
0 0.777635 0.397121 0.0137593 0.0161517
0 0.751632 0.38606 0.00466418 0.00807584
0 0.701143 0.390625 0.00862873 0.0172051
0 0.716301 0.375702 0.00396455 0.00702247
0 0.729128 0.371489 0.00396455 0.00842697
0 0.695546 0.366924 0.00722948 0.00912921
0 0.771339 0.375351 0.0249534 0.0330056
0 0.665112 0.358848 0.00419776 0.00632022
0 0.739739 0.361306 0.0233209 0.0330056
0 0.705924 0.351299 0.0116604 0.0136938
0 0.717934 0.338483 0.00676306 0.00912921
0 0.647388 0.337254 0.00699627 0.00877809
0 0.794193 0.337079 0.00722948 0.0126404
0 0.615322 0.328476 0.0137593 0.0122893
0 0.695312 0.305478 0.0104944 0.011236
0 0.666161 0.31882 0.0361474 0.059691
0 0.625816 0.295822 0.0515392 0.0600421
0 0.602262 0.261938 0.0198228 0.0168539
0 0.700326 0.254389 0.0354478 0.042486
0 0.659282 0.235428 0.00652985 0.00948034
0 0.641208 0.224544 0.00443097 0.00667135
0 0.655084 0.222261 0.011194 0.0182584
0 0.599464 0.208041 0.00349813 0.00667135
0 0.632463 0.205758 0.0172575 0.0105337
0 0.665812 0.206987 0.0158582 0.022823
0 0.722948 0.208392 0.014459 0.0291433
0 0.708372 0.177142 0.010028 0.0129916
0 0.691581 0.175386 0.0118937 0.0143961
1 0.619636 0.965765 0.0149254 0.0129916
1 0.653568 0.438553 0.0226213 0.0323034
1 0.826259 0.391152 0.0419776 0.056882
3 0.196595 0.845154 0.00466418 0.00632022
3 0.223997 0.811798 0.00209888 0.00351124
3 0.373834 0.801791 0.00279851 0.00386236
3 0.770756 0.477528 0.00419776 0.00632022
3 0.584072 0.455934 0.00629664 0.0115871
3 0.801423 0.440485 0.00583022 0.00877809
3 0.722248 0.407654 0.00466418 0.00632022
3 0.715252 0.401159 0.00466418 0.00807584
3 0.440065 0.243153 0.00886194 0.0115871
3 0.687966 0.0707514 0.00326493 0.0059691
