0 0.342351 0.726124 0.00606343 0.00772472
0 0.570079 0.227879 0.00209888 0.00351124
0 0.5618 0.212079 0.0125933 0.00912921
0 0.541978 0.20769 0.00419776 0.00456461
0 0.558652 0.201018 0.0132929 0.0115871
1 0.483559 0.959094 0.0188899 0.025632
1 0.754431 0.882198 0.025653 0.0347612
1 0.375117 0.804249 0.00956157 0.0108848
1 0.574743 0.607971 0.00676306 0.025632
1 0.733792 0.584972 0.0114272 0.0245787
1 0.73834 0.541784 0.0051306 0.0175562
1 0.648438 0.497542 0.015625 0.0189607
1 0.636894 0.435744 0.00932836 0.00983146
1 0.756763 0.447156 0.0363806 0.0523174
1 0.510611 0.356215 0.0142257 0.022823
1 0.545009 0.330232 0.00699627 0.0143961
1 0.788013 0.331636 0.0335821 0.0544242
1 0.833022 0.313378 0.0261194 0.0516152
1 0.535564 0.291081 0.0128265 0.0252809
1 0.796758 0.283181 0.0114272 0.0136938
1 0.777169 0.28283 0.0165578 0.0186096
1 0.55049 0.282479 0.0174907 0.0354635
1 0.766208 0.273174 0.0128265 0.0280899
1 0.149837 0.259656 0.0128265 0.0108848
1 0.350979 0.260709 0.0275187 0.0347612
1 0.757579 0.251931 0.0193563 0.0186096
1 0.341768 0.185569 0.0352146 0.036868
1 0.414179 0.169242 0.011194 0.0210674
1 0.336637 0.145365 0.0216884 0.0203652
1 0.68132 0.12184 0.00676306 0.00983146
1 0.363106 0.0567065 0.0205224 0.0277388
3 0.498484 0.850421 0.00489739 0.00772472
3 0.374767 0.814958 0.00373134 0.00491573
3 0.661031 0.710147 0.00536381 0.00807584
3 0.814249 0.691362 0.00583022 0.00772472
3 0.820779 0.663448 0.0076959 0.0115871
3 0.455107 0.642732 0.00443097 0.0073736
3 0.419893 0.629916 0.00536381 0.00772472
3 0.727495 0.622718 0.00629664 0.00948034
3 0.290578 0.582865 0.00373134 0.00561798
3 0.616488 0.571454 0.00303172 0.00456461
3 0.721898 0.563027 0.00443097 0.00807584
3 0.385145 0.54073 0.00396455 0.00561798
3 0.453242 0.531952 0.00629664 0.00983146
3 0.439132 0.520365 0.0051306 0.00772472
3 0.697178 0.514747 0.00349813 0.00561798
3 0.663829 0.495084 0.00396455 0.00561798
3 0.445546 0.486657 0.00536381 0.00772472
3 0.686217 0.474719 0.00443097 0.00632022
3 0.769823 0.466117 0.00326493 0.0059691
3 0.640975 0.453827 0.0025653 0.00386236
3 0.627682 0.447858 0.00209888 0.00386236
3 0.513526 0.446103 0.00606343 0.00877809
3 0.35028 0.415555 0.00652985 0.00948034
3 0.78778 0.394312 0.0051306 0.00632022
3 0.402052 0.388869 0.00373134 0.00456461
3 0.38188 0.387465 0.00583022 0.00948034
3 0.395989 0.385007 0.00419776 0.0073736
3 0.53778 0.349895 0.00373134 0.00526685
3 0.323111 0.344979 0.00536381 0.00877809
3 0.520989 0.338659 0.00466418 0.00667135
3 0.552589 0.33111 0.00303172 0.00491573
3 0.497201 0.327774 0.00326493 0.00456461
3 0.526003 0.326896 0.00349813 0.00491573
3 0.535564 0.320576 0.00396455 0.00632022
3 0.493703 0.316889 0.00279851 0.00456461
3 0.503382 0.31724 0.00536381 0.0073736
3 0.509445 0.313553 0.00396455 0.00632022
3 0.784981 0.306531 0.0051306 0.00632022
3 0.548624 0.307584 0.00536381 0.00912921
3 0.609725 0.303722 0.0025653 0.00421348
3 0.663246 0.297051 0.00279851 0.00421348
3 0.610308 0.29073 0.00466418 0.00702247
3 0.532416 0.267205 0.00559701 0.00702247
3 0.393657 0.263518 0.00419776 0.0059691
3 0.611824 0.254038 0.00583022 0.00948034
3 0.547108 0.240344 0.00839552 0.0122893
3 0.463503 0.217521 0.00349813 0.00526685
3 0.59923 0.213834 0.00349813 0.00561798
3 0.523904 0.204881 0.00536381 0.00667135
3 0.641674 0.194171 0.00349813 0.00491573
3 0.532766 0.177493 0.00536381 0.00807584
3 0.345382 0.146945 0.00373134 0.00526685
3 0.604827 0.146419 0.00349813 0.00491573
3 0.643424 0.146243 0.00466418 0.00667135
3 0.613923 0.141503 0.00349813 0.00561798
3 0.610891 0.126229 0.00349813 0.00526685
3 0.647038 0.118504 0.0025653 0.00386236
3 0.635261 0.110955 0.00233209 0.00351124
3 0.50618 0.100246 0.00349813 0.00526685
3 0.251516 0.0918188 0.00396455 0.0059691
3 0.650536 0.0928722 0.00722948 0.00948034
3 0.583955 0.0847963 0.00373134 0.00526685
