0 0.316814 0.666959 0.0137593 0.020014
0 0.595033 0.625351 0.00396455 0.00421348
0 0.775303 0.606917 0.00536381 0.0122893
0 0.344916 0.602704 0.0051306 0.00877809
0 0.694146 0.561447 0.00116604 0.00210674
0 0.69951 0.563202 0.00583022 0.00842697
0 0.579291 0.559867 0.00139925 0.00245787
0 0.568913 0.55934 0.0025653 0.00280899
0 0.68132 0.557935 0.0198228 0.0119382
0 0.71805 0.554073 0.00419776 0.00632022
0 0.706623 0.552142 0.00466418 0.00807584
0 0.731926 0.546699 0.00116604 0.00210674
0 0.736707 0.544417 0.0051306 0.00526685
0 0.696595 0.538448 0.00186567 0.00316011
0 0.736007 0.538799 0.00699627 0.00807584
0 0.718633 0.541257 0.0244869 0.0298455
0 0.681786 0.534761 0.0240205 0.0217697
0 0.70709 0.515274 0.0335821 0.0263343
0 0.727729 0.510007 0.00862873 0.0221208
0 0.700443 0.504038 0.0170243 0.0150983
0 0.746152 0.507374 0.0272854 0.0231742
0 0.677822 0.508954 0.0263526 0.0277388
0 0.670126 0.495611 0.00816231 0.00877809
0 0.770406 0.492451 0.00303172 0.00386236
0 0.668377 0.489642 0.00233209 0.00386236
0 0.677239 0.48736 0.00186567 0.00280899
0 0.726679 0.487008 0.00326493 0.00351124
0 0.659865 0.484024 0.00209888 0.00316011
0 0.649254 0.481566 0.00186567 0.00245787
0 0.674907 0.477177 0.00186567 0.00491573
0 0.73764 0.470857 0.00279851 0.00491573
0 0.691115 0.470857 0.0025653 0.00561798
0 0.784165 0.468223 0.00349813 0.00456461
0 0.70091 0.469803 0.00489739 0.00912921
0 0.670476 0.466994 0.00233209 0.00561798
0 0.748484 0.469628 0.0174907 0.0150983
0 0.756996 0.48139 0.0419776 0.0393258
0 0.745103 0.487184 0.00279851 0.00456461
0 0.622901 0.454705 0.00233209 0.00561798
0 0.759562 0.453652 0.0102612 0.0154494
0 0.64937 0.45611 0.0123601 0.0224719
0 0.647388 0.456285 0.000932836 0.00105337
0 0.749184 0.445751 0.0025653 0.00386236
0 0.761777 0.441362 0.00209888 0.00351124
0 0.640042 0.443996 0.00816231 0.0115871
0 0.765042 0.439607 0.00349813 0.00351124
0 0.755014 0.443996 0.00583022 0.0122893
0 0.659981 0.43908 0.00419776 0.00948034
0 0.50035 0.440133 0.00862873 0.0129916
0 0.76271 0.432409 0.00816231 0.0115871
0 0.751866 0.428195 0.00466418 0.0059691
0 0.671409 0.423279 0.00186567 0.00456461
0 0.747785 0.423279 0.00443097 0.00667135
0 0.752799 0.421173 0.00559701 0.0059691
0 0.756063 0.41731 0.00326493 0.00316011
0 0.656367 0.421699 0.0165578 0.0182584
0 0.762477 0.411692 0.00396455 0.00456461
0 0.76889 0.412219 0.00419776 0.00842697
0 0.673741 0.406601 0.0107276 0.00491573
0 0.748717 0.405197 0.00209888 0.00421348
0 0.6875 0.401861 0.00233209 0.00316011
0 0.69403 0.394136 0.00233209 0.00877809
0 0.676306 0.393434 0.00979478 0.0122893
0 0.699277 0.389572 0.00349813 0.00807584
0 0.761077 0.390098 0.00629664 0.011236
0 0.769473 0.391327 0.00583022 0.0143961
0 0.684818 0.381496 0.0132929 0.0150983
0 0.716768 0.378511 0.0142257 0.0161517
0 0.717584 0.381847 0.00186567 0.00175562
0 0.713153 0.381145 0.000932836 0.00105337
0 0.755714 0.377107 0.0132929 0.0196629
0 0.691814 0.370962 0.00722948 0.00948034
0 0.62465 0.38132 0.0165578 0.0337079
0 0.705107 0.362008 0.00163246 0.00280899
0 0.704757 0.367626 0.0125933 0.0168539
0 0.722248 0.359199 0.00233209 0.00351124
0 0.715835 0.362886 0.00816231 0.0150983
0 0.632696 0.355337 0.00279851 0.00491573
0 0.656017 0.360428 0.00699627 0.0165028
0 0.725396 0.353055 0.00209888 0.00386236
0 0.7191 0.350772 0.00209888 0.00421348
0 0.741138 0.369733 0.0265858 0.0463483
0 0.73181 0.380794 0.00466418 0.00456461
0 0.737523 0.346208 0.00536381 0.00561798
0 0.722831 0.344452 0.00209888 0.00210674
0 0.68167 0.346383 0.00652985 0.0073736
0 0.673974 0.339361 0.00186567 0.00105337
0 0.729011 0.338659 0.00419776 0.00386236
0 0.706507 0.343223 0.0170243 0.0143961
0 0.689599 0.338308 0.00279851 0.00526685
0 0.669426 0.332514 0.00396455 0.00351124
0 0.73764 0.332338 0.0102612 0.00877809
0 0.680504 0.331636 0.011194 0.0122893
0 0.733326 0.323209 0.00303172 0.0073736
0 0.740438 0.318469 0.00139925 0.00351124
0 0.686684 0.323385 0.0104944 0.0168539
0 0.709305 0.32198 0.0132929 0.0147472
0 0.723181 0.323209 0.0121269 0.0221208
0 0.684235 0.306355 0.011194 0.0122893
0 0.591068 0.298982 0.00349813 0.00456461
0 0.673041 0.286341 0.00139925 0.00175562
0 0.667211 0.282128 0.00606343 0.00877809
0 0.672808 0.278968 0.00233209 0.00386236
0 0.65007 0.279143 0.00396455 0.00491573
0 0.658815 0.274052 0.00233209 0.00316011
0 0.678638 0.270541 0.00233209 0.00386236
0 0.657649 0.26861 0.00373134 0.00561798
0 0.664179 0.250878 0.00419776 0.00667135
1 0.288363 0.908006 0.0450093 0.0926966
1 0.622551 0.866222 0.0193563 0.0161517
1 0.533349 0.838132 0.0139925 0.0210674
1 0.239272 0.861482 0.0359142 0.088132
1 0.352612 0.826721 0.0186567 0.0207163
1 0.638176 0.834094 0.0328825 0.036868
1 0.749184 0.769487 0.0137593 0.025632
1 0.111124 0.69224 0.0314832 0.0593399
1 0.101096 0.636236 0.0226213 0.0161517
1 0.770406 0.457163 0.0104944 0.00912921
1 0.697528 0.414853 0.00932836 0.0143961
1 0.245103 0.161341 0.0223881 0.0628511
2 0.236824 0.895716 0.0235541 0.0505618
2 0.558186 0.853055 0.026819 0.0445927
2 0.567514 0.823209 0.0202892 0.025632
2 0.675723 0.189431 0.0165578 0.0466994
2 0.664646 0.123947 0.0191231 0.0435393
2 0.588386 0.0998947 0.0195896 0.0129916
3 0.745336 0.824965 0.00419776 0.00667135
3 0.399837 0.788624 0.0114272 0.0175562
3 0.376632 0.776159 0.00886194 0.0136938
3 0.740322 0.528617 0.00303172 0.00456461
3 0.742421 0.435744 0.00349813 0.00561798
3 0.791278 0.42802 0.00326493 0.00491573
3 0.734025 0.418013 0.00536381 0.0073736
3 0.595149 0.372542 0.00233209 0.00421348
3 0.582439 0.364115 0.00349813 0.00561798
3 0.659165 0.290555 0.0025653 0.00386236
3 0.69368 0.277212 0.00349813 0.00526685
3 0.684235 0.258251 0.00419776 0.00667135
3 0.556553 0.0509129 0.00722948 0.00983146
