0 0.688083 0.974017 0.00583022 0.00632022
0 0.6868 0.962605 0.0158582 0.0101826
0 0.704291 0.947507 0.00746269 0.0073736
0 0.266908 0.636236 0.0076959 0.00983146
0 0.424324 0.619909 0.010028 0.0165028
0 0.26306 0.609902 0.0079291 0.00912921
0 0.209888 0.594101 0.00606343 0.00702247
0 0.267257 0.585499 0.00932836 0.0129916
0 0.225863 0.577072 0.00443097 0.00456461
0 0.225513 0.570225 0.00373134 0.00491573
0 0.217584 0.569347 0.00606343 0.0059691
0 0.523671 0.566889 0.00816231 0.0122893
0 0.2191 0.563202 0.00443097 0.00561798
0 0.212337 0.564431 0.00816231 0.0115871
0 0.528335 0.555478 0.00676306 0.00842697
0 0.520872 0.549508 0.00536381 0.00561798
0 0.545126 0.547402 0.00303172 0.00491573
0 0.202659 0.54389 0.00233209 0.00351124
0 0.555387 0.536868 0.0025653 0.00421348
0 0.205107 0.537219 0.00396455 0.00491573
0 0.518657 0.537395 0.00979478 0.0101826
0 0.551539 0.526685 0.00233209 0.00351124
0 0.329058 0.523525 0.00186567 0.00351124
0 0.43132 0.520014 0.0114272 0.0133427
0 0.417094 0.512465 0.00489739 0.0073736
0 0.315065 0.508251 0.00373134 0.00526685
0 0.422691 0.506847 0.0104944 0.0158006
0 0.58174 0.49684 0.00303172 0.00561798
0 0.441465 0.502809 0.0214552 0.0189607
0 0.38701 0.497367 0.00956157 0.0115871
0 0.397388 0.496489 0.00466418 0.0147472
0 0.585005 0.489993 0.00349813 0.00245787
0 0.585005 0.47823 0.00536381 0.00561798
0 0.57451 0.469803 0.010028 0.0140449
0 0.558652 0.462781 0.00816231 0.00772472
0 0.559352 0.451545 0.00583022 0.00842697
0 0.327659 0.441187 0.00559701 0.0059691
0 0.322528 0.43276 0.00559701 0.0059691
0 0.357626 0.416959 0.0025653 0.00386236
0 0.305737 0.424684 0.00886194 0.0207163
0 0.43202 0.409059 0.00536381 0.00561798
1 0.501632 0.815133 0.00746269 0.0073736
1 0.496618 0.780197 0.0282183 0.0519663
1 0.526936 0.661166 0.0207556 0.0182584
1 0.18167 0.60165 0.0051306 0.0115871
1 0.159165 0.531777 0.015625 0.0158006
1 0.245569 0.508076 0.0102612 0.0133427
1 0.175956 0.497718 0.00816231 0.0129916
1 0.483792 0.432233 0.0104944 0.00632022
1 0.228778 0.39677 0.00559701 0.0147472
1 0.207323 0.401334 0.0237873 0.0407303
1 0.220382 0.357444 0.0079291 0.011236
1 0.296875 0.372367 0.0237873 0.0495084
1 0.582323 0.109024 0.0452425 0.0775983
1 0.674674 0.0656601 0.00979478 0.0224719
2 0.650303 0.899754 0.0282183 0.0235253
2 0.624417 0.0488062 0.0296175 0.0344101
3 0.556903 0.846383 0.00699627 0.0101826
3 0.498251 0.826896 0.00583022 0.00912921
3 0.575326 0.745435 0.00279851 0.00421348
3 0.571828 0.735253 0.00373134 0.00561798
3 0.559118 0.678371 0.00443097 0.00632022
3 0.575326 0.669944 0.00233209 0.00351124
3 0.614855 0.576018 0.00303172 0.00456461
3 0.617771 0.564256 0.00419776 0.00491573
3 0.134445 0.561622 0.00722948 0.0101826
3 0.188083 0.560218 0.00489739 0.00807584
3 0.18167 0.539677 0.00373134 0.00491573
3 0.225979 0.527388 0.00699627 0.011236
3 0.572295 0.521067 0.00279851 0.00351124
3 0.20091 0.520892 0.00443097 0.0073736
3 0.571712 0.514923 0.0025653 0.00386236
3 0.55632 0.506671 0.00349813 0.00561798
3 0.571945 0.503511 0.00536381 0.00772472
3 0.569613 0.497542 0.0025653 0.00421348
3 0.688783 0.205407 0.00489739 0.00702247
3 0.703008 0.195049 0.00536381 0.0073736
3 0.598881 0.170119 0.00559701 0.00667135
3 0.312966 0.111833 0.00606343 0.00877809
