0 0.556903 0.984551 0.00326493 0.00351124
0 0.556786 0.964361 0.00209888 0.00316011
0 0.553638 0.962254 0.00326493 0.00456461
0 0.582323 0.937851 0.00373134 0.00702247
0 0.512826 0.933989 0.00466418 0.00561798
0 0.535215 0.933462 0.011194 0.0143961
0 0.544426 0.929424 0.00583022 0.0133427
0 0.531833 0.923982 0.00443097 0.00456461
0 0.535681 0.922402 0.00233209 0.00351124
0 0.561101 0.921173 0.00186567 0.00245787
0 0.537663 0.920646 0.00116604 0.00210674
0 0.540345 0.921875 0.00279851 0.00526685
0 0.527052 0.919417 0.0051306 0.00456461
0 0.545009 0.91889 0.00279851 0.00421348
0 0.51271 0.916433 0.00676306 0.0133427
0 0.56798 0.911166 0.0025653 0.00351124
0 0.698461 0.912746 0.0051306 0.00807584
0 0.526119 0.909586 0.00373134 0.00526685
0 0.581623 0.905372 0.00139925 0.00316011
0 0.678638 0.90467 0.0051306 0.00667135
0 0.595499 0.903441 0.00396455 0.00561798
0 0.521105 0.901861 0.00396455 0.0122893
0 0.681437 0.898525 0.0102612 0.00632022
0 0.527169 0.894312 0.00209888 0.00280899
0 0.589552 0.893961 0.00373134 0.00491573
0 0.664179 0.890449 0.00326493 0.00421348
0 0.59305 0.889045 0.00279851 0.00421348
0 0.672225 0.888518 0.00349813 0.00526685
0 0.567281 0.886938 0.00489739 0.00280899
0 0.592351 0.877107 0.00559701 0.0140449
0 0.585005 0.875351 0.00676306 0.011236
0 0.534049 0.875878 0.011194 0.0158006
0 0.672575 0.867275 0.00326493 0.00491573
0 0.497668 0.863237 0.0135261 0.0129916
0 0.515159 0.87026 0.0102612 0.0277388
0 0.361474 0.853757 0.0051306 0.00667135
0 0.588619 0.856566 0.0102612 0.022823
0 0.656716 0.847963 0.00559701 0.00632022
0 0.602612 0.857093 0.0121269 0.0301966
0 0.496502 0.840239 0.00139925 0.00210674
0 0.45569 0.84059 0.00233209 0.00351124
0 0.541511 0.837079 0.00233209 0.00280899
0 0.583489 0.839361 0.0079291 0.0101826
0 0.571362 0.833041 0.00326493 0.00386236
0 0.591768 0.831636 0.0025653 0.00386236
0 0.564832 0.830758 0.00233209 0.00280899
0 0.540345 0.83111 0.00186567 0.00351124
0 0.651003 0.833919 0.0132929 0.011236
0 0.724697 0.829529 0.00349813 0.00456461
0 0.558885 0.824438 0.00163246 0.00210674
0 0.706273 0.825492 0.00443097 0.00491573
0 0.54979 0.827072 0.00489739 0.00807584
0 0.731343 0.824263 0.00139925 0.00316011
0 0.544776 0.825667 0.00466418 0.0073736
0 0.665345 0.824087 0.00606343 0.00491573
0 0.532066 0.829881 0.00722948 0.0165028
0 0.617887 0.823034 0.0025653 0.00561798
0 0.535914 0.821629 0.00419776 0.00491573
0 0.521105 0.820751 0.00163246 0.00316011
0 0.505247 0.820751 0.0025653 0.00456461
0 0.51889 0.838834 0.0205224 0.0421348
0 0.571945 0.817416 0.00209888 0.00421348
0 0.254198 0.818469 0.00606343 0.00983146
0 0.678988 0.815133 0.00676306 0.00667135
0 0.575443 0.814958 0.00396455 0.00632022
0 0.575443 0.814782 0.000699627 0.00105337
0 0.70604 0.813027 0.00396455 0.00386236
0 0.739972 0.813553 0.00419776 0.00561798
0 0.588386 0.81882 0.00839552 0.0161517
0 0.56903 0.810042 0.00279851 0.00421348
0 0.531716 0.810042 0.0107276 0.0126404
0 0.576026 0.802669 0.00233209 0.00351124
0 0.597015 0.804249 0.00326493 0.00877809
0 0.662896 0.801088 0.00489739 0.00386236
0 0.499067 0.802142 0.00886194 0.00948034
0 0.551189 0.807584 0.0286847 0.0224719
0 0.717584 0.798806 0.0051306 0.00561798
0 0.737873 0.795646 0.00279851 0.00491573
0 0.631063 0.799508 0.0116604 0.0161517
0 0.548974 0.791959 0.00699627 0.0073736
0 0.72563 0.785639 0.00349813 0.00526685
0 0.592351 0.785112 0.00279851 0.00491573
0 0.638176 0.783532 0.0198228 0.0186096
0 0.6559 0.775632 0.00489739 0.00491573
0 0.58104 0.767381 0.00209888 0.00316011
0 0.569846 0.765625 0.00209888 0.00316011
0 0.632696 0.766327 0.00839552 0.0059691
0 0.564132 0.764045 0.00233209 0.00421348
0 0.56798 0.76106 0.00209888 0.00316011
0 0.577775 0.754916 0.0025653 0.00351124
0 0.572994 0.75632 0.00419776 0.00632022
0 0.588386 0.75474 0.00279851 0.00456461
0 0.738573 0.714888 0.00466418 0.00983146
0 0.475396 0.702072 0.00209888 0.00386236
0 0.718284 0.709796 0.0135261 0.0221208
0 0.661614 0.704881 0.00652985 0.0129916
0 0.700326 0.702949 0.0116604 0.0105337
0 0.737057 0.698209 0.00163246 0.00316011
0 0.492304 0.698736 0.00279851 0.00421348
0 0.722948 0.699087 0.00233209 0.00561798
0 0.489972 0.694347 0.00139925 0.00316011
0 0.675023 0.700667 0.0151586 0.0165028
0 0.510844 0.695049 0.00209888 0.00526685
0 0.73764 0.692942 0.00186567 0.00245787
0 0.484142 0.692942 0.00233209 0.00386236
0 0.565182 0.688027 0.00489739 0.0059691
0 0.478661 0.686271 0.00536381 0.0073736
0 0.66826 0.686271 0.00722948 0.00948034
0 0.715019 0.687851 0.00606343 0.0140449
0 0.529151 0.681355 0.00233209 0.00386236
0 0.690648 0.687676 0.0104944 0.0214185
0 0.499534 0.676264 0.00186567 0.00280899
0 0.721082 0.677669 0.00652985 0.0105337
0 0.704291 0.676088 0.00652985 0.00877809
0 0.667211 0.674333 0.00419776 0.00526685
0 0.716068 0.672226 0.00303172 0.00386236
0 0.646455 0.675035 0.00606343 0.0108848
0 0.683652 0.680478 0.0128265 0.0238764
0 0.5007 0.670646 0.00373134 0.00421348
0 0.710588 0.670646 0.00466418 0.00772472
0 0.698228 0.669944 0.00886194 0.00772472
0 0.659865 0.668539 0.00862873 0.00702247
0 0.721082 0.663975 0.00466418 0.00351124
0 0.567281 0.663448 0.00536381 0.0108848
0 0.576493 0.656426 0.00279851 0.00456461
0 0.626632 0.664853 0.0130597 0.022823
0 0.59993 0.655021 0.0025653 0.00316011
0 0.554688 0.652914 0.00163246 0.00245787
0 0.679688 0.657654 0.010028 0.0126404
0 0.699743 0.658532 0.0123601 0.0158006
0 0.538246 0.652739 0.00279851 0.00421348
0 0.583139 0.654494 0.0123601 0.00983146
0 0.549557 0.654319 0.00536381 0.0129916
0 0.655317 0.652388 0.00652985 0.0105337
0 0.670126 0.64835 0.00349813 0.00526685
0 0.645289 0.651334 0.00652985 0.011236
0 0.546525 0.644838 0.00163246 0.00245787
0 0.686684 0.646067 0.00722948 0.00702247
0 0.584771 0.645365 0.00349813 0.00702247
0 0.551073 0.639923 0.00186567 0.00316011
0 0.732043 0.639221 0.00233209 0.00386236
0 0.546409 0.638694 0.000932836 0.00280899
0 0.645522 0.635885 0.00606343 0.00421348
0 0.523787 0.657654 0.0284515 0.051264
0 0.595849 0.643961 0.0130597 0.0280899
0 0.720732 0.626404 0.00209888 0.00632022
0 0.647505 0.619031 0.00443097 0.00842697
0 0.617654 0.640801 0.0450093 0.0554775
0 0.609725 0.663448 0.00116604 0.00175562
0 0.610191 0.66257 0.000699627 0.00140449
0 0.610424 0.661692 0.000699627 0.00175562
0 0.605294 0.651159 0.000699627 0.00105337
0 0.630247 0.628336 0.000699627 0.00105337
0 0.621735 0.622191 0.00419776 0.00561798
0 0.721199 0.613413 0.0025653 0.00561798
0 0.717817 0.611131 0.00233209 0.00456461
0 0.530784 0.60007 0.00186567 0.00210674
0 0.51819 0.600772 0.00233209 0.00421348
0 0.524604 0.597788 0.00163246 0.00316011
0 0.759328 0.597437 0.00186567 0.00316011
0 0.661381 0.609024 0.0181903 0.0277388
0 0.677472 0.619909 0.0536381 0.0516152
0 0.638876 0.594101 0.00303172 0.00421348
0 0.466068 0.593926 0.00209888 0.00386236
0 0.532066 0.589537 0.00209888 0.00351124
0 0.736124 0.588834 0.0025653 0.00421348
0 0.523554 0.587605 0.00186567 0.00245787
0 0.73041 0.591292 0.00979478 0.0105337
0 0.512826 0.587956 0.00326493 0.00386236
0 0.745919 0.590765 0.010028 0.0122893
0 0.543027 0.588132 0.0025653 0.00702247
0 0.550956 0.586201 0.0025653 0.00456461
0 0.463153 0.586201 0.00279851 0.00456461
0 0.532299 0.585323 0.00163246 0.00351124
0 0.682836 0.583392 0.00279851 0.00456461
0 0.516558 0.58269 0.00279851 0.00456461
0 0.717584 0.584445 0.00606343 0.0101826
0 0.444963 0.578652 0.00279851 0.00561798
0 0.454757 0.580758 0.00652985 0.011236
0 0.757229 0.578827 0.00699627 0.0108848
0 0.588503 0.573209 0.0025653 0.00386236
0 0.470849 0.574965 0.0135261 0.0136938
0 0.710588 0.56882 0.00233209 0.00280899
0 0.702775 0.579354 0.00956157 0.0280899
0 0.721199 0.565485 0.00396455 0.00667135
0 0.519356 0.566362 0.00652985 0.00983146
0 0.530317 0.563027 0.00326493 0.00526685
0 0.509562 0.560393 0.00233209 0.00351124
0 0.706856 0.560218 0.00466418 0.00386236
0 0.714669 0.560569 0.00489739 0.0059691
0 0.518074 0.558111 0.00303172 0.00456461
0 0.50548 0.556004 0.0025653 0.00456461
0 0.601679 0.554249 0.00233209 0.00386236
0 0.45569 0.550913 0.00139925 0.00210674
0 0.584655 0.552142 0.00279851 0.00526685
0 0.5 0.550913 0.00186567 0.00280899
0 0.463736 0.551088 0.00536381 0.0059691
0 0.724464 0.547051 0.00629664 0.00491573
0 0.519007 0.546875 0.00443097 0.0059691
0 0.440765 0.546173 0.00233209 0.00456461
0 0.501749 0.542135 0.00583022 0.00842697
0 0.44916 0.538624 0.00233209 0.00280899
0 0.519706 0.537746 0.00163246 0.00316011
0 0.503148 0.535288 0.00209888 0.00316011
0 0.447994 0.53283 0.00279851 0.00667135
0 0.506996 0.53125 0.00279851 0.00421348
0 0.445429 0.531601 0.00186567 0.00491573
0 0.515159 0.53125 0.00419776 0.00561798
0 0.510261 0.520541 0.00233209 0.00316011
0 0.433419 0.516503 0.00209888 0.00491573
0 0.458022 0.517732 0.0051306 0.00807584
0 0.483792 0.53915 0.0282183 0.0565309
0 0.479711 0.512992 0.00373134 0.00421348
0 0.503382 0.514045 0.00583022 0.00772472
0 0.507929 0.5079 0.00886194 0.00667135
0 0.52577 0.502809 0.0025653 0.00280899
0 0.697645 0.50316 0.00489739 0.00702247
0 0.659165 0.500702 0.00443097 0.00702247
0 0.517491 0.499824 0.00279851 0.0059691
0 0.694729 0.498244 0.00139925 0.00351124
0 0.511311 0.498069 0.00583022 0.0059691
0 0.694146 0.494031 0.00116604 0.00280899
0 0.409049 0.497015 0.00652985 0.0101826
0 0.667561 0.495611 0.00909515 0.00877809
0 0.69298 0.490169 0.00116604 0.00210674
0 0.690765 0.490344 0.00279851 0.00316011
0 0.518307 0.491397 0.00676306 0.00877809
0 0.687383 0.486131 0.00303172 0.00456461
0 0.548158 0.485604 0.00396455 0.00632022
0 0.678405 0.478581 0.00186567 0.00280899
0 0.43785 0.478933 0.00349813 0.00491573
0 0.510145 0.479635 0.0114272 0.0133427
0 0.682719 0.47665 0.00443097 0.00807584
0 0.529618 0.486131 0.0149254 0.0277388
0 0.474813 0.476124 0.00373134 0.00842697
0 0.553288 0.475421 0.00349813 0.0119382
0 0.409165 0.471735 0.00489739 0.0073736
0 0.69916 0.477001 0.00606343 0.0186096
0 0.704874 0.47507 0.00676306 0.0168539
0 0.492071 0.478055 0.0153918 0.022823
0 0.525536 0.466819 0.00209888 0.00456461
0 0.506063 0.467346 0.00373134 0.00632022
0 0.472831 0.464537 0.00163246 0.00210674
0 0.562966 0.464537 0.00233209 0.00421348
0 0.445429 0.481566 0.011194 0.039677
0 0.394356 0.462079 0.00233209 0.00491573
0 0.391091 0.461201 0.00186567 0.00316011
0 0.615672 0.461376 0.00326493 0.00421348
0 0.475863 0.460674 0.00349813 0.00421348
0 0.398787 0.461903 0.00419776 0.00667135
0 0.490555 0.460147 0.00303172 0.00456461
0 0.707556 0.459445 0.00419776 0.00526685
0 0.524254 0.458919 0.00326493 0.00491573
0 0.569963 0.458567 0.00233209 0.00561798
0 0.548274 0.458041 0.00139925 0.00456461
0 0.480527 0.457163 0.00209888 0.00351124
0 0.489272 0.456636 0.00139925 0.00316011
0 0.550956 0.45769 0.00349813 0.00667135
0 0.682486 0.454354 0.00163246 0.00280899
0 0.404035 0.460323 0.00583022 0.0147472
0 0.674557 0.457338 0.00629664 0.0101826
0 0.558885 0.457338 0.00536381 0.0115871
0 0.470849 0.453125 0.00233209 0.00526685
0 0.394706 0.452423 0.00396455 0.0059691
0 0.604594 0.451721 0.00443097 0.0073736
0 0.540695 0.455407 0.00629664 0.0147472
0 0.492537 0.451545 0.00373134 0.00702247
0 0.657533 0.447683 0.00349813 0.00351124
0 0.48764 0.44856 0.00233209 0.00526685
0 0.641674 0.464712 0.0291511 0.0382725
0 0.641325 0.464361 0.00373134 0.00948034
0 0.565182 0.451194 0.0114272 0.0140449
0 0.485658 0.445576 0.00116604 0.00280899
0 0.586054 0.445049 0.00233209 0.00316011
0 0.38153 0.445049 0.00373134 0.00526685
0 0.61334 0.449614 0.0139925 0.0186096
0 0.625816 0.446278 0.0137593 0.0140449
0 0.490905 0.44066 0.00139925 0.00280899
0 0.526119 0.44066 0.00373134 0.00421348
0 0.599347 0.442767 0.016791 0.00912921
0 0.688666 0.439958 0.00466418 0.00421348
0 0.562617 0.440133 0.00583022 0.00667135
0 0.56285 0.438027 0.000699627 0.00105337
0 0.464785 0.444698 0.00979478 0.0158006
0 0.390625 0.441538 0.00606343 0.0101826
0 0.429571 0.439782 0.0051306 0.00807584
0 0.65625 0.436798 0.00139925 0.00280899
0 0.696712 0.448034 0.0226213 0.0280899
0 0.651236 0.434867 0.00303172 0.00526685
0 0.600746 0.434164 0.00839552 0.00386236
0 0.550606 0.44224 0.0125933 0.020014
0 0.548624 0.442065 0.000699627 0.00140449
0 0.365438 0.434515 0.00373134 0.00456461
0 0.645639 0.443469 0.0174907 0.0231742
0 0.6559 0.432409 0.0025653 0.00386236
0 0.511544 0.431355 0.0025653 0.00456461
0 0.504081 0.431706 0.00443097 0.00526685
0 0.533465 0.439782 0.0109608 0.0221208
0 0.608792 0.431355 0.00443097 0.00667135
0 0.689249 0.428371 0.0025653 0.00351124
0 0.519823 0.426615 0.00233209 0.00351124
0 0.703475 0.426264 0.00489739 0.00421348
0 0.548741 0.425913 0.00233209 0.00351124
0 0.525653 0.426966 0.00419776 0.00632022
0 0.645989 0.425211 0.00186567 0.00351124
0 0.553638 0.425211 0.00233209 0.00421348
0 0.692514 0.423982 0.0025653 0.00386236
0 0.533116 0.424333 0.0051306 0.0059691
0 0.513993 0.423104 0.00233209 0.00351124
0 0.563549 0.421875 0.00303172 0.00456461
0 0.491488 0.426791 0.0123601 0.0172051
0 0.646105 0.41889 0.00303172 0.00421348
0 0.508979 0.418364 0.00489739 0.00456461
0 0.496852 0.416081 0.000699627 0.00140449
0 0.666978 0.436271 0.016791 0.0452949
0 0.622901 0.424684 0.0163246 0.0263343
0 0.547458 0.413975 0.00396455 0.00561798
0 0.644473 0.412219 0.00303172 0.00351124
0 0.638643 0.417837 0.0076959 0.0168539
0 0.606576 0.41099 0.00373134 0.00456461
0 0.527519 0.415379 0.00606343 0.0140449
0 0.589319 0.419242 0.0275187 0.0224719
0 0.652985 0.416081 0.0102612 0.0182584
0 0.494986 0.408532 0.00209888 0.00316011
0 0.553638 0.409586 0.00746269 0.0073736
0 0.596082 0.406601 0.00326493 0.00210674
0 0.520406 0.410288 0.00489739 0.0115871
0 0.516791 0.406074 0.00186567 0.00316011
0 0.492654 0.405723 0.00163246 0.00316011
0 0.476796 0.414853 0.0193563 0.0214185
0 0.634212 0.405723 0.00209888 0.00386236
0 0.528801 0.405197 0.00209888 0.00280899
0 0.547808 0.404319 0.00326493 0.00386236
0 0.646455 0.403265 0.00233209 0.00456461
0 0.510961 0.404143 0.00326493 0.00702247
0 0.674674 0.402739 0.0051306 0.00632022
0 0.629897 0.401685 0.00233209 0.00491573
0 0.53673 0.404143 0.00722948 0.00983146
0 0.476562 0.398701 0.0025653 0.00386236
0 0.496152 0.398174 0.0025653 0.00351124
0 0.644123 0.398876 0.00233209 0.00702247
0 0.653568 0.400632 0.00676306 0.011236
0 0.569263 0.408883 0.0139925 0.028441
0 0.629198 0.394312 0.00326493 0.00421348
0 0.610658 0.394663 0.00209888 0.00491573
0 0.519356 0.393258 0.00186567 0.00210674
0 0.515392 0.392907 0.00326493 0.00491573
0 0.501049 0.392381 0.0025653 0.00386236
0 0.471432 0.394136 0.00303172 0.0073736
0 0.508745 0.392029 0.00209888 0.00456461
0 0.653335 0.389572 0.00116604 0.00175562
0 0.571945 0.389221 0.0025653 0.00316011
0 0.476446 0.389396 0.00233209 0.00351124
0 0.373134 0.389923 0.00373134 0.00526685
0 0.633745 0.389747 0.00209888 0.00561798
0 0.399137 0.390449 0.00349813 0.00772472
0 0.55562 0.38764 0.00396455 0.00561798
0 0.485424 0.392205 0.0114272 0.0175562
0 0.622435 0.386412 0.00559701 0.00807584
0 0.538946 0.391327 0.00839552 0.0179073
0 0.547808 0.390976 0.00559701 0.020014
0 0.765392 0.384129 0.00419776 0.00702247
0 0.642724 0.382725 0.00233209 0.00421348
0 0.527868 0.386236 0.0114272 0.0161517
0 0.653335 0.38132 0.00349813 0.00702247
0 0.480644 0.379389 0.00279851 0.00316011
0 0.640742 0.378687 0.00209888 0.00245787
0 0.566348 0.378687 0.0025653 0.00456461
0 0.668377 0.377107 0.00139925 0.00210674
0 0.468983 0.382022 0.00746269 0.0133427
0 0.624534 0.376756 0.0051306 0.00561798
0 0.571595 0.376756 0.00606343 0.00561798
0 0.635261 0.380969 0.0116604 0.0147472
0 0.521339 0.374649 0.0025653 0.00421348
0 0.497901 0.372718 0.00326493 0.00667135
0 0.486824 0.372191 0.00489739 0.00772472
0 0.48181 0.370611 0.00326493 0.00456461
0 0.634678 0.369382 0.0025653 0.00421348
0 0.615322 0.378511 0.0109608 0.0224719
0 0.648204 0.364466 0.00163246 0.00280899
0 0.370336 0.365169 0.00326493 0.00491573
0 0.636311 0.358673 0.00209888 0.00316011
0 0.515275 0.370787 0.0146922 0.0287921
0 0.577309 0.359199 0.00676306 0.011236
0 0.505247 0.359902 0.015625 0.0210674
0 0.542211 0.350246 0.00326493 0.00877809
0 0.600746 0.372367 0.0345149 0.0558287
0 0.503032 0.348139 0.00326493 0.00877809
0 0.480061 0.355513 0.00956157 0.0235253
0 0.514109 0.350948 0.00583022 0.0150983
0 0.628848 0.344803 0.00489739 0.00772472
0 0.484841 0.341994 0.00233209 0.00491573
0 0.567864 0.341819 0.00279851 0.00526685
0 0.538479 0.34059 0.00233209 0.00491573
0 0.579524 0.344979 0.00979478 0.0150983
0 0.559935 0.349192 0.011194 0.0242275
0 0.554338 0.343399 0.00326493 0.0133427
0 0.470616 0.342697 0.014459 0.0175562
0 0.503382 0.336903 0.00722948 0.0108848
0 0.542794 0.333392 0.00396455 0.00526685
0 0.534049 0.333919 0.00373134 0.00632022
0 0.611357 0.331987 0.00163246 0.00316011
0 0.520406 0.340414 0.00816231 0.0214185
0 0.511544 0.335147 0.00722948 0.0108848
0 0.533815 0.325492 0.00233209 0.00280899
0 0.609841 0.326018 0.00279851 0.00667135
0 0.496618 0.327774 0.00349813 0.0101826
0 0.594566 0.331461 0.0109608 0.0182584
0 0.567048 0.327598 0.00956157 0.011236
0 0.511077 0.326018 0.00862873 0.0115871
0 0.485658 0.330583 0.0137593 0.0207163
0 0.614622 0.322156 0.0025653 0.00526685
0 0.684118 0.321103 0.00303172 0.00386236
0 0.493587 0.32198 0.0025653 0.00842697
0 0.609025 0.316362 0.00209888 0.00351124
0 0.538946 0.317065 0.00279851 0.00491573
0 0.499534 0.317591 0.00373134 0.0108848
0 0.581507 0.324614 0.0146922 0.025632
0 0.39354 0.319522 0.00909515 0.0161517
0 0.677006 0.312676 0.00419776 0.00386236
0 0.381063 0.320049 0.00559701 0.0207163
0 0.517607 0.315309 0.00676306 0.0119382
0 0.548507 0.313378 0.0051306 0.0101826
0 0.34958 0.314958 0.00932836 0.0154494
0 0.442631 0.307409 0.00233209 0.00386236
0 0.358442 0.301791 0.00373134 0.00526685
0 0.375583 0.298982 0.00303172 0.00526685
0 0.540695 0.297402 0.00583022 0.00983146
0 0.389342 0.293715 0.0025653 0.00386236
0 0.452192 0.291433 0.00233209 0.00632022
0 0.574044 0.288097 0.00816231 0.00877809
0 0.354944 0.286868 0.00466418 0.00632022
0 0.559118 0.301264 0.0174907 0.0372191
0 0.607043 0.284059 0.00279851 0.00632022
0 0.619403 0.285112 0.00839552 0.0105337
0 0.546409 0.286692 0.00652985 0.0143961
0 0.595266 0.282654 0.0118937 0.0119382
0 0.375 0.278792 0.00373134 0.00983146
0 0.45674 0.273525 0.0025653 0.00421348
0 0.434235 0.273174 0.00326493 0.00491573
0 0.635145 0.275808 0.0118937 0.0143961
0 0.613806 0.273876 0.0102612 0.0126404
0 0.463969 0.267907 0.00303172 0.00421348
0 0.582556 0.268258 0.0205224 0.0196629
0 0.552472 0.260007 0.00652985 0.0059691
0 0.416744 0.256847 0.00186567 0.00526685
0 0.45534 0.268785 0.0123601 0.034059
0 0.60063 0.25474 0.00536381 0.00807584
0 0.362057 0.255969 0.00676306 0.0119382
0 0.388526 0.259656 0.0130597 0.0207163
0 0.368703 0.252282 0.00373134 0.0073736
0 0.421175 0.251756 0.00419776 0.00702247
0 0.432253 0.250702 0.00443097 0.00983146
0 0.440765 0.245787 0.00233209 0.00351124
0 0.614272 0.247191 0.00373134 0.00842697
0 0.451026 0.245435 0.00466418 0.00632022
0 0.45534 0.244206 0.0025653 0.00667135
0 0.381063 0.24368 0.00932836 0.00983146
0 0.458955 0.241749 0.00233209 0.00667135
0 0.567631 0.246313 0.0177239 0.0186096
0 0.568913 0.24526 0.000699627 0.00105337
0 0.471898 0.239291 0.00396455 0.00807584
0 0.464785 0.236131 0.00326493 0.0059691
0 0.41278 0.238588 0.0139925 0.0172051
0 0.461637 0.231566 0.0025653 0.0059691
0 0.604128 0.231039 0.00489739 0.00772472
0 0.44986 0.227353 0.00326493 0.00526685
0 0.571129 0.227879 0.00466418 0.00983146
0 0.472481 0.221208 0.00279851 0.00491573
0 0.595965 0.216292 0.00396455 0.00632022
0 0.577425 0.216994 0.00373134 0.00772472
0 0.46292 0.217346 0.0079291 0.0119382
0 0.583139 0.21085 0.00443097 0.00667135
0 0.428405 0.202072 0.00699627 0.00667135
0 0.450443 0.198034 0.00536381 0.0105337
0 0.468284 0.194522 0.00466418 0.00702247
0 0.438316 0.196278 0.00862873 0.011236
0 0.459538 0.18276 0.0025653 0.00456461
0 0.467701 0.179249 0.00303172 0.00667135
0 0.742771 0.177669 0.00326493 0.00632022
0 0.736474 0.172402 0.00466418 0.00632022
0 0.416395 0.123244 0.00722948 0.00983146
0 0.186917 0.0905899 0.00443097 0.00632022
1 0.745919 0.891854 0.0118937 0.0126404
1 0.710821 0.858146 0.0261194 0.0379213
1 0.68785 0.843574 0.0142257 0.0179073
1 0.697878 0.832338 0.00676306 0.0073736
1 0.738456 0.744206 0.0165578 0.0305478
1 0.576726 0.54073 0.00979478 0.00842697
1 0.582206 0.532303 0.00862873 0.00842697
1 0.659282 0.534586 0.0191231 0.0277388
1 0.643307 0.50948 0.00583022 0.00491573
1 0.367654 0.506847 0.00536381 0.00807584
1 0.740322 0.480864 0.0137593 0.0242275
1 0.772854 0.479284 0.0303172 0.0421348
1 0.692048 0.408883 0.00583022 0.0115871
1 0.79944 0.408883 0.0186567 0.0249298
1 0.367887 0.401334 0.0137593 0.0154494
1 0.418144 0.387289 0.0186567 0.0238764
1 0.793377 0.367802 0.0186567 0.0305478
1 0.718167 0.326721 0.00722948 0.0115871
1 0.600163 0.265976 0.00303172 0.00807584
1 0.737057 0.266503 0.0174907 0.0365169
1 0.158932 0.164677 0.00862873 0.0126404
1 0.681087 0.108146 0.00629664 0.0126404
1 0.660098 0.0862008 0.0207556 0.0347612
1 0.461637 0.0444171 0.0118937 0.0172051
3 0.551073 0.940309 0.00699627 0.00561798
3 0.554571 0.916608 0.00419776 0.00667135
3 0.729827 0.902739 0.00303172 0.00561798
3 0.614389 0.902037 0.00489739 0.00772472
3 0.630014 0.829178 0.00303172 0.00456461
3 0.727729 0.827598 0.00163246 0.00351124
3 0.253965 0.818469 0.00326493 0.00421348
3 0.746618 0.814607 0.00536381 0.00632022
3 0.657999 0.790379 0.0025653 0.00491573
3 0.249883 0.790906 0.00583022 0.00948034
3 0.323927 0.785815 0.00419776 0.00561798
3 0.709771 0.769838 0.00443097 0.0059691
3 0.322528 0.760007 0.00466418 0.00877809
3 0.335704 0.753336 0.00676306 0.00807584
3 0.717234 0.737008 0.00209888 0.00421348
3 0.333955 0.735604 0.00419776 0.00561798
3 0.310984 0.735428 0.00489739 0.0059691
3 0.309118 0.721735 0.00536381 0.0059691
3 0.355993 0.661868 0.00303172 0.00491573
3 0.66278 0.645014 0.00139925 0.00280899
3 0.350396 0.634656 0.00116604 0.00175562
3 0.631297 0.61868 0.0051306 0.0105337
3 0.602612 0.608673 0.00279851 0.00456461
3 0.572761 0.599544 0.00419776 0.0073736
3 0.398671 0.592872 0.00489739 0.00667135
3 0.673391 0.565133 0.00443097 0.00456461
3 0.665928 0.567065 0.00629664 0.00983146
3 0.642957 0.565309 0.00419776 0.00632022
3 0.310634 0.554249 0.00279851 0.00526685
3 0.370336 0.547577 0.00326493 0.00877809
3 0.683769 0.535463 0.00419776 0.00561798
3 0.311451 0.535463 0.00303172 0.00632022
3 0.685868 0.527914 0.00326493 0.00456461
3 0.59375 0.515274 0.00466418 0.00456461
3 0.641091 0.514572 0.00279851 0.00526685
3 0.378965 0.489817 0.00279851 0.00421348
3 0.34305 0.487008 0.00373134 0.00351124
3 0.625 0.463308 0.00419776 0.00526685
3 0.463503 0.463659 0.00396455 0.0059691
3 0.422691 0.437676 0.00629664 0.00877809
3 0.359142 0.425035 0.00606343 0.0073736
3 0.396922 0.421875 0.0051306 0.00667135
3 0.359025 0.410639 0.0076959 0.0073736
3 0.481227 0.394487 0.00349813 0.0059691
3 0.679804 0.355337 0.00373134 0.00561798
3 0.742421 0.352001 0.00536381 0.00667135
3 0.547341 0.350772 0.0051306 0.00842697
3 0.399487 0.347612 0.00373134 0.00351124
3 0.705457 0.342697 0.00326493 0.00491573
3 0.739389 0.33111 0.00583022 0.00842697
3 0.625816 0.318996 0.00349813 0.00456461
3 0.756763 0.291257 0.00606343 0.0108848
3 0.763643 0.285463 0.00489739 0.00702247
3 0.215485 0.276334 0.00699627 0.00912921
3 0.596315 0.272472 0.00373134 0.00561798
3 0.428055 0.258076 0.00629664 0.00983146
3 0.582906 0.248947 0.0025653 0.00351124
3 0.581973 0.230337 0.00443097 0.00632022
3 0.693797 0.229108 0.00466418 0.00948034
3 0.210238 0.203827 0.00489739 0.00948034
3 0.525187 0.175035 0.00326493 0.0059691
3 0.543493 0.16731 0.00676306 0.00877809
3 0.320779 0.157303 0.00303172 0.00561798
3 0.490205 0.123771 0.0051306 0.00807584
3 0.166395 0.120435 0.00443097 0.00842697
3 0.651819 0.11394 0.00746269 0.0122893
3 0.671525 0.108673 0.00303172 0.00316011
3 0.458022 0.105688 0.00559701 0.00842697
3 0.432719 0.0472261 0.00349813 0.00877809
3 0.419893 0.026861 0.00722948 0.0101826
