0 0.465602 0.994382 0.00583022 0.00772472
0 0.455807 0.991046 0.00349813 0.0101826
0 0.453941 0.97665 0.00349813 0.00456461
0 0.60646 0.881145 0.00396455 0.00526685
0 0.579524 0.742978 0.00186567 0.00351124
0 0.583955 0.706461 0.0051306 0.00912921
0 0.586171 0.698736 0.00396455 0.00491573
0 0.608909 0.636938 0.00606343 0.00772472
0 0.605877 0.628511 0.00559701 0.00491573
0 0.597365 0.625 0.00583022 0.00983146
0 0.594683 0.61394 0.00559701 0.00807584
0 0.645056 0.536692 0.00233209 0.00316011
0 0.553755 0.476475 0.00349813 0.00702247
0 0.555387 0.464185 0.00629664 0.0182584
0 0.563083 0.456285 0.00303172 0.00386236
0 0.592351 0.453125 0.0107276 0.020014
0 0.811567 0.439431 0.00419776 0.00456461
0 0.0998134 0.436096 0.00279851 0.00210674
0 0.125816 0.433638 0.00303172 0.00351124
0 0.587803 0.434164 0.00443097 0.0073736
0 0.082556 0.421348 0.00326493 0.00632022
0 0.613106 0.411517 0.00559701 0.00983146
0 0.0932836 0.411868 0.0116604 0.0119382
0 0.0864039 0.39993 0.00583022 0.00702247
0 0.109958 0.395014 0.00443097 0.00702247
0 0.619286 0.391678 0.00862873 0.0221208
0 0.628032 0.383251 0.00606343 0.00807584
0 0.112174 0.378511 0.00466418 0.00772472
0 0.137826 0.366222 0.0121269 0.00912921
0 0.60681 0.36868 0.00652985 0.0147472
0 0.648438 0.356917 0.0025653 0.0059691
0 0.620919 0.359024 0.00862873 0.0214185
0 0.610424 0.35165 0.00443097 0.00807584
0 0.651119 0.343048 0.00186567 0.00491573
0 0.614506 0.335147 0.00606343 0.0136938
0 0.606576 0.323209 0.00839552 0.0158006
0 0.663596 0.313202 0.0174907 0.0308989
0 0.664995 0.318996 0.00116604 0.00245787
0 0.665462 0.317942 0.000699627 0.00105337
0 0.637593 0.296699 0.00699627 0.00983146
0 0.758512 0.288624 0.00443097 0.0105337
0 0.648321 0.276861 0.00652985 0.00948034
0 0.662547 0.265625 0.00373134 0.0073736
0 0.674324 0.245435 0.00629664 0.00912921
0 0.653102 0.240695 0.00443097 0.00807584
0 0.681786 0.235955 0.0025653 0.00632022
0 0.670476 0.235253 0.00279851 0.00491573
0 0.21222 0.234551 0.00233209 0.00421348
0 0.663829 0.233322 0.00443097 0.00667135
0 0.670942 0.228757 0.00233209 0.0059691
0 0.210471 0.22349 0.00303172 0.00456461
0 0.680154 0.222612 0.00443097 0.00632022
0 0.697295 0.207865 0.00652985 0.0105337
0 0.247785 0.139221 0.00583022 0.00807584
0 0.315415 0.0630267 0.00349813 0.00667135
1 0.115089 0.605513 0.00816231 0.0122893
1 0.228195 0.282479 0.0076959 0.020014
1 0.201143 0.208041 0.0109608 0.022823
1 0.218633 0.140976 0.00443097 0.0122893
3 0.635145 0.759831 0.00489739 0.00702247
3 0.385728 0.722963 0.00699627 0.0105337
3 0.490322 0.63132 0.00396455 0.00632022
3 0.463036 0.599895 0.00396455 0.0059691
3 0.0968983 0.437324 0.00163246 0.00245787
3 0.364156 0.394838 0.00396455 0.00526685
3 0.427472 0.254916 0.00419776 0.00702247
3 0.573111 0.195576 0.00349813 0.00561798
3 0.213969 0.16415 0.00303172 0.00456461
3 0.2191 0.127458 0.0025653 0.00491573
