0 0.721432 0.68592 0.00349813 0.00526685
0 0.494053 0.672402 0.00396455 0.00561798
0 0.709888 0.646945 0.00279851 0.00456461
0 0.546292 0.505794 0.00862873 0.0214185
0 0.50583 0.494909 0.00186567 0.00316011
0 0.491138 0.483497 0.0125933 0.0147472
0 0.490322 0.485077 0.000699627 0.00105337
0 0.532066 0.474719 0.0025653 0.00491573
0 0.505714 0.482093 0.0151586 0.0294944
0 0.624534 0.461025 0.00233209 0.00351124
0 0.527985 0.460674 0.00186567 0.00421348
0 0.604594 0.453827 0.0025653 0.0059691
0 0.493237 0.459972 0.0079291 0.0182584
0 0.531483 0.448912 0.00186567 0.00316011
0 0.445196 0.449965 0.00279851 0.00526685
0 0.498368 0.447683 0.00419776 0.00491573
0 0.483909 0.446629 0.00326493 0.00421348
0 0.467118 0.453301 0.0102612 0.0175562
0 0.432136 0.442416 0.00373134 0.00351124
0 0.452775 0.445225 0.00862873 0.0105337
0 0.460588 0.439782 0.0051306 0.00948034
0 0.471199 0.439607 0.00676306 0.0105337
0 0.439715 0.435218 0.00536381 0.00807584
0 0.424324 0.437149 0.00909515 0.0147472
0 0.503848 0.425737 0.00209888 0.00316011
0 0.53195 0.425562 0.00233209 0.00421348
0 0.481576 0.428722 0.0116604 0.0217697
0 0.505947 0.415555 0.00489739 0.0059691
0 0.490905 0.424333 0.0130597 0.0235253
0 0.413246 0.420295 0.0149254 0.0203652
0 0.471432 0.414501 0.00722948 0.0101826
0 0.482626 0.407479 0.0025653 0.00316011
0 0.404035 0.402388 0.0076959 0.0105337
0 0.398321 0.393083 0.00233209 0.00316011
0 0.489389 0.389747 0.0025653 0.00351124
0 0.454524 0.380091 0.00326493 0.0073736
0 0.401236 0.363588 0.00862873 0.00456461
0 0.493237 0.340414 0.00419776 0.00667135
0 0.404967 0.337605 0.0025653 0.00386236
0 0.531483 0.335674 0.00326493 0.00491573
0 0.473764 0.334445 0.0025653 0.00526685
0 0.48181 0.344628 0.0135261 0.0291433
0 0.39459 0.330758 0.00652985 0.00491573
0 0.488923 0.32514 0.00396455 0.00842697
0 0.396455 0.320751 0.00233209 0.00316011
0 0.479011 0.316889 0.00279851 0.00456461
0 0.443797 0.314607 0.00652985 0.00702247
0 0.491838 0.307935 0.00186567 0.00280899
0 0.482859 0.305478 0.00303172 0.00351124
0 0.41791 0.305126 0.00186567 0.00351124
0 0.412663 0.301615 0.00209888 0.00351124
0 0.478078 0.30144 0.00326493 0.00386236
0 0.487523 0.300035 0.0025653 0.00456461
0 0.471199 0.299333 0.0025653 0.00456461
0 0.482043 0.294242 0.0051306 0.00491573
0 0.647271 0.266503 0.0025653 0.00491573
0 0.572994 0.195576 0.00233209 0.00491573
0 0.572062 0.183813 0.00233209 0.00316011
0 0.575443 0.177142 0.00209888 0.00386236
0 0.352262 0.0261587 0.00443097 0.00667135
1 0.349464 0.935744 0.0118937 0.00842697
1 0.157999 0.716117 0.0305504 0.0642556
1 0.722831 0.634305 0.00956157 0.0136938
1 0.532766 0.621664 0.0132929 0.0136938
1 0.394939 0.423631 0.00816231 0.00456461
1 0.431087 0.392029 0.010028 0.0108848
1 0.468167 0.323034 0.00489739 0.00842697
1 0.58174 0.315485 0.0272854 0.036868
1 0.324394 0.0301966 0.0662313 0.0603933
3 0.76271 0.758251 0.00583022 0.00948034
3 0.462337 0.689782 0.00583022 0.00877809
3 0.749184 0.663624 0.00303172 0.00491573
3 0.723647 0.662219 0.00326493 0.00561798
3 0.402285 0.65625 0.00466418 0.00632022
3 0.6868 0.644663 0.00279851 0.00421348
3 0.721665 0.618153 0.00443097 0.0059691
3 0.706856 0.613764 0.00279851 0.00421348
3 0.632229 0.591643 0.00233209 0.00351124
3 0.638993 0.577949 0.00326493 0.00421348
3 0.629781 0.567591 0.00722948 0.0101826
3 0.71805 0.56408 0.00373134 0.00456461
3 0.739156 0.557935 0.0025653 0.00351124
3 0.716535 0.477001 0.00396455 0.0059691
3 0.321362 0.463834 0.00326493 0.00561798
3 0.797924 0.455232 0.00303172 0.00456461
3 0.782533 0.423104 0.0025653 0.00421348
3 0.426656 0.403265 0.00489739 0.00667135
3 0.441465 0.39677 0.00279851 0.00491573
3 0.61847 0.394838 0.00233209 0.00316011
3 0.585121 0.378687 0.00373134 0.00667135
3 0.607393 0.272999 0.00443097 0.00807584
3 0.63701 0.251229 0.00303172 0.00386236
3 0.589902 0.24368 0.00163246 0.00210674
3 0.580807 0.230162 0.00303172 0.00456461
3 0.565882 0.175737 0.00583022 0.00807584
3 0.362757 0.0173806 0.00536381 0.00807584
