0 0.199277 0.821103 0.00583022 0.00948034
0 0.353195 0.806706 0.00349813 0.00456461
0 0.30632 0.784586 0.00536381 0.00807584
0 0.309352 0.775281 0.0076959 0.00772472
0 0.454991 0.765098 0.00326493 0.00421348
0 0.70056 0.736306 0.00373134 0.00632022
0 0.703941 0.729459 0.00536381 0.0059691
0 0.717234 0.716819 0.00443097 0.00667135
0 0.452775 0.714888 0.0025653 0.00351124
0 0.710238 0.70611 0.00443097 0.00421348
0 0.697528 0.708919 0.0153918 0.0175562
0 0.69951 0.710147 0.00536381 0.00877809
0 0.680271 0.704003 0.00652985 0.00912921
0 0.708022 0.698034 0.00279851 0.00491573
0 0.73146 0.696805 0.00349813 0.0059691
0 0.552122 0.688378 0.0025653 0.00386236
0 0.718167 0.69066 0.00816231 0.0140449
0 0.710588 0.687851 0.00466418 0.00842697
0 0.701259 0.68434 0.00373134 0.00491573
0 0.820662 0.675737 0.0051306 0.00667135
0 0.814016 0.673806 0.00349813 0.00491573
0 0.713969 0.673104 0.00349813 0.00983146
0 0.683302 0.676966 0.0121269 0.0182584
0 0.721199 0.664853 0.00816231 0.0136938
0 0.663713 0.662921 0.00466418 0.0126404
0 0.660798 0.64993 0.00443097 0.00632022
0 0.723064 0.64361 0.00396455 0.00632022
0 0.615555 0.639923 0.00303172 0.0059691
0 0.683186 0.637816 0.0076959 0.0073736
0 0.709422 0.6329 0.00279851 0.0073736
0 0.699277 0.633603 0.00396455 0.0101826
0 0.622435 0.633603 0.00466418 0.0143961
0 0.399021 0.627458 0.00326493 0.00491573
0 0.690765 0.627633 0.00606343 0.00948034
0 0.610774 0.627809 0.00979478 0.0140449
0 0.621968 0.619909 0.00279851 0.00948034
0 0.689132 0.617626 0.0079291 0.0105337
0 0.740905 0.610428 0.0130597 0.0186096
0 0.647388 0.598315 0.00326493 0.00632022
0 0.529268 0.590941 0.00163246 0.00280899
0 0.662896 0.591468 0.00349813 0.00807584
0 0.503498 0.575667 0.00186567 0.00456461
0 0.664179 0.574789 0.00186567 0.00351124
0 0.660681 0.574087 0.00139925 0.00210674
0 0.645639 0.574263 0.00209888 0.00316011
0 0.612407 0.570751 0.00373134 0.00667135
0 0.523321 0.5704 0.00233209 0.0059691
0 0.512243 0.571805 0.0109608 0.0143961
0 0.495569 0.568469 0.00652985 0.0126404
0 0.579991 0.564782 0.00233209 0.0059691
0 0.661964 0.562676 0.00303172 0.00456461
0 0.6559 0.555829 0.0025653 0.00351124
0 0.601213 0.552493 0.00233209 0.00456461
0 0.597481 0.551088 0.00186567 0.00456461
0 0.659282 0.553546 0.00279851 0.0101826
0 0.703708 0.546348 0.00443097 0.00561798
0 0.623951 0.54389 0.00163246 0.00140449
0 0.604594 0.543715 0.00303172 0.00877809
0 0.640508 0.542837 0.00489739 0.00772472
0 0.687966 0.570049 0.0284515 0.0656601
0 0.66791 0.547577 0.0116604 0.022823
0 0.509445 0.530021 0.00163246 0.00245787
0 0.696012 0.529846 0.00163246 0.00351124
0 0.621152 0.532479 0.00629664 0.00948034
0 0.501049 0.528617 0.00209888 0.00245787
0 0.66896 0.531074 0.00909515 0.0101826
0 0.60576 0.52651 0.00163246 0.00316011
0 0.684818 0.526861 0.00443097 0.00456461
0 0.629664 0.524228 0.00233209 0.00351124
0 0.618703 0.524754 0.00373134 0.00526685
0 0.238106 0.524403 0.00326493 0.00456461
0 0.654501 0.536692 0.0179571 0.0298455
0 0.614972 0.522647 0.00746269 0.0115871
0 0.522155 0.518083 0.00326493 0.00526685
0 0.683186 0.517381 0.00722948 0.0101826
0 0.694613 0.513167 0.00209888 0.00386236
0 0.645989 0.520892 0.0130597 0.025632
0 0.529035 0.51264 0.00583022 0.00912921
0 0.703358 0.507725 0.00186567 0.00280899
0 0.538596 0.507549 0.00676306 0.0101826
0 0.48659 0.507022 0.00722948 0.00912921
0 0.50035 0.509305 0.0123601 0.0150983
0 0.544776 0.503862 0.00373134 0.00772472
0 0.712337 0.507022 0.0118937 0.0196629
0 0.548741 0.500702 0.00326493 0.00842697
0 0.655201 0.493504 0.00489739 0.0073736
0 0.51166 0.48894 0.00326493 0.00456461
0 0.721315 0.496313 0.00979478 0.020014
0 0.645989 0.48736 0.00233209 0.00351124
0 0.491604 0.493329 0.00979478 0.0154494
0 0.438899 0.491222 0.00886194 0.0126404
0 0.645639 0.481566 0.00209888 0.00316011
0 0.42409 0.479459 0.00443097 0.00667135
0 0.709072 0.487184 0.015625 0.028441
0 0.649254 0.474544 0.00652985 0.00667135
0 0.695779 0.47507 0.00816231 0.00983146
0 0.699044 0.469101 0.00349813 0.00702247
0 0.700443 0.462956 0.00209888 0.00316011
0 0.657416 0.460674 0.00186567 0.00280899
0 0.631297 0.487886 0.0279851 0.0572331
0 0.674557 0.463132 0.00536381 0.00842697
0 0.70639 0.459796 0.00279851 0.00456461
0 0.712337 0.455934 0.00722948 0.00877809
0 0.697528 0.454003 0.00746269 0.00702247
0 0.6257 0.453125 0.00279851 0.00526685
0 0.694846 0.44856 0.0025653 0.00386236
0 0.598414 0.447858 0.00279851 0.00386236
0 0.651236 0.444522 0.00209888 0.00280899
0 0.681553 0.456812 0.0146922 0.0337079
0 0.658699 0.444347 0.0114272 0.0115871
0 0.596315 0.437324 0.00186567 0.00386236
0 0.655667 0.437324 0.00396455 0.00667135
0 0.651702 0.434515 0.00209888 0.00316011
0 0.559701 0.419944 0.00186567 0.00351124
0 0.698111 0.432233 0.030084 0.0372191
0 0.569963 0.411517 0.00466418 0.00912921
0 0.667327 0.418013 0.0254198 0.03125
0 0.639342 0.426088 0.0198228 0.0481039
0 0.609958 0.425386 0.0342817 0.0488062
0 0.612057 0.441362 0.00163246 0.00140449
0 0.609725 0.440485 0.00303172 0.00175562
0 0.602495 0.425737 0.000699627 0.00105337
0 0.602029 0.425386 0.000699627 0.00105337
0 0.601329 0.422577 0.000699627 0.00105337
0 0.601096 0.422226 0.000699627 0.00105337
0 0.59993 0.421699 0.0025653 0.00140449
0 0.598764 0.421524 0.000699627 0.00105337
0 0.646222 0.400281 0.00466418 0.00491573
0 0.664296 0.395892 0.00489739 0.00386236
0 0.828242 0.390274 0.00396455 0.00456461
0 0.758162 0.387465 0.00279851 0.00386236
0 0.811217 0.377809 0.00443097 0.00632022
0 0.757113 0.376931 0.0160914 0.0172051
0 0.737757 0.369733 0.00909515 0.0126404
0 0.748134 0.365871 0.00373134 0.00702247
0 0.743587 0.362711 0.00443097 0.00561798
0 0.752215 0.360604 0.00489739 0.00491573
0 0.642374 0.359199 0.0025653 0.00421348
0 0.771922 0.339537 0.00699627 0.00772472
0 0.665345 0.319874 0.00373134 0.00702247
0 0.471315 0.305829 0.00233209 0.00351124
0 0.48041 0.301791 0.00233209 0.00316011
0 0.473298 0.299333 0.00443097 0.00526685
0 0.300257 0.293013 0.00209888 0.00316011
0 0.478428 0.290028 0.00209888 0.00351124
0 0.468983 0.283006 0.00979478 0.0210674
0 0.463503 0.272999 0.0025653 0.00245787
0 0.475163 0.27177 0.00489739 0.00772472
0 0.50548 0.275808 0.00629664 0.0186096
0 0.482043 0.259129 0.00326493 0.00491573
0 0.511194 0.257725 0.00233209 0.00280899
0 0.505714 0.238764 0.00443097 0.00561798
0 0.746269 0.233848 0.00279851 0.00421348
0 0.471199 0.236657 0.00583022 0.0105337
0 0.497668 0.244909 0.0195896 0.0277388
0 0.486357 0.231566 0.00349813 0.00456461
0 0.478895 0.233322 0.00536381 0.00948034
0 0.498018 0.227704 0.00489739 0.00807584
0 0.462453 0.238237 0.0261194 0.0375702
0 0.488923 0.222612 0.0104944 0.011236
0 0.472015 0.207163 0.0139925 0.0217697
0 0.486824 0.200667 0.0128265 0.0158006
0 0.478312 0.181355 0.011194 0.0108848
0 0.464202 0.176791 0.00956157 0.0122893
0 0.770289 0.169768 0.00186567 0.00316011
0 0.739389 0.164326 0.0025653 0.00351124
0 0.416628 0.163975 0.0025653 0.00491573
0 0.390392 0.162219 0.00606343 0.00772472
0 0.383512 0.181706 0.0142257 0.0466994
0 0.464902 0.160639 0.00816231 0.0122893
0 0.473181 0.154846 0.0107276 0.011236
0 0.759562 0.104986 0.00326493 0.00421348
0 0.597481 0.0747893 0.00466418 0.00702247
0 0.465602 0.0730337 0.00583022 0.00561798
0 0.725863 0.0637289 0.00303172 0.00456461
1 0.553638 0.776861 0.00326493 0.00948034
1 0.451376 0.769838 0.00536381 0.0059691
1 0.467234 0.670822 0.0151586 0.0108848
1 0.657999 0.655899 0.00676306 0.00632022
1 0.509212 0.650808 0.00489739 0.00386236
1 0.755947 0.641503 0.00536381 0.00561798
1 0.571129 0.622718 0.00466418 0.0108848
1 0.769473 0.614466 0.00629664 0.0126404
1 0.753032 0.588132 0.00652985 0.00983146
1 0.632113 0.563378 0.0118937 0.0221208
1 0.720033 0.554073 0.00676306 0.011236
1 0.752332 0.510885 0.00419776 0.00842697
1 0.666744 0.509129 0.00559701 0.00983146
1 0.681087 0.505267 0.00816231 0.0161517
1 0.653568 0.505794 0.00722948 0.0172051
1 0.487757 0.462254 0.0128265 0.0235253
1 0.714785 0.410463 0.00839552 0.00702247
1 0.814482 0.395541 0.00629664 0.0122893
1 0.541161 0.260358 0.00536381 0.0186096
1 0.482509 0.225246 0.0051306 0.0073736
1 0.586171 0.230162 0.0151586 0.0277388
1 0.546059 0.131496 0.00862873 0.0073736
3 0.44403 0.805478 0.00466418 0.00702247
3 0.730993 0.768785 0.00489739 0.00877809
3 0.579174 0.765274 0.00349813 0.00526685
3 0.681786 0.651159 0.0025653 0.00386236
3 0.594333 0.639923 0.00303172 0.00386236
3 0.558535 0.638167 0.00419776 0.0059691
3 0.508629 0.628336 0.00279851 0.00386236
3 0.385145 0.62816 0.00396455 0.00491573
3 0.776936 0.62184 0.00536381 0.00912921
3 0.426073 0.615169 0.00419776 0.00632022
3 0.651236 0.610779 0.00163246 0.00316011
3 0.794776 0.591643 0.00326493 0.00421348
3 0.727029 0.588834 0.00303172 0.00491573
3 0.273671 0.564782 0.00629664 0.00948034
3 0.727729 0.53757 0.00349813 0.00491573
3 0.560751 0.535112 0.00303172 0.00421348
3 0.585471 0.534586 0.00396455 0.0059691
3 0.705807 0.526159 0.00209888 0.00386236
3 0.713619 0.524052 0.00233209 0.00386236
3 0.611241 0.515625 0.00419776 0.0073736
3 0.695196 0.509305 0.00233209 0.00386236
3 0.644007 0.506671 0.00489739 0.00702247
3 0.691348 0.490344 0.0025653 0.00386236
3 0.579991 0.468223 0.00419776 0.00667135
3 0.559352 0.463132 0.00303172 0.00491573
3 0.748601 0.410463 0.00373134 0.00561798
3 0.664062 0.377282 0.00443097 0.00667135
3 0.539412 0.372367 0.00559701 0.00807584
3 0.667094 0.366924 0.00489739 0.00702247
3 0.64459 0.358497 0.00233209 0.00351124
3 0.513526 0.354284 0.00373134 0.00561798
3 0.673857 0.350948 0.00583022 0.0073736
3 0.645872 0.345506 0.00303172 0.00351124
3 0.497668 0.309164 0.00326493 0.00526685
3 0.608209 0.285463 0.00326493 0.00491573
3 0.386194 0.284059 0.00652985 0.00912921
3 0.536847 0.276159 0.00326493 0.00526685
3 0.58209 0.26106 0.00373134 0.00526685
3 0.299907 0.260007 0.00419776 0.0059691
3 0.524021 0.231215 0.00373134 0.00456461
3 0.566814 0.211376 0.00396455 0.00561798
