0 0.492421 0.671875 0.00536381 0.0073736
0 0.142374 0.53915 0.00489739 0.00526685
0 0.145289 0.531601 0.00466418 0.00912921
0 0.13118 0.527212 0.00583022 0.00807584
0 0.138526 0.525983 0.00652985 0.0147472
0 0.180737 0.516327 0.00419776 0.0059691
0 0.152285 0.513694 0.0326493 0.0266854
0 0.17444 0.501053 0.00419776 0.00842697
0 0.189249 0.50158 0.0160914 0.0235253
0 0.196362 0.487711 0.00419776 0.00561798
0 0.143307 0.489115 0.0174907 0.0203652
0 0.163013 0.481742 0.0181903 0.0126404
0 0.234375 0.47823 0.020056 0.0231742
0 0.427705 0.469628 0.014459 0.0165028
0 0.191698 0.453476 0.0125933 0.0326545
0 0.197994 0.432409 0.0051306 0.0115871
0 0.206157 0.430829 0.00559701 0.011236
0 0.254781 0.443294 0.0123601 0.0410815
0 0.148787 0.429073 0.0102612 0.0126404
0 0.245569 0.428897 0.00466418 0.0143961
0 0.213619 0.428897 0.00652985 0.0235253
0 0.0994636 0.415555 0.00396455 0.00877809
0 0.0822062 0.415555 0.00722948 0.0158006
0 0.0951493 0.401159 0.00373134 0.00877809
0 0.0739272 0.394312 0.00466418 0.0203652
0 0.434701 0.392732 0.0116604 0.0179073
0 0.31938 0.311973 0.00443097 0.0143961
0 0.257812 0.30934 0.00629664 0.0175562
0 0.310401 0.306706 0.00979478 0.0242275
0 0.30562 0.285815 0.00956157 0.0126404
0 0.285331 0.278968 0.00443097 0.00948034
0 0.274837 0.264221 0.00489739 0.00877809
0 0.246152 0.264572 0.00583022 0.0186096
0 0.270989 0.253687 0.0102612 0.00877809
0 0.329291 0.250527 0.011194 0.0186096
0 0.276236 0.233497 0.00303172 0.00561798
0 0.302822 0.222612 0.00443097 0.00842697
1 0.231343 0.55934 0.0107276 0.00983146
1 0.234025 0.315485 0.0109608 0.0235253
3 0.535914 0.760007 0.00279851 0.00386236
3 0.49452 0.613413 0.00489739 0.00632022
3 0.0953825 0.500351 0.00419776 0.00561798
3 0.0980644 0.489817 0.00443097 0.00632022
3 0.208489 0.277739 0.00652985 0.00772472
3 0.215252 0.268083 0.00559701 0.00807584
3 0.452775 0.0505618 0.00396455 0.00491573
