0 0.653918 0.96717 0.00559701 0.0115871
0 0.667677 0.957163 0.0163246 0.0182584
0 0.533465 0.870435 0.00583022 0.00912921
0 0.708605 0.867802 0.0025653 0.00526685
0 0.516441 0.866397 0.00303172 0.00386236
0 0.661264 0.862008 0.00303172 0.00561798
0 0.537313 0.861482 0.00839552 0.00807584
0 0.637243 0.858322 0.00303172 0.00526685
0 0.533465 0.849368 0.00209888 0.00280899
0 0.548041 0.844979 0.00139925 0.00245787
0 0.532299 0.844101 0.0025653 0.00351124
0 0.541978 0.834796 0.00233209 0.00316011
0 0.724813 0.833567 0.00373134 0.00561798
0 0.579991 0.82514 0.00139925 0.00210674
0 0.646805 0.828652 0.0076959 0.0119382
0 0.689832 0.781426 0.0102612 0.0108848
0 0.678288 0.780723 0.00676306 0.0115871
0 0.678055 0.781426 0.000699627 0.00105337
0 0.677822 0.781074 0.000699627 0.00105337
0 0.677355 0.780723 0.000699627 0.00105337
0 0.673041 0.769487 0.00419776 0.00386236
0 0.68202 0.769663 0.0076959 0.00632022
0 0.687034 0.765976 0.00746269 0.00877809
0 0.666861 0.764923 0.00676306 0.00807584
0 0.678521 0.762816 0.00443097 0.00948034
0 0.690765 0.76106 0.00606343 0.00877809
0 0.683652 0.75158 0.00349813 0.00316011
0 0.684701 0.74842 0.00233209 0.00386236
0 0.637593 0.66257 0.00279851 0.00491573
0 0.647505 0.636236 0.00396455 0.00421348
0 0.62535 0.646594 0.0128265 0.0270365
0 0.691931 0.62658 0.00419776 0.00386236
0 0.707206 0.623244 0.00349813 0.00421348
0 0.439949 0.622542 0.00349813 0.00561798
0 0.45639 0.616046 0.000932836 0.00245787
0 0.414995 0.61236 0.00722948 0.00561798
0 0.634795 0.611657 0.00233209 0.00491573
0 0.462687 0.610779 0.00233209 0.00316011
0 0.636777 0.597437 0.0025653 0.00456461
0 0.397505 0.600597 0.00956157 0.0136938
0 0.401702 0.582514 0.00862873 0.00772472
0 0.396922 0.569698 0.0051306 0.0073736
0 0.761777 0.567065 0.00396455 0.00491573
0 0.409398 0.565836 0.00816231 0.00948034
0 0.78708 0.557233 0.0051306 0.00491573
0 0.429688 0.555653 0.00209888 0.00316011
0 0.491954 0.557935 0.00536381 0.011236
0 0.499184 0.556706 0.0114272 0.0122893
0 0.481576 0.552142 0.00186567 0.00386236
0 0.440299 0.546524 0.00233209 0.00316011
0 0.479711 0.546699 0.00233209 0.00421348
0 0.499767 0.544944 0.00279851 0.00421348
0 0.83209 0.543364 0.00326493 0.00316011
0 0.493703 0.546699 0.00559701 0.0105337
0 0.486124 0.547051 0.0076959 0.0161517
0 0.484958 0.544417 0.000699627 0.00105337
0 0.8125 0.537921 0.00279851 0.00210674
0 0.477845 0.539501 0.00279851 0.0059691
0 0.817048 0.534586 0.00489739 0.00667135
0 0.492188 0.530372 0.00163246 0.00245787
0 0.833256 0.529846 0.00279851 0.00351124
0 0.826493 0.527388 0.00233209 0.00280899
0 0.516325 0.531074 0.00652985 0.0150983
0 0.498717 0.525105 0.00209888 0.00386236
0 0.849813 0.523701 0.00373134 0.00386236
0 0.505364 0.522823 0.00186567 0.00421348
0 0.488106 0.522823 0.00186567 0.00421348
0 0.807369 0.52177 0.00419776 0.00421348
0 0.483092 0.520892 0.00209888 0.00386236
0 0.443097 0.519663 0.00373134 0.00702247
0 0.505131 0.516152 0.00186567 0.00421348
0 0.482976 0.515449 0.00326493 0.00421348
0 0.495336 0.513694 0.00233209 0.00421348
0 0.73216 0.513343 0.00303172 0.00632022
0 0.855177 0.509305 0.00419776 0.00456461
0 0.496968 0.507549 0.00139925 0.00386236
0 0.501866 0.506145 0.00699627 0.00807584
0 0.494286 0.503511 0.00209888 0.00351124
0 0.501283 0.499473 0.00163246 0.00245787
0 0.142724 0.500527 0.0107276 0.0129916
0 0.128032 0.497015 0.00466418 0.00667135
0 0.550606 0.495084 0.00279851 0.00491573
0 0.834422 0.494031 0.00326493 0.00912921
0 0.505364 0.486131 0.00466418 0.0101826
0 0.531367 0.482444 0.00349813 0.00702247
0 0.508862 0.480688 0.00233209 0.00351124
0 0.477729 0.474544 0.00816231 0.0115871
0 0.505014 0.470506 0.00303172 0.00421348
0 0.553055 0.465414 0.00303172 0.00386236
0 0.138993 0.469452 0.00886194 0.0154494
0 0.492071 0.464712 0.0051306 0.00948034
0 0.481227 0.459445 0.0025653 0.00386236
0 0.469333 0.464712 0.0123601 0.0150983
0 0.491255 0.455056 0.00349813 0.00632022
0 0.447062 0.453125 0.00466418 0.0059691
0 0.719216 0.451018 0.00279851 0.00316011
0 0.71222 0.454354 0.00233209 0.00983146
0 0.685168 0.453476 0.00652985 0.0122893
0 0.454524 0.450316 0.00559701 0.00667135
0 0.63153 0.457338 0.011194 0.022823
0 0.543027 0.447858 0.00163246 0.00386236
0 0.485424 0.448034 0.00303172 0.00491573
0 0.726096 0.447858 0.00722948 0.0073736
0 0.679571 0.447683 0.00886194 0.0119382
0 0.476912 0.446103 0.00746269 0.00948034
0 0.585121 0.447858 0.00652985 0.0136938
0 0.44951 0.44382 0.00629664 0.00632022
0 0.696828 0.444698 0.00606343 0.0108848
0 0.142607 0.446103 0.00909515 0.0143961
0 0.715252 0.443294 0.00699627 0.0101826
0 0.593517 0.440485 0.00559701 0.0073736
0 0.459188 0.445751 0.0158582 0.0193118
0 0.70056 0.438729 0.00652985 0.0073736
0 0.72423 0.435744 0.00163246 0.00491573
0 0.710471 0.436973 0.00396455 0.0073736
0 0.497318 0.44382 0.0146922 0.0323034
0 0.680271 0.431004 0.00373134 0.00807584
0 0.511544 0.434691 0.00396455 0.0161517
0 0.459305 0.428371 0.00489739 0.00351124
0 0.689132 0.435569 0.0116604 0.0193118
0 0.686684 0.432058 0.000699627 0.00105337
0 0.686917 0.431706 0.000699627 0.00105337
0 0.57591 0.425562 0.00209888 0.00280899
0 0.497435 0.424684 0.00186567 0.00316011
0 0.445546 0.427317 0.00303172 0.00912921
0 0.720732 0.425913 0.00536381 0.00772472
0 0.607976 0.424333 0.00186567 0.00456461
0 0.475863 0.4296 0.0109608 0.0150983
0 0.526119 0.446278 0.0195896 0.0491573
0 0.5309 0.459972 0.000699627 0.00140449
0 0.656367 0.44066 0.015625 0.0407303
0 0.58209 0.420997 0.00186567 0.00421348
0 0.709655 0.419593 0.00233209 0.00421348
0 0.500117 0.418715 0.00443097 0.00667135
0 0.475396 0.417662 0.00349813 0.00667135
0 0.430854 0.423982 0.0174907 0.0193118
0 0.643773 0.418013 0.0076959 0.00807584
0 0.485308 0.41889 0.00886194 0.00983146
0 0.670009 0.432233 0.011194 0.0400281
0 0.668027 0.438027 0.000699627 0.00105337
0 0.596082 0.415028 0.00326493 0.00561798
0 0.419543 0.41257 0.00233209 0.00280899
0 0.679921 0.418188 0.010028 0.0154494
0 0.439366 0.412395 0.00279851 0.00456461
0 0.582906 0.410112 0.00209888 0.00280899
0 0.730177 0.409235 0.00419776 0.0059691
0 0.430387 0.407303 0.00163246 0.00280899
0 0.666861 0.410463 0.0025653 0.00983146
0 0.594566 0.408357 0.00303172 0.00561798
0 0.42584 0.409586 0.00886194 0.0101826
0 0.58209 0.404319 0.00419776 0.00526685
0 0.426889 0.402037 0.000699627 0.00140449
0 0.711404 0.406952 0.0076959 0.0126404
0 0.611474 0.402212 0.00326493 0.00386236
0 0.51201 0.41257 0.010028 0.0252809
0 0.527402 0.39993 0.0025653 0.00561798
0 0.485075 0.401159 0.00606343 0.00948034
0 0.477262 0.399579 0.00676306 0.00632022
0 0.572411 0.405723 0.00862873 0.0193118
0 0.701259 0.397472 0.00326493 0.00561798
0 0.691465 0.397296 0.00373134 0.00526685
0 0.539412 0.408708 0.011194 0.0280899
0 0.421175 0.40151 0.00932836 0.0150983
0 0.753731 0.399228 0.0079291 0.0126404
0 0.552938 0.395365 0.00326493 0.00632022
0 0.428521 0.391503 0.00209888 0.00280899
0 0.433186 0.391503 0.00163246 0.00351124
0 0.419776 0.391678 0.00373134 0.00526685
0 0.739156 0.391678 0.00629664 0.00667135
0 0.436217 0.389572 0.00116604 0.00386236
0 0.428055 0.388343 0.00209888 0.00210674
0 0.580574 0.394312 0.0104944 0.0147472
0 0.566698 0.392907 0.00839552 0.0119382
0 0.557836 0.389221 0.0051306 0.00948034
0 0.480061 0.389747 0.00909515 0.0119382
0 0.752215 0.385709 0.00396455 0.00456461
0 0.57591 0.384129 0.00116604 0.00210674
0 0.691814 0.385183 0.00443097 0.00702247
0 0.677472 0.389923 0.0177239 0.0214185
0 0.683885 0.391678 0.000699627 0.00105337
0 0.58757 0.380442 0.00163246 0.00386236
0 0.597015 0.389045 0.00839552 0.0231742
0 0.435051 0.381671 0.00443097 0.00842697
0 0.540345 0.377809 0.00186567 0.00280899
0 0.498018 0.394487 0.0179571 0.0389747
0 0.496502 0.387114 0.00139925 0.00386236
0 0.498251 0.383954 0.000699627 0.00105337
0 0.498484 0.383603 0.000699627 0.00105337
0 0.557603 0.379038 0.00559701 0.00877809
0 0.54909 0.375702 0.00209888 0.00351124
0 0.486007 0.374122 0.00186567 0.00175562
0 0.654618 0.383251 0.0130597 0.0207163
0 0.760261 0.374122 0.00233209 0.00526685
0 0.73216 0.386236 0.0142257 0.0294944
0 0.554688 0.373069 0.00536381 0.00667135
0 0.709538 0.373596 0.00722948 0.00842697
0 0.40695 0.371313 0.00466418 0.00807584
0 0.649254 0.368855 0.00326493 0.00386236
0 0.543727 0.370962 0.00396455 0.00948034
0 0.413713 0.367978 0.00326493 0.00421348
0 0.603545 0.368855 0.00606343 0.00807584
0 0.418493 0.366397 0.0025653 0.00386236
0 0.486474 0.364291 0.00186567 0.00316011
0 0.482626 0.363764 0.00209888 0.00351124
0 0.556786 0.36552 0.00489739 0.00912921
0 0.612174 0.378511 0.0125933 0.0365169
0 0.531483 0.361833 0.00186567 0.00316011
0 0.699277 0.361482 0.00536381 0.00807584
0 0.576726 0.364115 0.00559701 0.0140449
0 0.704408 0.36394 0.00862873 0.0165028
0 0.44438 0.356566 0.00116604 0.00175562
0 0.585588 0.355513 0.00279851 0.00526685
0 0.554104 0.357619 0.00839552 0.0108848
0 0.426889 0.366046 0.0132929 0.0298455
0 0.684118 0.352528 0.00303172 0.00491573
0 0.6257 0.360253 0.0121269 0.0203652
0 0.460588 0.353055 0.00326493 0.0059691
0 0.696945 0.352001 0.00349813 0.00456461
0 0.449044 0.351826 0.00443097 0.00632022
0 0.716301 0.363764 0.0160914 0.0323034
0 0.735075 0.358497 0.0163246 0.0252809
0 0.544893 0.348315 0.0025653 0.00491573
0 0.624767 0.34691 0.00373134 0.00351124
0 0.576259 0.351124 0.00559701 0.0119382
0 0.755364 0.347963 0.00559701 0.00632022
0 0.566814 0.35639 0.00676306 0.0252809
0 0.572878 0.343399 0.00396455 0.00491573
0 0.747435 0.345506 0.00652985 0.00983146
0 0.764459 0.353933 0.0102612 0.0287921
0 0.622901 0.339361 0.00186567 0.00316011
0 0.725163 0.34059 0.00676306 0.00702247
0 0.491838 0.356039 0.0163246 0.0379213
0 0.45639 0.340063 0.00279851 0.00667135
0 0.685051 0.342346 0.00536381 0.0126404
0 0.606693 0.351124 0.0282183 0.0301966
0 0.738106 0.336552 0.00419776 0.00667135
0 0.625466 0.334621 0.00279851 0.00280899
0 0.610774 0.338834 0.0135261 0.0147472
0 0.519823 0.335323 0.00606343 0.00772472
0 0.449743 0.336201 0.00443097 0.0101826
0 0.54979 0.332163 0.00209888 0.00351124
0 0.6566 0.332514 0.00396455 0.00491573
0 0.593517 0.334445 0.0079291 0.0108848
0 0.452659 0.331812 0.00233209 0.00561798
0 0.546525 0.340239 0.0254198 0.0231742
0 0.436684 0.343399 0.0132929 0.0294944
0 0.776702 0.331285 0.00303172 0.0073736
0 0.445662 0.331636 0.00559701 0.00877809
0 0.555737 0.329178 0.00326493 0.00667135
0 0.657882 0.326194 0.00326493 0.00351124
0 0.499067 0.333392 0.0135261 0.0214185
0 0.447528 0.323034 0.00373134 0.00280899
0 0.458722 0.324614 0.00466418 0.00948034
0 0.442164 0.323385 0.00233209 0.00772472
0 0.598064 0.316362 0.0025653 0.00351124
0 0.51271 0.316362 0.00209888 0.00491573
0 0.652635 0.314782 0.00163246 0.00456461
0 0.462104 0.314256 0.0025653 0.00632022
0 0.66208 0.312676 0.00233209 0.00456461
0 0.554104 0.314958 0.0079291 0.011236
0 0.456856 0.311973 0.00326493 0.0059691
0 0.591301 0.311447 0.00722948 0.0140449
0 0.652635 0.306004 0.00443097 0.00526685
0 0.695196 0.304775 0.00233209 0.00351124
0 0.68715 0.304775 0.00536381 0.00702247
0 0.60063 0.303722 0.00629664 0.00702247
0 0.657533 0.300737 0.00303172 0.00526685
0 0.51819 0.314782 0.0219216 0.0333567
0 0.611124 0.313729 0.0235541 0.034059
0 0.586521 0.300386 0.00699627 0.0115871
0 0.68202 0.296348 0.0025653 0.00421348
0 0.605644 0.293013 0.0051306 0.00807584
0 0.617071 0.296173 0.0116604 0.0186096
0 0.579757 0.287219 0.00279851 0.00421348
0 0.628498 0.292135 0.00559701 0.0168539
0 0.690532 0.280548 0.00652985 0.00561798
0 0.590368 0.27967 0.00629664 0.0115871
0 0.629198 0.27651 0.00559701 0.0059691
0 0.602729 0.272823 0.00443097 0.00702247
0 0.611824 0.274403 0.00862873 0.0108848
0 0.651819 0.27493 0.0102612 0.0168539
0 0.590252 0.268785 0.0051306 0.0073736
0 0.639692 0.265625 0.00279851 0.0073736
0 0.59958 0.264396 0.00373134 0.00842697
0 0.595849 0.258603 0.00279851 0.00456461
0 0.613689 0.252985 0.00583022 0.00877809
0 0.591301 0.251053 0.00396455 0.00983146
0 0.648904 0.249298 0.00676306 0.00912921
0 0.62465 0.246138 0.00303172 0.00351124
0 0.643773 0.243855 0.0025653 0.00456461
0 0.604478 0.247015 0.0121269 0.0108848
0 0.648088 0.242626 0.00279851 0.00351124
0 0.655201 0.239291 0.00396455 0.0059691
0 0.599347 0.231215 0.00373134 0.0059691
0 0.656483 0.230864 0.00186567 0.0059691
0 0.651003 0.230688 0.00303172 0.00561798
0 0.652285 0.225597 0.00139925 0.00386236
0 0.619869 0.22507 0.00652985 0.0126404
0 0.64424 0.22033 0.00676306 0.0108848
0 0.59958 0.213659 0.00233209 0.00526685
0 0.611124 0.212781 0.00209888 0.00491573
0 0.613573 0.206636 0.00373134 0.00316011
0 0.627215 0.204003 0.0128265 0.0330056
0 0.53673 0.0997191 0.00583022 0.00842697
0 0.531017 0.0870787 0.00466418 0.011236
0 0.539646 0.0858497 0.0116604 0.0150983
0 0.735891 0.0747893 0.00676306 0.00772472
0 0.44368 0.0403792 0.0025653 0.00702247
0 0.414762 0.0301966 0.00489739 0.00702247
1 0.584305 0.919593 0.0254198 0.011236
1 0.6257 0.916959 0.0116604 0.0073736
1 0.334188 0.915555 0.00606343 0.00456461
1 0.554688 0.912395 0.010028 0.0193118
1 0.340135 0.905372 0.00583022 0.00877809
1 0.715718 0.905197 0.0102612 0.0196629
1 0.768773 0.834796 0.0184235 0.0263343
1 0.675373 0.811271 0.0158582 0.0221208
1 0.263876 0.774579 0.00583022 0.00983146
1 0.319613 0.769838 0.00536381 0.00807584
1 0.134562 0.745084 0.0107276 0.0161517
1 0.587803 0.69382 0.00816231 0.0119382
1 0.75035 0.661517 0.00629664 0.0126404
1 0.405084 0.656601 0.0289179 0.0337079
1 0.504897 0.622893 0.00606343 0.00491573
1 0.0911847 0.607619 0.00652985 0.0158006
1 0.376632 0.580407 0.0186567 0.0323034
1 0.724114 0.556531 0.0107276 0.0119382
1 0.420826 0.47191 0.00862873 0.0273876
1 0.363806 0.414326 0.0195896 0.00842697
1 0.455574 0.412921 0.0118937 0.0126404
1 0.573927 0.292486 0.00746269 0.00983146
1 0.748484 0.288097 0.0076959 0.0150983
1 0.678288 0.267732 0.0114272 0.0101826
1 0.627449 0.235077 0.010028 0.0115871
1 0.632696 0.197858 0.00186567 0.00807584
1 0.501283 0.187149 0.00676306 0.0140449
1 0.481576 0.18118 0.0107276 0.0126404
1 0.583839 0.157479 0.00349813 0.0101826
1 0.453125 0.165379 0.0130597 0.0259831
1 0.614855 0.134831 0.0160914 0.0245787
1 0.724464 0.116397 0.00396455 0.00807584
1 0.590368 0.113764 0.0109608 0.0154494
1 0.652868 0.114817 0.0282183 0.0308989
1 0.602612 0.100421 0.016791 0.0133427
1 0.569263 0.0963834 0.03125 0.0270365
2 0.690415 0.159937 0.0221549 0.0663624
3 0.555271 0.966819 0.00559701 0.0059691
3 0.628265 0.96717 0.00559701 0.00807584
3 0.57591 0.954705 0.00443097 0.00561798
3 0.575793 0.943645 0.00419776 0.0059691
3 0.550373 0.921173 0.00373134 0.0059691
3 0.683419 0.916784 0.00676306 0.00912921
3 0.33034 0.911517 0.00349813 0.00702247
3 0.334888 0.908357 0.00326493 0.00421348
3 0.31903 0.902914 0.00419776 0.0059691
3 0.641558 0.891152 0.00279851 0.00421348
3 0.638993 0.88606 0.00326493 0.00456461
3 0.521222 0.882022 0.00326493 0.00351124
3 0.515392 0.880794 0.00466418 0.00386236
3 0.723997 0.883427 0.00629664 0.00983146
3 0.551656 0.879389 0.00349813 0.0059691
3 0.564249 0.875702 0.00349813 0.00421348
3 0.73146 0.875878 0.00396455 0.00526685
3 0.745103 0.875 0.00419776 0.00632022
3 0.61882 0.867978 0.00443097 0.00702247
3 0.521572 0.855162 0.00303172 0.00316011
3 0.741604 0.835674 0.00419776 0.00632022
3 0.258629 0.828476 0.00326493 0.00456461
3 0.27472 0.824263 0.00326493 0.00456461
3 0.747085 0.822683 0.00303172 0.00491573
3 0.25548 0.819347 0.0025653 0.00386236
3 0.249534 0.808813 0.00466418 0.00667135
3 0.655784 0.804424 0.00279851 0.00421348
3 0.453008 0.771067 0.00349813 0.00491573
3 0.637826 0.770365 0.00326493 0.00421348
3 0.604711 0.770716 0.0051306 0.00772472
3 0.771572 0.767381 0.00629664 0.0101826
3 0.767491 0.754916 0.00373134 0.00632022
3 0.442164 0.74842 0.00233209 0.00386236
3 0.556903 0.718048 0.00233209 0.00351124
3 0.582906 0.715063 0.00536381 0.0073736
3 0.16208 0.703125 0.0051306 0.00807584
3 0.742071 0.676615 0.00373134 0.00491573
3 0.54361 0.672402 0.00652985 0.011236
3 0.483326 0.656952 0.00489739 0.00702247
3 0.529035 0.652739 0.00583022 0.0133427
3 0.58792 0.63448 0.00419776 0.00561798
3 0.541861 0.630618 0.00209888 0.00280899
3 0.372785 0.623244 0.00349813 0.00561798
3 0.603661 0.619382 0.0025653 0.00421348
3 0.65077 0.618153 0.00629664 0.00807584
3 0.35681 0.607619 0.0051306 0.00456461
3 0.180271 0.594628 0.0051306 0.00667135
3 0.526469 0.591468 0.00209888 0.00316011
3 0.640392 0.584796 0.00373134 0.0059691
3 0.718633 0.574965 0.00163246 0.00245787
3 0.525653 0.564607 0.00559701 0.00772472
3 0.666861 0.562149 0.00396455 0.00632022
3 0.508862 0.553722 0.00279851 0.00491573
3 0.69333 0.541784 0.00419776 0.00772472
3 0.398904 0.541433 0.00536381 0.00912921
3 0.414762 0.534761 0.00489739 0.00351124
3 0.734025 0.530723 0.0025653 0.00386236
3 0.443563 0.500176 0.00326493 0.00667135
3 0.41243 0.486131 0.00489739 0.0073736
3 0.4059 0.474368 0.00303172 0.00561798
3 0.118703 0.473666 0.00419776 0.00491573
3 0.445196 0.458041 0.00279851 0.00386236
3 0.339319 0.456812 0.00652985 0.00842697
3 0.43062 0.436447 0.0025653 0.00421348
3 0.128498 0.43434 0.00419776 0.00772472
3 0.395289 0.4296 0.00419776 0.0059691
3 0.530201 0.423279 0.00303172 0.00456461
3 0.44368 0.393961 0.00396455 0.00561798
3 0.532299 0.387114 0.00396455 0.0059691
3 0.591068 0.373771 0.00443097 0.00667135
3 0.595616 0.366573 0.00233209 0.00351124
3 0.461404 0.338834 0.0025653 0.00421348
3 0.750933 0.331636 0.00419776 0.0059691
3 0.706623 0.331987 0.00466418 0.00667135
3 0.600979 0.329354 0.00279851 0.00421348
3 0.596665 0.297577 0.00489739 0.00667135
3 0.623834 0.276334 0.00186567 0.00351124
3 0.642724 0.262289 0.00279851 0.00351124
3 0.613923 0.261587 0.00396455 0.00702247
3 0.539529 0.24368 0.00303172 0.00491573
3 0.133162 0.23736 0.00466418 0.00772472
3 0.651936 0.200667 0.00583022 0.00877809
3 0.56868 0.175386 0.00443097 0.00667135
3 0.215718 0.177317 0.0051306 0.011236
3 0.154734 0.172928 0.00396455 0.00667135
3 0.228545 0.164501 0.0051306 0.00667135
3 0.660681 0.152212 0.00746269 0.0108848
3 0.407649 0.146945 0.00279851 0.00456461
3 0.650886 0.145365 0.00419776 0.00561798
3 0.654734 0.144136 0.0025653 0.00526685
3 0.640742 0.141678 0.0025653 0.00386236
3 0.63806 0.133427 0.00606343 0.00772472
3 0.225863 0.113237 0.00489739 0.00807584
3 0.635494 0.0679424 0.00419776 0.00667135
3 0.629548 0.0607444 0.00303172 0.00421348
3 0.249417 0.0626756 0.00396455 0.00807584
3 0.295826 0.042486 0.00443097 0.00632022
