0 0.146805 0.677317 0.00583022 0.00912921
0 0.131063 0.664326 0.00559701 0.00772472
0 0.470499 0.629565 0.00909515 0.00702247
0 0.473181 0.613237 0.00606343 0.00526685
0 0.534632 0.56408 0.00676306 0.00807584
0 0.541161 0.547402 0.0076959 0.00912921
0 0.527752 0.526861 0.00839552 0.0115871
0 0.513643 0.47823 0.00583022 0.0147472
0 0.503848 0.446278 0.00489739 0.00561798
0 0.501632 0.424508 0.00559701 0.00561798
0 0.482276 0.419944 0.00652985 0.0105337
0 0.486824 0.409761 0.00722948 0.011236
0 0.470266 0.360253 0.00583022 0.00772472
0 0.454641 0.358146 0.00396455 0.00561798
0 0.551656 0.313729 0.00396455 0.00667135
0 0.547341 0.265098 0.0079291 0.0140449
0 0.529384 0.25948 0.00559701 0.00491573
0 0.568097 0.0417837 0.00233209 0.00491573
1 0.32521 0.809164 0.0380131 0.0621489
1 0.389576 0.743153 0.00816231 0.0186096
1 0.139925 0.578827 0.0191231 0.0403792
1 0.227029 0.322507 0.0128265 0.0172051
1 0.700443 0.219452 0.0165578 0.0273876
3 0.384095 0.742978 0.00373134 0.00632022
3 0.595965 0.578476 0.00583022 0.00948034
3 0.600513 0.569522 0.00466418 0.00702247
3 0.643657 0.43276 0.00419776 0.00526685
