0 0.339086 0.956285 0.00419776 0.0073736
0 0.610424 0.948912 0.00116604 0.00175562
0 0.183769 0.869558 0.00652985 0.0101826
0 0.354361 0.83111 0.00303172 0.00421348
0 0.477029 0.827247 0.00396455 0.0147472
0 0.342001 0.808462 0.00489739 0.0115871
0 0.342118 0.797226 0.00279851 0.00386236
0 0.498018 0.793715 0.00349813 0.0059691
0 0.363806 0.792135 0.00886194 0.0119382
0 0.748018 0.780723 0.0118937 0.0158006
0 0.77542 0.767381 0.00466418 0.00667135
0 0.498484 0.742451 0.00489739 0.00877809
0 0.760028 0.737535 0.00279851 0.00456461
0 0.392957 0.735955 0.00233209 0.00491573
0 0.467701 0.734551 0.00443097 0.00561798
0 0.496735 0.730337 0.00373134 0.00561798
0 0.426889 0.698209 0.00209888 0.00316011
0 0.452425 0.698209 0.00326493 0.0115871
0 0.731693 0.691538 0.0025653 0.00667135
0 0.750583 0.688378 0.00303172 0.00386236
0 0.749883 0.681882 0.00163246 0.00280899
0 0.28125 0.682058 0.00279851 0.0073736
0 0.76166 0.683462 0.00559701 0.0150983
0 0.752332 0.652914 0.00373134 0.00667135
0 0.73764 0.630794 0.00699627 0.0059691
0 0.379198 0.612535 0.00279851 0.0059691
0 0.316814 0.553897 0.00349813 0.0059691
0 0.302006 0.552844 0.00326493 0.00526685
0 0.334188 0.544944 0.00419776 0.00772472
0 0.758162 0.532303 0.00932836 0.0133427
0 0.337104 0.514747 0.00209888 0.00632022
0 0.381413 0.502282 0.0025653 0.00667135
0 0.75 0.499824 0.00932836 0.0143961
0 0.137826 0.463834 0.00233209 0.00561798
0 0.351213 0.403441 0.00233209 0.00561798
0 0.350746 0.384656 0.00233209 0.0073736
0 0.360658 0.380442 0.00303172 0.00456461
0 0.381646 0.359551 0.00443097 0.0161517
0 0.352845 0.269663 0.00326493 0.00772472
0 0.708839 0.188027 0.015625 0.0158006
0 0.311334 0.176088 0.00233209 0.00386236
0 0.695896 0.167486 0.0135261 0.0238764
0 0.722831 0.143083 0.0333489 0.0466994
0 0.705924 0.118329 0.00652985 0.0140449
0 0.70569 0.105337 0.00559701 0.0105337
0 0.724697 0.0949789 0.00956157 0.0101826
0 0.730294 0.0886587 0.00443097 0.00386236
0 0.729827 0.0791784 0.00583022 0.00877809
0 0.703475 0.0754916 0.00536381 0.0147472
0 0.719916 0.0612711 0.00839552 0.00807584
0 0.680737 0.0579354 0.0051306 0.00842697
0 0.680271 0.0489817 0.00606343 0.0073736
1 0.426539 0.962781 0.0573694 0.0498596
1 0.251399 0.941713 0.00419776 0.0126404
1 0.633046 0.933462 0.00909515 0.0129916
1 0.472598 0.921699 0.0118937 0.0203652
1 0.538829 0.885007 0.0170243 0.0179073
1 0.61812 0.876229 0.0338153 0.0410815
1 0.518424 0.819698 0.0251866 0.025632
1 0.654035 0.798631 0.0160914 0.0235253
1 0.607393 0.797226 0.0198228 0.0305478
1 0.445662 0.775808 0.0555037 0.0579354
1 0.423274 0.739993 0.00746269 0.00948034
1 0.151586 0.726475 0.0121269 0.0217697
1 0.729128 0.69224 0.00536381 0.0235253
1 0.120103 0.690485 0.0125933 0.0242275
1 0.137826 0.670822 0.00886194 0.0193118
1 0.226213 0.697156 0.0382463 0.0775983
1 0.203825 0.655021 0.0079291 0.00877809
1 0.110541 0.723666 0.0587687 0.167837
1 0.26889 0.62658 0.00979478 0.0207163
1 0.162313 0.656426 0.036847 0.0888343
1 0.435168 0.609902 0.0191231 0.0217697
1 0.200793 0.609375 0.0233209 0.039677
1 0.183535 0.596735 0.00606343 0.0165028
1 0.525536 0.56092 0.0296175 0.0305478
1 0.806437 0.536868 0.0965485 0.160112
1 0.771339 0.466643 0.0594683 0.0575843
1 0.821712 0.399228 0.0282183 0.065309
1 0.817747 0.33901 0.052472 0.0445927
1 0.297341 0.312149 0.0363806 0.0435393
1 0.205107 0.295471 0.00816231 0.0235253
1 0.182369 0.264221 0.0116604 0.0249298
1 0.233792 0.244382 0.0184235 0.0280899
1 0.264925 0.252282 0.0233209 0.0523174
1 0.204874 0.235428 0.015625 0.0403792
1 0.714552 0.215941 0.0242537 0.0252809
1 0.364855 0.213483 0.0123601 0.0210674
1 0.314832 0.211552 0.0433769 0.0558287
1 0.241954 0.196805 0.058069 0.0663624
1 0.283349 0.161692 0.025653 0.0389747
1 0.607859 0.129565 0.0282183 0.0358146
1 0.599464 0.128336 0.00116604 0.00105337
1 0.568214 0.0602177 0.0235541 0.0207163
1 0.587337 0.039677 0.0151586 0.0245787
1 0.560751 0.0247542 0.0249534 0.028441
3 0.389576 0.978757 0.00629664 0.00948034
3 0.246968 0.885885 0.00419776 0.00632022
3 0.204757 0.883778 0.00559701 0.00772472
3 0.247901 0.875527 0.00419776 0.00526685
3 0.159981 0.843926 0.00326493 0.00456461
3 0.159165 0.836903 0.00536381 0.00667135
3 0.26236 0.830056 0.00233209 0.00351124
3 0.270406 0.829881 0.00536381 0.00877809
3 0.214319 0.806004 0.00326493 0.0059691
3 0.317864 0.803371 0.00746269 0.00983146
3 0.243237 0.798279 0.00233209 0.00386236
3 0.594216 0.775281 0.00279851 0.00421348
3 0.518424 0.777037 0.00559701 0.00842697
3 0.16313 0.765801 0.00209888 0.00421348
3 0.351562 0.739993 0.0025653 0.00386236
3 0.170126 0.733848 0.00349813 0.00491573
3 0.17514 0.73139 0.00186567 0.00351124
3 0.174207 0.706285 0.00186567 0.00316011
3 0.367537 0.705407 0.00466418 0.00983146
3 0.28743 0.694874 0.00209888 0.00280899
3 0.485658 0.690836 0.00489739 0.0073736
3 0.49452 0.687851 0.00443097 0.00632022
3 0.329757 0.577072 0.00652985 0.00948034
3 0.199394 0.555478 0.00559701 0.00842697
3 0.410331 0.511938 0.00676306 0.0105337
3 0.51236 0.496664 0.0051306 0.00807584
3 0.459305 0.472788 0.00443097 0.00667135
3 0.394007 0.46085 0.00349813 0.00526685
3 0.768307 0.375878 0.00303172 0.00456461
3 0.35063 0.349192 0.00536381 0.00807584
3 0.790812 0.287921 0.00373134 0.00561798
3 0.225979 0.283708 0.00606343 0.00912921
3 0.199044 0.277212 0.00443097 0.00667135
3 0.205107 0.271945 0.00349813 0.00526685
3 0.382463 0.252633 0.00373134 0.0059691
3 0.191581 0.227353 0.0025653 0.00386236
3 0.201376 0.206812 0.0025653 0.00421348
3 0.347715 0.189256 0.00279851 0.00491573
3 0.327192 0.175035 0.00606343 0.0101826
3 0.258046 0.16889 0.00443097 0.00702247
3 0.454408 0.119382 0.0025653 0.00351124
3 0.718633 0.105513 0.00443097 0.00667135
3 0.322994 0.0554775 0.00279851 0.00491573
3 0.475163 0.0516152 0.00349813 0.00491573
