0 0.476096 0.597261 0.00349813 0.00561798
0 0.462687 0.595154 0.0219216 0.0217697
0 0.464086 0.577774 0.0121269 0.0122893
0 0.393424 0.572331 0.000932836 0.00210674
0 0.313666 0.572156 0.00233209 0.00316011
0 0.376049 0.571454 0.00163246 0.00316011
0 0.274254 0.573209 0.00559701 0.00667135
0 0.407183 0.56408 0.00139925 0.00175562
0 0.382229 0.56566 0.00279851 0.00491573
0 0.296992 0.561271 0.0025653 0.00456461
0 0.363456 0.558287 0.00116604 0.00210674
0 0.366488 0.55776 0.00209888 0.00316011
0 0.366488 0.558111 0.000699627 0.00105337
0 0.381996 0.554775 0.00139925 0.00351124
0 0.380131 0.554775 0.00186567 0.00351124
0 0.408582 0.554073 0.00186567 0.00351124
0 0.37465 0.550737 0.00116604 0.00316011
0 0.371385 0.549333 0.00163246 0.00386236
0 0.388526 0.546524 0.00186567 0.00245787
0 0.403451 0.545471 0.00186567 0.00316011
0 0.52472 0.548279 0.0102612 0.0101826
0 0.539062 0.546524 0.00816231 0.00877809
0 0.398088 0.543188 0.00139925 0.00210674
0 0.48041 0.540555 0.00233209 0.00386236
0 0.39972 0.536692 0.00186567 0.00245787
0 0.384911 0.535815 0.00303172 0.00421348
0 0.548857 0.537219 0.00443097 0.011236
0 0.496385 0.531074 0.00303172 0.00526685
0 0.501049 0.530723 0.0025653 0.00526685
0 0.600396 0.528617 0.00536381 0.00667135
0 0.404268 0.525456 0.00116604 0.00316011
0 0.570429 0.520541 0.00233209 0.00456461
0 0.369053 0.517381 0.00443097 0.0059691
0 0.280434 0.505091 0.00396455 0.00456461
0 0.551889 0.504916 0.00489739 0.00702247
0 0.504548 0.499298 0.00209888 0.00280899
0 0.280784 0.499122 0.00419776 0.00526685
0 0.284748 0.500351 0.00326493 0.00912921
0 0.516908 0.508427 0.0226213 0.0266854
0 0.53778 0.497542 0.00233209 0.00842697
0 0.559701 0.49052 0.00466418 0.00632022
0 0.517491 0.489993 0.00373134 0.00526685
0 0.569963 0.479986 0.00279851 0.00491573
0 0.548857 0.481566 0.00443097 0.00948034
0 0.519823 0.477704 0.00606343 0.0073736
0 0.269123 0.481215 0.0102612 0.0193118
0 0.590252 0.46243 0.00466418 0.00421348
0 0.576959 0.462956 0.00326493 0.00667135
0 0.176539 0.463659 0.00606343 0.0108848
0 0.255947 0.463308 0.00349813 0.0108848
0 0.583839 0.459972 0.00536381 0.0133427
0 0.573577 0.449087 0.00396455 0.00491573
0 0.596549 0.449263 0.00559701 0.0073736
0 0.524254 0.447156 0.00373134 0.0073736
0 0.588619 0.441187 0.00746269 0.00948034
0 0.555037 0.445927 0.014459 0.0287921
0 0.562733 0.429073 0.00466418 0.00351124
0 0.36334 0.351826 0.00326493 0.00561798
1 0.428755 0.611482 0.00443097 0.00316011
1 0.366604 0.600421 0.0139925 0.0140449
1 0.444496 0.559515 0.00652985 0.00667135
1 0.333139 0.528617 0.00303172 0.0115871
1 0.190065 0.502282 0.0237873 0.0186096
1 0.322994 0.482444 0.0102612 0.0154494
1 0.348881 0.481215 0.014459 0.0186096
1 0.458605 0.467521 0.015625 0.0108848
1 0.384095 0.388694 0.0284515 0.0238764
1 0.336171 0.10639 0.0216884 0.0442416
1 0.372201 0.085323 0.0209888 0.0238764
1 0.441931 0.090941 0.0265858 0.0463483
2 0.442281 0.362711 0.0482743 0.0554775
2 0.381297 0.294066 0.0298507 0.039677
2 0.548857 0.249649 0.0394123 0.0372191
3 0.299324 0.533006 0.00443097 0.00632022
3 0.360308 0.528792 0.00233209 0.00351124
3 0.370103 0.524403 0.00326493 0.00456461
3 0.359142 0.521594 0.00279851 0.00386236
3 0.338736 0.492802 0.0025653 0.00386236
3 0.354011 0.456461 0.00373134 0.00772472
3 0.343167 0.453652 0.00209888 0.00351124
3 0.33757 0.449087 0.00396455 0.00632022
3 0.353078 0.30776 0.00326493 0.00456461
3 0.523204 0.305478 0.00629664 0.00772472
3 0.353078 0.297928 0.00326493 0.00526685
3 0.391558 0.272999 0.00466418 0.0059691
3 0.551189 0.270014 0.00629664 0.00702247
3 0.544076 0.242275 0.0051306 0.00842697
3 0.217001 0.217872 0.00396455 0.0059691
3 0.375466 0.105162 0.00699627 0.00948034
