0 0.374184 0.919242 0.00629664 0.00702247
0 0.381646 0.914326 0.00629664 0.00772472
0 0.446828 0.84691 0.00279851 0.00351124
0 0.45091 0.838308 0.00209888 0.00316011
0 0.26166 0.773876 0.00419776 0.00702247
0 0.222015 0.771419 0.00373134 0.00561798
0 0.268773 0.752458 0.00956157 0.00842697
0 0.264692 0.741924 0.0051306 0.0119382
0 0.207439 0.72349 0.00443097 0.00807584
0 0.407066 0.6796 0.00349813 0.00807584
0 0.390742 0.627282 0.0025653 0.00456461
0 0.416161 0.608673 0.00489739 0.0059691
0 0.333022 0.602353 0.00326493 0.00526685
0 0.789412 0.599017 0.00466418 0.00702247
0 0.390742 0.592697 0.00209888 0.00421348
0 0.404268 0.582163 0.00163246 0.00210674
0 0.418377 0.583216 0.00326493 0.00491573
0 0.420476 0.578476 0.00233209 0.0059691
0 0.465135 0.541257 0.0025653 0.00386236
0 0.454874 0.540906 0.0104944 0.0115871
0 0.444496 0.537219 0.00559701 0.00561798
0 0.833022 0.527563 0.00466418 0.00877809
0 0.501749 0.525105 0.00536381 0.00807584
0 0.255597 0.516152 0.00186567 0.00210674
0 0.155784 0.510358 0.00279851 0.00456461
0 0.247551 0.505442 0.00209888 0.00316011
0 0.527519 0.503336 0.00419776 0.0059691
0 0.247785 0.498947 0.00209888 0.00351124
0 0.226679 0.491046 0.00279851 0.00526685
0 0.20569 0.484902 0.00279851 0.00561798
0 0.535798 0.483497 0.00209888 0.00561798
0 0.433302 0.463834 0.00373134 0.00632022
0 0.834888 0.455934 0.0107276 0.0207163
0 0.269123 0.445049 0.00139925 0.00245787
0 0.404268 0.431355 0.00209888 0.00386236
0 0.364972 0.382725 0.00233209 0.00351124
0 0.43167 0.368504 0.00233209 0.00316011
0 0.419426 0.357971 0.00163246 0.00245787
0 0.288713 0.351299 0.00279851 0.00316011
0 0.428288 0.350421 0.00209888 0.00210674
0 0.496968 0.352353 0.00419776 0.0101826
0 0.465835 0.349017 0.00349813 0.00561798
0 0.460704 0.344628 0.00209888 0.00316011
0 0.298158 0.342346 0.00349813 0.00491573
0 0.326842 0.334972 0.0025653 0.00491573
0 0.558419 0.332163 0.00396455 0.00351124
0 0.555504 0.326369 0.00419776 0.00456461
0 0.562267 0.318996 0.00466418 0.00456461
0 0.435634 0.324965 0.016791 0.0165028
0 0.304338 0.321278 0.0051306 0.00983146
0 0.543843 0.321454 0.00559701 0.0122893
0 0.495802 0.314256 0.00186567 0.00351124
0 0.555271 0.310042 0.00279851 0.00351124
0 0.298041 0.310744 0.00419776 0.00842697
0 0.558186 0.305478 0.00349813 0.00561798
0 0.478195 0.292135 0.00303172 0.00561798
0 0.30084 0.281952 0.00186567 0.00351124
0 0.22563 0.2579 0.00349813 0.0059691
0 0.283465 0.242978 0.00489739 0.00702247
0 0.350863 0.235604 0.00629664 0.00983146
0 0.392491 0.228581 0.00186567 0.00280899
0 0.284515 0.22823 0.00233209 0.00491573
0 0.24347 0.227177 0.00186567 0.00280899
0 0.334305 0.22665 0.0025653 0.00456461
0 0.334072 0.220506 0.0025653 0.00421348
0 0.335354 0.213483 0.00233209 0.00421348
0 0.354478 0.213834 0.00326493 0.00561798
0 0.476796 0.21401 0.00443097 0.00667135
0 0.319963 0.191538 0.00233209 0.00456461
0 0.36194 0.167837 0.00233209 0.00421348
0 0.203358 0.115695 0.0107276 0.0165028
1 0.260028 0.966292 0.00932836 0.00702247
1 0.366021 0.967872 0.0207556 0.0143961
1 0.369986 0.934515 0.0174907 0.0136938
1 0.584655 0.938729 0.0181903 0.0410815
1 0.23799 0.907654 0.0128265 0.0203652
1 0.263876 0.919417 0.0342817 0.0466994
1 0.616021 0.906074 0.0314832 0.0438904
1 0.589785 0.895014 0.0247201 0.0231742
1 0.193097 0.888518 0.0382463 0.039677
1 0.609958 0.874473 0.00909515 0.0129916
1 0.478895 0.858497 0.00956157 0.00842697
1 0.298041 0.836201 0.0051306 0.0115871
1 0.503032 0.826369 0.0116604 0.0136938
1 0.348531 0.827247 0.0202892 0.0323034
1 0.134678 0.805126 0.00722948 0.0140449
1 0.402985 0.79073 0.0139925 0.011236
1 0.182719 0.794066 0.0104944 0.0186096
1 0.294426 0.767205 0.00909515 0.00983146
1 0.44403 0.768083 0.0079291 0.0179073
1 0.516325 0.76106 0.0135261 0.0158006
1 0.109608 0.760183 0.00979478 0.0203652
1 0.743937 0.767556 0.0181903 0.0505618
1 0.705107 0.779143 0.0492071 0.150281
1 0.396222 0.706812 0.011194 0.0182584
1 0.354361 0.69698 0.0179571 0.0189607
1 0.34445 0.673104 0.011194 0.0105337
1 0.664762 0.676791 0.0170243 0.0242275
1 0.381413 0.662746 0.00536381 0.0115871
1 0.76306 0.681706 0.0303172 0.0783006
1 0.821595 0.65151 0.0130597 0.0270365
1 0.324277 0.639747 0.00956157 0.0182584
1 0.772505 0.622015 0.00629664 0.0136938
1 0.321712 0.619733 0.00629664 0.0140449
1 0.338386 0.623244 0.0233209 0.0323034
1 0.577659 0.610428 0.0275187 0.034059
1 0.219916 0.594452 0.00932836 0.011236
1 0.812617 0.589712 0.0151586 0.0136938
1 0.23076 0.58111 0.0076959 0.0161517
1 0.221315 0.555478 0.0107276 0.0210674
1 0.0770756 0.516854 0.0193563 0.0266854
1 0.186917 0.509831 0.0132929 0.0196629
1 0.196245 0.496313 0.00909515 0.0136938
1 0.451842 0.475948 0.010028 0.0122893
1 0.847248 0.483497 0.0275187 0.0421348
1 0.215951 0.428722 0.00559701 0.00632022
1 0.208489 0.425035 0.00606343 0.0186096
1 0.47563 0.412746 0.0366138 0.0214185
1 0.248484 0.399579 0.00862873 0.0126404
1 0.346315 0.401334 0.00652985 0.0189607
1 0.189715 0.349719 0.00909515 0.0154494
1 0.127099 0.33585 0.0139925 0.0186096
1 0.3757 0.335323 0.0125933 0.0280899
1 0.473181 0.3125 0.025653 0.0287921
1 0.511777 0.298631 0.0114272 0.0073736
1 0.497551 0.298455 0.00909515 0.0105337
1 0.402402 0.298631 0.0118937 0.0165028
1 0.203008 0.284235 0.010028 0.0150983
1 0.196245 0.268434 0.00956157 0.0158006
1 0.159398 0.26264 0.00536381 0.00983146
1 0.428288 0.270892 0.0146922 0.0319522
1 0.472598 0.262992 0.0296175 0.0182584
1 0.396105 0.258076 0.00816231 0.0126404
1 0.380714 0.252107 0.00396455 0.0126404
1 0.140742 0.248596 0.00909515 0.0126404
1 0.226796 0.244382 0.00956157 0.0133427
1 0.197295 0.239466 0.00886194 0.0133427
1 0.402519 0.232268 0.00839552 0.0122893
1 0.353428 0.224895 0.0277519 0.0172051
1 0.266441 0.222086 0.0160914 0.0193118
1 0.458372 0.204881 0.00956157 0.0108848
1 0.658699 0.20014 0.015625 0.0126404
1 0.282066 0.188202 0.00909515 0.0147472
1 0.348531 0.190133 0.0389459 0.034059
1 0.477495 0.17802 0.0123601 0.0168539
1 0.355177 0.134831 0.0107276 0.0210674
1 0.650886 0.0928722 0.0163246 0.0150983
1 0.633629 0.102177 0.0181903 0.0442416
1 0.599697 0.0842697 0.0328825 0.0477528
1 0.717351 0.072507 0.0121269 0.042486
1 0.231926 0.0549508 0.00862873 0.0115871
2 0.650653 0.97191 0.0293843 0.0554775
2 0.582206 0.971559 0.0366138 0.0561798
2 0.269123 0.896243 0.0415112 0.0705758
2 0.176539 0.893961 0.0317164 0.0716292
2 0.756063 0.808989 0.0303172 0.0639045
2 0.282533 0.75316 0.0249534 0.0210674
2 0.661381 0.17802 0.0158582 0.0280899
2 0.294776 0.138694 0.00979478 0.0168539
2 0.25 0.114115 0.00932836 0.00983146
2 0.227262 0.127985 0.0291511 0.0481039
3 0.266091 0.980513 0.0051306 0.00807584
3 0.530667 0.973315 0.00303172 0.00421348
3 0.523671 0.974192 0.00536381 0.00667135
3 0.379781 0.953652 0.00583022 0.00842697
3 0.361707 0.949614 0.0051306 0.0073736
3 0.455807 0.937851 0.00443097 0.00632022
3 0.371152 0.907654 0.00396455 0.00561798
3 0.222015 0.854635 0.0051306 0.00772472
3 0.198577 0.840765 0.00489739 0.00807584
3 0.463619 0.830583 0.0051306 0.0073736
3 0.503965 0.809867 0.0051306 0.0073736
3 0.321129 0.805829 0.00373134 0.00632022
3 0.46945 0.804775 0.00373134 0.00491573
3 0.167677 0.803546 0.00419776 0.0073736
3 0.498951 0.801615 0.00303172 0.00491573
3 0.527868 0.794593 0.00163246 0.00210674
3 0.436917 0.763167 0.00303172 0.0059691
3 0.28778 0.724368 0.00746269 0.00983146
3 0.640508 0.718399 0.00583022 0.00912921
3 0.407766 0.706812 0.00303172 0.00491573
3 0.604478 0.705407 0.00419776 0.00632022
3 0.40625 0.688904 0.00466418 0.00632022
3 0.744869 0.683638 0.0051306 0.00842697
3 0.49312 0.670295 0.00443097 0.00561798
3 0.359608 0.667486 0.00326493 0.00491573
3 0.260378 0.663448 0.00676306 0.0108848
3 0.12465 0.661341 0.00443097 0.00667135
3 0.523321 0.658357 0.00559701 0.00772472
3 0.370569 0.652388 0.00606343 0.00772472
3 0.474813 0.65309 0.00652985 0.011236
3 0.498717 0.651861 0.00536381 0.0101826
3 0.118354 0.650456 0.00536381 0.0073736
3 0.528335 0.647647 0.0025653 0.00316011
3 0.359841 0.650808 0.00746269 0.0108848
3 0.38188 0.643083 0.00676306 0.0108848
3 0.660448 0.642556 0.00652985 0.0105337
3 0.256063 0.620084 0.00326493 0.00561798
3 0.480061 0.611833 0.00583022 0.00807584
3 0.208605 0.598841 0.00303172 0.00526685
3 0.550023 0.577423 0.00676306 0.0108848
3 0.434002 0.574263 0.0051306 0.00667135
3 0.542094 0.561447 0.00629664 0.00983146
3 0.257229 0.543188 0.00419776 0.00632022
3 0.819963 0.532479 0.00326493 0.00456461
3 0.190532 0.528441 0.00466418 0.00772472
3 0.21945 0.526334 0.00373134 0.00421348
3 0.10611 0.525632 0.00419776 0.00632022
3 0.144123 0.524579 0.00419776 0.00772472
3 0.780784 0.518258 0.00233209 0.00351124
3 0.542561 0.505091 0.00536381 0.00667135
3 0.798041 0.501404 0.0051306 0.00702247
3 0.390042 0.500527 0.00443097 0.00667135
3 0.205807 0.499122 0.00489739 0.00667135
3 0.378382 0.479108 0.00303172 0.00456461
3 0.223531 0.478757 0.00349813 0.00526685
3 0.110191 0.47823 0.00536381 0.00842697
3 0.509095 0.476124 0.00419776 0.00561798
3 0.159398 0.474895 0.00443097 0.0073736
3 0.407183 0.464537 0.00466418 0.00702247
3 0.240205 0.458567 0.00559701 0.00842697
3 0.473064 0.456812 0.00489739 0.00702247
3 0.51306 0.454178 0.0051306 0.00807584
3 0.145756 0.448912 0.00839552 0.0115871
3 0.159282 0.43276 0.00419776 0.0073736
3 0.221082 0.424684 0.00326493 0.00526685
3 0.396222 0.413624 0.0051306 0.00772472
3 0.400653 0.407479 0.00326493 0.00526685
3 0.185868 0.401685 0.00373134 0.00561798
3 0.451376 0.392029 0.00396455 0.0059691
3 0.801423 0.375176 0.00536381 0.00807584
3 0.822761 0.369382 0.00373134 0.00561798
3 0.399254 0.368153 0.00419776 0.00667135
3 0.82521 0.364466 0.00303172 0.00491573
3 0.333839 0.364642 0.00396455 0.0059691
3 0.20674 0.353757 0.00303172 0.00526685
3 0.281367 0.348139 0.00443097 0.0059691
3 0.284398 0.334094 0.00489739 0.0073736
3 0.39937 0.328476 0.00396455 0.0059691
3 0.583722 0.317591 0.00419776 0.0059691
3 0.423857 0.316889 0.00676306 0.00807584
3 0.179338 0.316889 0.0051306 0.00807584
3 0.121152 0.314256 0.00676306 0.00983146
3 0.442281 0.30776 0.00676306 0.0101826
3 0.140508 0.304249 0.00303172 0.00456461
3 0.363923 0.304073 0.00443097 0.00632022
3 0.279268 0.303546 0.00443097 0.00667135
3 0.379314 0.299333 0.0025653 0.00386236
3 0.354128 0.300562 0.00489739 0.00632022
3 0.364389 0.296699 0.0025653 0.00421348
3 0.163479 0.289677 0.00373134 0.00561798
3 0.414529 0.28757 0.00349813 0.00561798
3 0.408932 0.28441 0.00396455 0.00491573
3 0.0984142 0.284937 0.00373134 0.0059691
3 0.413246 0.282128 0.00233209 0.00386236
3 0.289412 0.267907 0.0051306 0.00702247
3 0.347948 0.263167 0.00419776 0.0059691
3 0.444613 0.255267 0.00443097 0.00632022
3 0.372318 0.25474 0.00489739 0.00807584
3 0.318913 0.23736 0.00349813 0.00491573
3 0.618587 0.230162 0.00536381 0.0073736
3 0.558069 0.224719 0.00373134 0.00561798
3 0.387477 0.221383 0.00349813 0.00526685
3 0.43167 0.213834 0.00326493 0.00561798
3 0.41931 0.211201 0.00326493 0.00526685
3 0.307952 0.207514 0.00583022 0.00842697
3 0.70569 0.194522 0.00466418 0.00702247
3 0.410215 0.193294 0.00373134 0.00526685
3 0.219566 0.179775 0.00349813 0.00491573
3 0.351562 0.181355 0.00676306 0.00877809
3 0.496502 0.176966 0.00373134 0.00561798
3 0.560751 0.170471 0.0025653 0.00456461
3 0.573111 0.157654 0.00349813 0.00491573
3 0.399137 0.156074 0.00303172 0.00456461
3 0.210354 0.13764 0.00326493 0.00491573
3 0.458139 0.114993 0.0025653 0.00456461
3 0.58034 0.0307233 0.00583022 0.00877809
3 0.260145 0.0121138 0.00536381 0.0073736
3 0.579874 0.010007 0.00349813 0.00526685
3 0.572062 0.00754916 0.00466418 0.0059691
