0 0.247785 0.709094 0.00489739 0.0059691
0 0.35541 0.541257 0.00606343 0.0059691
0 0.342001 0.528617 0.00722948 0.0059691
0 0.345616 0.518434 0.00326493 0.00316011
0 0.26341 0.49684 0.00443097 0.00632022
0 0.325093 0.489817 0.00326493 0.00421348
0 0.33174 0.489817 0.00396455 0.00772472
0 0.347948 0.488764 0.00606343 0.00632022
0 0.318563 0.484551 0.00326493 0.00491573
0 0.281833 0.484199 0.00163246 0.00421348
0 0.329641 0.483497 0.00163246 0.00351124
0 0.323344 0.482795 0.00303172 0.00421348
0 0.43202 0.476124 0.00303172 0.00351124
0 0.303521 0.461376 0.00489739 0.00772472
0 0.438666 0.459972 0.00746269 0.00772472
0 0.452892 0.448209 0.0163246 0.020014
0 0.249883 0.439431 0.00443097 0.00456461
0 0.259328 0.429249 0.00419776 0.00526685
0 0.265858 0.422928 0.0102612 0.0101826
0 0.265508 0.42644 0.000699627 0.00105337
0 0.266791 0.411517 0.0125933 0.0140449
0 0.245452 0.408708 0.00489739 0.0105337
0 0.279035 0.400456 0.00163246 0.00316011
0 0.271688 0.372542 0.00699627 0.011236
1 0.32451 0.960674 0.0226213 0.0175562
1 0.157533 0.739291 0.0104944 0.0263343
1 0.201143 0.632198 0.00303172 0.0122893
1 0.284865 0.550737 0.00489739 0.0165028
1 0.500117 0.41731 0.0104944 0.00667135
1 0.188666 0.0972612 0.0107276 0.0203652
3 0.35716 0.785815 0.00396455 0.00702247
3 0.296525 0.754038 0.00676306 0.00948034
3 0.158582 0.686096 0.00652985 0.0105337
3 0.242537 0.552669 0.0079291 0.011236
3 0.184585 0.495084 0.00349813 0.00632022
3 0.475396 0.399052 0.00536381 0.00877809
3 0.449977 0.276159 0.00396455 0.00667135
3 0.172575 0.172577 0.00606343 0.00948034
