0 0.507346 0.819698 0.00209888 0.00316011
0 0.126866 0.652563 0.00186567 0.00245787
0 0.43785 0.603581 0.00303172 0.00561798
0 0.575443 0.560393 0.00209888 0.00351124
0 0.0979478 0.448209 0.00233209 0.00456461
0 0.611824 0.361482 0.00816231 0.00807584
0 0.592817 0.357268 0.00886194 0.0136938
0 0.643773 0.343399 0.00209888 0.00210674
0 0.5316 0.112008 0.00489739 0.00702247
0 0.541511 0.103406 0.00699627 0.0108848
0 0.550023 0.0854986 0.00303172 0.00386236
0 0.528451 0.0816362 0.0107276 0.0108848
0 0.541278 0.0704003 0.0051306 0.0073736
0 0.520173 0.0654846 0.00443097 0.0108848
0 0.507696 0.0623244 0.0130597 0.0193118
0 0.520522 0.0517907 0.00466418 0.00807584
0 0.553288 0.0147472 0.00722948 0.0133427
0 0.526819 0.0124649 0.00419776 0.00877809
0 0.532183 0.00509129 0.00326493 0.0059691
1 0.467001 0.824263 0.00909515 0.0172051
1 0.344683 0.118153 0.0107276 0.0207163
1 0.431087 0.0175562 0.00722948 0.0126404
3 0.321362 0.903968 0.00279851 0.00386236
3 0.313666 0.883954 0.00233209 0.00386236
3 0.455107 0.878511 0.00443097 0.00561798
3 0.493354 0.876053 0.0025653 0.00421348
3 0.623484 0.857971 0.00396455 0.0059691
3 0.658699 0.852528 0.00349813 0.00561798
3 0.225979 0.838308 0.00419776 0.0073736
3 0.777985 0.833216 0.00326493 0.00561798
3 0.75618 0.813729 0.00349813 0.00456461
3 0.640625 0.80302 0.00373134 0.00561798
3 0.654035 0.772823 0.00349813 0.00491573
3 0.269939 0.764572 0.00303172 0.00526685
3 0.196595 0.741573 0.00326493 0.00491573
3 0.196129 0.735253 0.00326493 0.00421348
3 0.19333 0.721032 0.00279851 0.00386236
3 0.638293 0.67486 0.00279851 0.00491573
3 0.68785 0.621489 0.00303172 0.00491573
3 0.553288 0.599368 0.0025653 0.00421348
3 0.778801 0.561096 0.00349813 0.00561798
3 0.625816 0.553722 0.00443097 0.00632022
3 0.714785 0.527914 0.00466418 0.00526685
3 0.694963 0.497367 0.00419776 0.00667135
3 0.0959655 0.482619 0.00209888 0.00386236
3 0.642607 0.477528 0.00303172 0.00491573
3 0.744636 0.400281 0.00373134 0.00632022
3 0.485424 0.369206 0.00349813 0.00456461
3 0.606693 0.35323 0.00396455 0.00491573
3 0.66173 0.343223 0.00303172 0.00386236
3 0.611007 0.334094 0.00279851 0.00456461
3 0.417677 0.263518 0.00419776 0.00526685
3 0.40695 0.136938 0.00373134 0.00491573
3 0.500933 0.122718 0.00606343 0.0073736
3 0.254314 0.100421 0.00303172 0.00421348
3 0.5618 0.049684 0.00326493 0.00456461
3 0.433302 0.0305478 0.00466418 0.00632022
