0 0.510611 0.890449 0.00443097 0.00632022
0 0.302239 0.679424 0.00886194 0.0126404
0 0.294193 0.672226 0.0025653 0.00877809
0 0.484492 0.654494 0.00396455 0.00842697
0 0.623951 0.627633 0.00209888 0.00245787
0 0.313899 0.626404 0.00652985 0.0147472
0 0.614739 0.601475 0.00186567 0.00421348
0 0.611474 0.600421 0.00233209 0.00491573
0 0.615438 0.592697 0.00746269 0.0105337
0 0.500233 0.587956 0.00839552 0.0150983
0 0.490788 0.579705 0.0025653 0.00702247
0 0.635611 0.575843 0.00396455 0.00912921
0 0.163713 0.55618 0.00419776 0.00702247
0 0.498717 0.537219 0.00536381 0.0147472
0 0.455107 0.522823 0.00303172 0.00561798
0 0.507812 0.522121 0.0025653 0.0140449
0 0.428988 0.512289 0.00536381 0.00983146
0 0.477612 0.508251 0.00373134 0.00667135
0 0.424324 0.502633 0.00443097 0.0059691
0 0.481926 0.521594 0.0342817 0.0488062
0 0.48181 0.500176 0.00373134 0.00667135
0 0.554571 0.499298 0.00279851 0.00702247
0 0.45674 0.49842 0.00349813 0.0073736
0 0.546875 0.494206 0.00559701 0.0115871
0 0.469799 0.496664 0.0123601 0.0179073
0 0.555271 0.490695 0.00186567 0.0073736
0 0.56285 0.489817 0.00163246 0.00772472
0 0.560634 0.486131 0.00186567 0.0059691
0 0.552006 0.462781 0.00186567 0.00702247
0 0.54909 0.463308 0.00303172 0.00807584
0 0.558535 0.47191 0.0079291 0.0280899
0 0.495336 0.383778 0.00233209 0.00842697
0 0.500117 0.381671 0.00536381 0.0140449
0 0.489389 0.349368 0.00629664 0.0224719
0 0.598764 0.306355 0.00583022 0.0122893
0 0.607509 0.302669 0.00233209 0.00912921
0 0.624883 0.294066 0.00349813 0.0059691
0 0.601213 0.294944 0.00559701 0.0119382
0 0.630131 0.28915 0.00373134 0.0059691
0 0.616954 0.28915 0.00536381 0.0143961
0 0.651586 0.28283 0.00559701 0.00948034
0 0.626749 0.282479 0.00676306 0.00948034
0 0.641325 0.279143 0.00279851 0.00421348
0 0.604594 0.274579 0.00489739 0.00842697
0 0.11299 0.268258 0.00303172 0.00491573
0 0.631063 0.261938 0.0051306 0.00842697
0 0.627099 0.25948 0.00279851 0.00491573
0 0.116371 0.260885 0.00326493 0.00912921
0 0.122668 0.245787 0.00279851 0.00632022
0 0.578941 0.207514 0.00163246 0.00421348
0 0.579757 0.201018 0.00326493 0.0059691
0 0.582323 0.177669 0.00326493 0.00561798
0 0.590135 0.163624 0.00163246 0.00842697
0 0.58069 0.162921 0.00373134 0.00702247
0 0.60716 0.157303 0.00349813 0.00561798
0 0.584305 0.155197 0.0025653 0.00561798
0 0.593633 0.165028 0.0109608 0.0316011
0 0.594566 0.16415 0.000699627 0.00105337
0 0.60028 0.145892 0.0107276 0.0165028
0 0.600396 0.14677 0.00163246 0.00140449
0 0.588036 0.139396 0.00209888 0.00421348
0 0.604244 0.130442 0.00373134 0.00456461
0 0.454757 0.116749 0.00326493 0.00526685
0 0.42409 0.112184 0.00722948 0.0108848
0 0.445429 0.110077 0.00652985 0.00807584
0 0.402519 0.110077 0.00466418 0.0122893
0 0.611474 0.105688 0.00186567 0.00421348
0 0.614156 0.104284 0.00303172 0.00561798
0 0.46257 0.108497 0.00816231 0.0147472
0 0.616954 0.102704 0.00209888 0.00386236
0 0.604361 0.102879 0.00489739 0.00983146
0 0.454291 0.103933 0.00652985 0.0140449
0 0.599114 0.0997191 0.00419776 0.00912921
0 0.689482 0.100421 0.00909515 0.0140449
0 0.432952 0.0958567 0.00349813 0.00561798
0 0.579757 0.0941011 0.00233209 0.00351124
0 0.427239 0.0939256 0.00186567 0.00526685
0 0.470732 0.0946278 0.0025653 0.00877809
0 0.438783 0.0953301 0.00489739 0.0136938
0 0.586754 0.0886587 0.00233209 0.00316011
0 0.583256 0.0883076 0.00279851 0.00316011
0 0.425023 0.0895365 0.00303172 0.00842697
0 0.428521 0.0863764 0.0025653 0.00491573
0 0.458605 0.0862008 0.00396455 0.00667135
0 0.470033 0.0849719 0.00349813 0.00632022
0 0.394473 0.0847963 0.0025653 0.0059691
0 0.582206 0.0828652 0.0025653 0.00351124
0 0.46257 0.0879565 0.00349813 0.0150983
0 0.445079 0.088132 0.00722948 0.0154494
0 0.578941 0.0819874 0.0025653 0.00386236
0 0.592701 0.0862008 0.00956157 0.0143961
0 0.570662 0.0828652 0.0121269 0.0133427
0 0.465718 0.0779494 0.0051306 0.011236
0 0.452659 0.0732093 0.00373134 0.00456461
0 0.401353 0.0679424 0.00279851 0.00456461
0 0.435751 0.0663624 0.0025653 0.00351124
0 0.476562 0.073736 0.010028 0.0189607
0 0.486707 0.0675913 0.00839552 0.0165028
0 0.477612 0.0598666 0.00746269 0.00948034
0 0.501866 0.0558287 0.00419776 0.00632022
0 0.396105 0.0495084 0.0025653 0.00561798
0 0.496735 0.0451194 0.00279851 0.00667135
0 0.515625 0.0447683 0.0051306 0.0115871
0 0.397388 0.0345857 0.00559701 0.0101826
1 0.466535 0.688553 0.0314832 0.0379213
1 0.278801 0.648876 0.0249534 0.0421348
1 0.0900187 0.61868 0.0237873 0.0323034
1 0.121502 0.61394 0.042444 0.0783006
1 0.168493 0.54389 0.00862873 0.0224719
1 0.132463 0.55618 0.0438433 0.0519663
1 0.408116 0.463834 0.0956157 0.0660112
1 0.717234 0.360604 0.00722948 0.0133427
1 0.0927006 0.355688 0.0142257 0.00632022
1 0.55562 0.335499 0.010028 0.0101826
1 0.127565 0.31724 0.0755597 0.0649579
1 0.312733 0.291257 0.0219216 0.034059
1 0.363573 0.220857 0.011194 0.0182584
1 0.27437 0.203125 0.010028 0.0235253
1 0.565998 0.15467 0.00652985 0.0073736
1 0.462803 0.168364 0.0622668 0.0537219
1 0.704524 0.148525 0.0158582 0.0344101
1 0.766674 0.164853 0.0552705 0.0804073
1 0.501166 0.136236 0.0135261 0.0245787
1 0.562267 0.128511 0.0219216 0.0308989
1 0.5941 0.103757 0.0114272 0.0108848
1 0.700676 0.0797051 0.0375466 0.0519663
1 0.5618 0.0561798 0.0289179 0.0147472
1 0.567747 0.0377458 0.0132929 0.0129916
1 0.375117 0.0319522 0.0104944 0.0147472
1 0.385028 0.0254565 0.00886194 0.00807584
1 0.413363 0.0214185 0.0515392 0.0407303
2 0.299207 0.949263 0.0298507 0.0495084
2 0.0953825 0.600421 0.045709 0.0456461
2 0.0971315 0.554775 0.0534049 0.0582865
2 0.490788 0.158883 0.0132929 0.0193118
2 0.58104 0.113413 0.021222 0.0316011
2 0.75 0.132198 0.0867537 0.124649
2 0.752915 0.184164 0.000699627 0.00105337
2 0.752449 0.183111 0.00116604 0.00175562
2 0.751982 0.182409 0.000699627 0.00105337
2 0.751749 0.182058 0.000699627 0.00105337
2 0.751516 0.181706 0.000699627 0.00105337
2 0.751283 0.181355 0.000699627 0.00105337
2 0.751049 0.181004 0.000699627 0.00105337
2 0.750816 0.180653 0.000699627 0.00105337
2 0.527402 0.0286166 0.0552705 0.0572331
2 0.456623 0.0280899 0.0415112 0.0561798
3 0.296059 0.94066 0.00443097 0.00772472
3 0.309235 0.729635 0.00419776 0.00702247
3 0.429688 0.607444 0.00349813 0.00561798
3 0.133979 0.573385 0.00163246 0.00351124
3 0.425723 0.524754 0.00396455 0.00667135
3 0.448461 0.50948 0.00279851 0.00561798
3 0.516091 0.469979 0.00373134 0.0059691
3 0.520406 0.466292 0.00349813 0.00561798
3 0.0970149 0.402212 0.00419776 0.0073736
3 0.594333 0.333743 0.00536381 0.00877809
3 0.587104 0.33269 0.00536381 0.00877809
3 0.202892 0.245611 0.00373134 0.00667135
3 0.367771 0.236833 0.00652985 0.00877809
3 0.66313 0.217346 0.00396455 0.00702247
3 0.580107 0.147472 0.00489739 0.00772472
3 0.347015 0.143258 0.0051306 0.00702247
3 0.497785 0.116924 0.0025653 0.00351124
3 0.702425 0.112711 0.00326493 0.00491573
3 0.333955 0.104635 0.00419776 0.00632022
3 0.220965 0.0967346 0.0025653 0.00456461
3 0.514925 0.0984902 0.00559701 0.0101826
3 0.492654 0.0879565 0.00349813 0.00526685
3 0.538596 0.0839185 0.00489739 0.00632022
3 0.522271 0.0779494 0.00349813 0.00561798
3 0.264809 0.069698 0.00349813 0.0059691
3 0.531367 0.0639045 0.00489739 0.00772472
3 0.451259 0.0616222 0.00652985 0.00807584
3 0.561917 0.00895365 0.00349813 0.00526685
