0 0.305854 0.737008 0.00349813 0.00491573
0 0.308652 0.732619 0.0025653 0.00316011
0 0.310984 0.728933 0.00163246 0.00210674
0 0.313433 0.727879 0.00233209 0.00421348
0 0.311101 0.72507 0.00233209 0.00421348
0 0.311684 0.720681 0.0025653 0.00386236
0 0.312034 0.71401 0.00186567 0.00245787
0 0.16278 0.686271 0.00326493 0.00386236
0 0.307836 0.678371 0.00233209 0.00280899
0 0.308419 0.674508 0.00209888 0.00210674
0 0.318447 0.636236 0.00303172 0.00351124
0 0.338036 0.635709 0.00349813 0.00386236
0 0.325326 0.618329 0.00233209 0.00351124
0 0.327425 0.602001 0.00233209 0.00316011
0 0.329874 0.593574 0.00303172 0.00316011
0 0.284515 0.550035 0.00233209 0.00245787
0 0.288013 0.546875 0.00279851 0.00456461
0 0.286497 0.543013 0.00209888 0.00316011
0 0.313549 0.540204 0.00209888 0.00245787
0 0.291511 0.539501 0.00139925 0.00175562
0 0.300723 0.532303 0.00349813 0.00702247
0 0.468517 0.370962 0.00279851 0.0059691
0 0.463736 0.364115 0.00722948 0.00351124
0 0.447528 0.364993 0.0051306 0.00667135
0 0.470849 0.359199 0.00139925 0.00280899
0 0.459771 0.347612 0.00209888 0.00280899
0 0.49452 0.296524 0.00396455 0.00807584
0 0.44916 0.213483 0.00186567 0.00351124
0 0.448811 0.205232 0.0025653 0.00667135
0 0.44298 0.196629 0.00303172 0.00702247
0 0.431437 0.1954 0.00279851 0.00526685
0 0.460238 0.18908 0.00583022 0.0073736
0 0.447645 0.183989 0.00396455 0.00842697
0 0.439832 0.175035 0.00279851 0.00386236
0 0.434468 0.171173 0.00233209 0.00386236
0 0.464785 0.166959 0.00373134 0.00526685
0 0.455924 0.167135 0.00419776 0.00912921
0 0.448577 0.170295 0.00583022 0.0154494
0 0.46805 0.163975 0.00139925 0.00351124
0 0.458605 0.15941 0.00209888 0.00351124
0 0.439949 0.159937 0.00303172 0.00877809
0 0.458256 0.0591643 0.00139925 0.00316011
0 0.440532 0.0500351 0.00186567 0.00245787
1 0.300723 0.978757 0.0123601 0.00877809
1 0.185168 0.860779 0.020056 0.0249298
1 0.765042 0.860428 0.0454757 0.0726826
1 0.467584 0.683638 0.0541045 0.0449438
1 0.222132 0.58901 0.00443097 0.00948034
1 0.168144 0.520716 0.0121269 0.0140449
1 0.852029 0.521419 0.015625 0.0365169
1 0.209771 0.50316 0.00629664 0.00983146
1 0.394939 0.483848 0.0109608 0.0217697
1 0.44916 0.12184 0.0335821 0.0154494
3 0.4684 0.861482 0.00443097 0.0059691
3 0.454757 0.843574 0.00326493 0.0059691
3 0.379548 0.832865 0.00209888 0.00351124
3 0.219799 0.818469 0.00489739 0.00842697
3 0.298857 0.813378 0.0025653 0.00386236
3 0.302822 0.762114 0.00489739 0.0073736
3 0.214552 0.728757 0.0051306 0.0073736
3 0.326259 0.686622 0.00466418 0.0059691
3 0.308885 0.684164 0.00396455 0.0059691
3 0.194846 0.638694 0.0025653 0.00351124
3 0.197062 0.633603 0.00326493 0.00526685
3 0.309352 0.618329 0.00349813 0.00632022
3 0.249534 0.552844 0.00233209 0.00456461
3 0.270522 0.548631 0.00326493 0.00456461
3 0.248834 0.543013 0.00326493 0.00456461
3 0.276469 0.536341 0.00303172 0.00526685
3 0.154035 0.534761 0.00349813 0.00491573
3 0.48834 0.520716 0.00326493 0.00491573
3 0.573111 0.515976 0.00489739 0.0059691
3 0.253498 0.503862 0.00233209 0.00351124
3 0.122785 0.479635 0.00303172 0.00421348
3 0.403335 0.47665 0.00536381 0.00877809
3 0.359958 0.436096 0.00349813 0.00491573
3 0.360075 0.330934 0.00419776 0.0059691
3 0.367421 0.312851 0.00396455 0.00632022
3 0.432952 0.269487 0.00443097 0.0073736
3 0.49347 0.256671 0.00326493 0.00421348
3 0.432836 0.256496 0.00419776 0.00667135
3 0.332906 0.252633 0.00303172 0.00456461
3 0.488689 0.252985 0.00443097 0.00667135
3 0.485658 0.245787 0.00349813 0.00491573
3 0.334188 0.243153 0.00326493 0.00386236
3 0.484608 0.240169 0.00279851 0.00421348
3 0.439482 0.241573 0.00583022 0.00772472
3 0.496735 0.228933 0.00466418 0.00561798
3 0.314016 0.196805 0.00816231 0.0101826
3 0.350513 0.139396 0.00559701 0.00772472
3 0.405084 0.134129 0.00466418 0.00491573
3 0.321828 0.130969 0.00279851 0.00351124
3 0.332323 0.128336 0.00233209 0.00316011
3 0.342934 0.116924 0.00489739 0.00632022
3 0.36952 0.107795 0.00209888 0.00351124
3 0.4382 0.0997191 0.00326493 0.00421348
