0 0.578125 0.733322 0.0051306 0.0073736
0 0.577892 0.68908 0.00233209 0.00386236
0 0.590602 0.680302 0.00629664 0.00807584
0 0.595849 0.673631 0.011194 0.0073736
0 0.587104 0.667135 0.0025653 0.00280899
0 0.61299 0.663975 0.00209888 0.00351124
0 0.609725 0.661692 0.00209888 0.00386236
0 0.610424 0.642029 0.00209888 0.00245787
0 0.573111 0.637289 0.0025653 0.00421348
0 0.56798 0.627809 0.0025653 0.00351124
0 0.564949 0.621664 0.00816231 0.0165028
0 0.571828 0.59849 0.00139925 0.00386236
0 0.566465 0.586025 0.00233209 0.00421348
0 0.541395 0.582865 0.00163246 0.00351124
0 0.585121 0.555653 0.0079291 0.0101826
0 0.580574 0.543715 0.0025653 0.00456461
0 0.528102 0.538272 0.010028 0.0105337
0 0.576376 0.537219 0.00443097 0.00912921
0 0.582673 0.533883 0.00349813 0.0059691
0 0.553405 0.531426 0.011194 0.0101826
0 0.43167 0.528441 0.00326493 0.00561798
0 0.582789 0.525456 0.00373134 0.00667135
0 0.546992 0.518083 0.00816231 0.0122893
0 0.54361 0.510007 0.00186567 0.00316011
0 0.540578 0.507374 0.00233209 0.00351124
0 0.52577 0.502458 0.0025653 0.00421348
0 0.66861 0.489115 0.00233209 0.00421348
0 0.440765 0.488764 0.00373134 0.00702247
0 0.577775 0.477528 0.00349813 0.00561798
0 0.515858 0.471032 0.00233209 0.0073736
0 0.537197 0.47033 0.00583022 0.00877809
0 0.527752 0.483146 0.0205224 0.0470506
0 0.532183 0.496489 0.00139925 0.00351124
0 0.508046 0.468399 0.0076959 0.0175562
0 0.53125 0.45769 0.00233209 0.00316011
0 0.648787 0.455934 0.00279851 0.00386236
0 0.642141 0.465765 0.00816231 0.0235253
0 0.639109 0.450492 0.00163246 0.00421348
0 0.673857 0.454178 0.0076959 0.0129916
0 0.689016 0.447156 0.00209888 0.0059691
0 0.693214 0.427317 0.00209888 0.00210674
0 0.52542 0.428546 0.00419776 0.0073736
0 0.530434 0.420119 0.00396455 0.00948034
0 0.521805 0.393083 0.00396455 0.00667135
0 0.525653 0.38764 0.00419776 0.00702247
0 0.514692 0.379565 0.00652985 0.0126404
0 0.494636 0.349192 0.00373134 0.0073736
0 0.472598 0.288975 0.00676306 0.00912921
0 0.321945 0.161341 0.00163246 0.00245787
0 0.383396 0.0997191 0.00233209 0.00351124
1 0.502215 0.952598 0.0230877 0.0140449
1 0.579524 0.93276 0.0181903 0.025632
1 0.516325 0.831461 0.0270522 0.0301966
1 0.17514 0.796348 0.0447761 0.0519663
1 0.179688 0.715063 0.0431437 0.0986657
1 0.817048 0.638518 0.0305504 0.0495084
1 0.707673 0.594803 0.0146922 0.0175562
1 0.0878032 0.593926 0.0263526 0.0165028
1 0.755247 0.606917 0.0370802 0.0586376
1 0.122201 0.568118 0.0321828 0.0344101
1 0.676772 0.516854 0.0125933 0.0119382
1 0.804688 0.511938 0.0174907 0.0224719
1 0.341418 0.494733 0.0177239 0.00772472
1 0.630947 0.492275 0.0184235 0.0196629
1 0.715951 0.497015 0.076959 0.131671
1 0.589319 0.445225 0.0186567 0.0428371
1 0.430387 0.443645 0.0305504 0.0410815
1 0.0886194 0.469628 0.0466418 0.109199
1 0.347481 0.39835 0.0195896 0.0193118
1 0.578008 0.39677 0.0249534 0.0266854
1 0.470849 0.385007 0.0116604 0.0115871
1 0.11159 0.403617 0.0188899 0.0663624
1 0.177239 0.371313 0.0233209 0.0452949
1 0.620802 0.357795 0.0163246 0.0287921
1 0.603078 0.311622 0.0107276 0.0129916
1 0.539646 0.329178 0.0284515 0.0537219
1 0.114389 0.304073 0.0184235 0.0224719
1 0.377565 0.265098 0.0116604 0.0147472
1 0.552006 0.251404 0.00886194 0.00772472
1 0.54361 0.221383 0.00932836 0.0172051
1 0.503731 0.257022 0.0676306 0.0891854
1 0.158932 0.22191 0.00629664 0.0217697
1 0.647738 0.151334 0.0235541 0.0407303
1 0.495219 0.165379 0.102845 0.128511
2 0.236357 0.834796 0.0543377 0.0726826
2 0.372785 0.463132 0.0230877 0.0610955
2 0.47458 0.188904 0.0121269 0.0316011
3 0.542327 0.77809 0.00303172 0.00491573
3 0.510145 0.671524 0.00443097 0.00667135
3 0.632812 0.658532 0.00722948 0.0101826
3 0.254314 0.629038 0.00443097 0.00667135
3 0.370219 0.627633 0.0025653 0.00456461
3 0.285798 0.626756 0.00303172 0.00421348
3 0.590252 0.624649 0.00559701 0.00983146
3 0.263293 0.615169 0.00466418 0.00561798
3 0.565998 0.610955 0.00466418 0.00561798
3 0.585121 0.608322 0.00606343 0.00807584
3 0.345499 0.599368 0.0025653 0.00421348
3 0.442048 0.59849 0.00536381 0.0073736
3 0.574977 0.591117 0.00489739 0.00667135
3 0.626399 0.525983 0.00606343 0.00912921
3 0.587453 0.502633 0.00419776 0.0059691
3 0.610424 0.491924 0.00396455 0.00632022
3 0.614739 0.478933 0.00326493 0.00561798
3 0.143074 0.474368 0.00583022 0.00983146
3 0.66278 0.425386 0.00233209 0.00386236
3 0.602729 0.426791 0.00489739 0.00877809
3 0.657299 0.418188 0.00303172 0.00491573
3 0.659515 0.410639 0.00373134 0.00526685
3 0.677589 0.343223 0.00722948 0.0115871
3 0.490672 0.334094 0.00279851 0.00667135
3 0.212453 0.302669 0.00419776 0.00632022
3 0.5625 0.295822 0.00652985 0.00807584
3 0.553638 0.287921 0.00326493 0.00491573
3 0.631646 0.284235 0.00209888 0.00526685
3 0.125816 0.24368 0.00349813 0.00491573
3 0.178988 0.242978 0.0104944 0.0161517
3 0.565882 0.23736 0.00396455 0.00632022
3 0.535331 0.230864 0.00349813 0.00526685
3 0.556553 0.202072 0.0076959 0.0108848
3 0.29431 0.185744 0.00373134 0.00632022
3 0.314366 0.172051 0.00326493 0.00491573
3 0.353661 0.146067 0.00536381 0.00632022
3 0.338853 0.121664 0.00373134 0.00526685
3 0.540345 0.102879 0.00279851 0.00491573
3 0.545243 0.0962079 0.00279851 0.00491573
3 0.567164 0.0877809 0.00326493 0.00421348
3 0.340951 0.0345857 0.00233209 0.00316011
3 0.352146 0.036868 0.00606343 0.00842697
