0 0.492421 0.836376 0.00489739 0.00632022
0 0.458256 0.836025 0.00606343 0.00842697
0 0.495569 0.824263 0.0121269 0.0172051
0 0.349114 0.825667 0.0158582 0.0347612
0 0.455224 0.807409 0.00699627 0.00948034
0 0.472481 0.810042 0.016791 0.0182584
0 0.555504 0.799333 0.0079291 0.0242275
0 0.532766 0.791784 0.00722948 0.0133427
0 0.516908 0.797577 0.0114272 0.039677
0 0.47563 0.780723 0.00722948 0.0129916
0 0.440532 0.773701 0.0186567 0.0277388
0 0.564132 0.761587 0.00699627 0.00912921
0 0.578708 0.753687 0.00396455 0.0059691
0 0.552589 0.757022 0.0123601 0.0154494
0 0.44916 0.752107 0.0102612 0.0140449
0 0.543727 0.746664 0.00722948 0.0101826
0 0.299207 0.745435 0.00932836 0.00772472
0 0.489506 0.770892 0.025653 0.0600421
0 0.465019 0.754916 0.020056 0.0280899
0 0.53778 0.732971 0.00746269 0.0150983
0 0.48146 0.728406 0.00536381 0.0073736
0 0.2809 0.728406 0.00629664 0.0101826
0 0.556437 0.727704 0.0177239 0.0122893
0 0.428638 0.725421 0.00606343 0.00983146
0 0.451609 0.730337 0.0188899 0.0238764
0 0.572645 0.721208 0.00583022 0.00983146
0 0.518307 0.721735 0.0128265 0.0235253
0 0.515742 0.718223 0.000699627 0.00105337
0 0.516441 0.717521 0.000699627 0.00105337
0 0.298857 0.710674 0.00536381 0.00772472
0 0.486707 0.70927 0.00466418 0.00912921
0 0.461287 0.70769 0.00839552 0.00877809
0 0.517724 0.704529 0.00606343 0.00948034
0 0.56798 0.704354 0.0198228 0.0252809
0 0.608792 0.694347 0.00349813 0.0059691
0 0.557836 0.693294 0.00466418 0.0073736
0 0.508512 0.697507 0.00676306 0.0158006
0 0.23111 0.694347 0.00699627 0.0136938
0 0.571245 0.684515 0.00722948 0.00948034
0 0.510028 0.725772 0.0382463 0.0926966
0 0.584305 0.680478 0.00396455 0.00912921
0 0.527519 0.675386 0.00419776 0.00386236
0 0.577775 0.673455 0.00629664 0.011236
0 0.50035 0.672753 0.0202892 0.0231742
0 0.525536 0.654846 0.00443097 0.00702247
0 0.273787 0.654319 0.0135261 0.022823
0 0.533232 0.644487 0.00536381 0.00386236
0 0.50618 0.652914 0.0123601 0.022823
0 0.545126 0.637465 0.00909515 0.0136938
0 0.486007 0.510183 0.00186567 0.00280899
0 0.491488 0.510709 0.00629664 0.0101826
0 0.497201 0.495787 0.00279851 0.00421348
0 0.491721 0.492626 0.00209888 0.00351124
0 0.482743 0.491749 0.00373134 0.00526685
0 0.501399 0.486482 0.00326493 0.00386236
0 0.505131 0.484726 0.00326493 0.00386236
0 0.483326 0.481039 0.00396455 0.00351124
0 0.641791 0.475772 0.00373134 0.00421348
0 0.506063 0.476124 0.00373134 0.00491573
0 0.492537 0.477353 0.0079291 0.0108848
0 0.501632 0.472437 0.00373134 0.00456461
0 0.351096 0.465414 0.00676306 0.00877809
0 0.644123 0.466468 0.00746269 0.0115871
0 0.555271 0.465063 0.00652985 0.0108848
0 0.658465 0.456987 0.00862873 0.0101826
0 0.64459 0.454705 0.00932836 0.00912921
0 0.635145 0.451369 0.00489739 0.0059691
0 0.140275 0.446805 0.00489739 0.00667135
0 0.659165 0.445927 0.00629664 0.00842697
0 0.632929 0.441538 0.00419776 0.00667135
0 0.426772 0.436096 0.00139925 0.00210674
0 0.428755 0.434164 0.0025653 0.00245787
0 0.336054 0.435393 0.0139925 0.0140449
0 0.554921 0.428195 0.00349813 0.00456461
0 0.66208 0.430302 0.0228545 0.0150983
0 0.414412 0.424333 0.00326493 0.00526685
0 0.420709 0.423631 0.00932836 0.0143961
0 0.428288 0.409059 0.0025653 0.00351124
0 0.683535 0.405021 0.00373134 0.00667135
0 0.414879 0.404319 0.0102612 0.0115871
0 0.670942 0.393434 0.00606343 0.00667135
0 0.426423 0.391678 0.00489739 0.00526685
0 0.658932 0.40625 0.0184235 0.0358146
0 0.409632 0.383954 0.00349813 0.00456461
0 0.396455 0.37816 0.00419776 0.00280899
0 0.347948 0.374649 0.00559701 0.00983146
0 0.338503 0.365871 0.00909515 0.00912921
0 0.397155 0.357444 0.00326493 0.00561798
0 0.550023 0.347437 0.0076959 0.00386236
0 0.519007 0.348841 0.00956157 0.0108848
0 0.416045 0.340941 0.00326493 0.00351124
0 0.358442 0.34217 0.00839552 0.00948034
0 0.552822 0.340239 0.00722948 0.00632022
0 0.427006 0.341643 0.0149254 0.0105337
0 0.34993 0.347788 0.0160914 0.025632
0 0.360891 0.33427 0.00396455 0.00421348
0 0.479478 0.334094 0.00466418 0.00877809
0 0.512826 0.333919 0.0116604 0.0119382
0 0.565415 0.323736 0.00536381 0.00632022
0 0.522038 0.322156 0.00489739 0.00386236
0 0.412197 0.324965 0.00629664 0.0108848
0 0.531133 0.318118 0.00489739 0.00561798
0 0.502799 0.31882 0.020056 0.00842697
0 0.376049 0.316713 0.010028 0.0168539
0 0.533699 0.308989 0.00909515 0.00561798
0 0.358559 0.305302 0.0128265 0.0122893
0 0.524137 0.300211 0.00536381 0.00772472
0 0.491255 0.289853 0.00536381 0.00456461
1 0.321362 0.787921 0.0289179 0.0386236
1 0.269939 0.695927 0.0221549 0.0400281
1 0.243937 0.668188 0.014459 0.0245787
1 0.208139 0.657303 0.00722948 0.0168539
1 0.228545 0.628336 0.00932836 0.0101826
1 0.126749 0.594979 0.0114272 0.00526685
1 0.635611 0.41099 0.0114272 0.0115871
1 0.197994 0.410288 0.0130597 0.0150983
1 0.460821 0.328125 0.0079291 0.00667135
1 0.465252 0.317065 0.0125933 0.0119382
1 0.61229 0.291081 0.0114272 0.0147472
1 0.509911 0.256671 0.0128265 0.00561798
1 0.503382 0.249122 0.0076959 0.00386236
1 0.599697 0.0835674 0.0114272 0.0217697
1 0.335354 0.0544242 0.0163246 0.0287921
3 0.492071 0.863237 0.00652985 0.00877809
3 0.296292 0.848139 0.00536381 0.00877809
3 0.786964 0.821629 0.0076959 0.0119382
3 0.538946 0.782128 0.0051306 0.00807584
3 0.51201 0.733848 0.00583022 0.00772472
3 0.541045 0.684164 0.00559701 0.0073736
3 0.304804 0.640449 0.00419776 0.00561798
3 0.573811 0.629213 0.00629664 0.00842697
3 0.199627 0.628862 0.00559701 0.00842697
3 0.497668 0.510183 0.00466418 0.00702247
3 0.628032 0.464712 0.00373134 0.00526685
3 0.54396 0.435569 0.00489739 0.00667135
3 0.544776 0.416784 0.00466418 0.00632022
3 0.518074 0.397296 0.00443097 0.00526685
3 0.540345 0.360604 0.00279851 0.00421348
3 0.348764 0.240695 0.00443097 0.00667135
3 0.662663 0.13764 0.00536381 0.00772472
3 0.626166 0.104635 0.00373134 0.00491573
