0 0.270289 0.940133 0.00419776 0.0059691
0 0.433069 0.891327 0.00326493 0.00526685
0 0.449277 0.813553 0.0076959 0.00912921
0 0.460354 0.812851 0.011194 0.011236
0 0.455224 0.803897 0.00373134 0.0073736
0 0.460821 0.801088 0.00373134 0.00807584
0 0.704641 0.785288 0.00163246 0.00316011
0 0.742304 0.781952 0.00373134 0.00280899
0 0.564949 0.693645 0.00489739 0.00667135
0 0.467234 0.673279 0.00489739 0.00948034
0 0.443797 0.658357 0.0102612 0.00702247
0 0.437034 0.648701 0.00839552 0.0136938
0 0.462687 0.64361 0.0139925 0.0147472
0 0.0850047 0.634129 0.00536381 0.00561798
0 0.449044 0.634129 0.0076959 0.0133427
0 0.427006 0.632198 0.0125933 0.0115871
0 0.460938 0.627282 0.00489739 0.00807584
0 0.438549 0.629916 0.00862873 0.0154494
0 0.496269 0.622191 0.00419776 0.00351124
0 0.664179 0.621313 0.00419776 0.00526685
0 0.650303 0.617275 0.00396455 0.00351124
0 0.657533 0.616046 0.0025653 0.00456461
0 0.412547 0.612184 0.00419776 0.00667135
0 0.666978 0.606742 0.00559701 0.00632022
0 0.42409 0.608848 0.0104944 0.0133427
0 0.659981 0.602879 0.00326493 0.00280899
0 0.667444 0.601299 0.000932836 0.00245787
0 0.435401 0.605688 0.00979478 0.0133427
0 0.463153 0.600421 0.00233209 0.00421348
0 0.641325 0.602353 0.0116604 0.0143961
0 0.413363 0.596208 0.00209888 0.00421348
0 0.423857 0.594628 0.0146922 0.0129916
0 0.630947 0.589712 0.00722948 0.0073736
0 0.4368 0.590063 0.00979478 0.0115871
0 0.474114 0.605162 0.0666978 0.0445927
0 0.393074 0.586552 0.0132929 0.00807584
0 0.654268 0.58269 0.00349813 0.00316011
0 0.626866 0.582514 0.00419776 0.00632022
0 0.510844 0.579705 0.0025653 0.00351124
0 0.458722 0.586728 0.0321828 0.0224719
0 0.634328 0.574614 0.00279851 0.00386236
0 0.448228 0.574438 0.00326493 0.00421348
0 0.545243 0.571278 0.00186567 0.00280899
0 0.622551 0.570927 0.0025653 0.00351124
0 0.143657 0.571278 0.00279851 0.00561798
0 0.585938 0.569347 0.00443097 0.00316011
0 0.610191 0.568645 0.0025653 0.00386236
0 0.51784 0.592346 0.041278 0.0533708
0 0.618354 0.565836 0.00209888 0.00316011
0 0.640275 0.567591 0.00489739 0.0073736
0 0.58209 0.560393 0.00279851 0.00280899
0 0.578708 0.562851 0.00443097 0.00983146
0 0.504081 0.564782 0.0160914 0.0207163
0 0.493237 0.550386 0.00466418 0.00456461
0 0.578708 0.548982 0.00443097 0.00456461
0 0.615672 0.554951 0.0079291 0.0186096
0 0.590252 0.552493 0.0149254 0.0172051
0 0.53743 0.542135 0.00489739 0.00491573
0 0.467584 0.54073 0.00186567 0.00280899
0 0.605993 0.544768 0.0128265 0.0165028
0 0.461637 0.538097 0.0025653 0.00316011
0 0.616488 0.541433 0.010028 0.0105337
0 0.555154 0.536166 0.00629664 0.0119382
0 0.489972 0.529846 0.0051306 0.00842697
0 0.64972 0.524228 0.00326493 0.00491573
0 0.585821 0.528792 0.0102612 0.0147472
0 0.487757 0.522472 0.00396455 0.00491573
0 0.498368 0.522472 0.00326493 0.00561798
0 0.613573 0.520716 0.00233209 0.00351124
0 0.598181 0.52177 0.00979478 0.0105337
0 0.513876 0.53599 0.021222 0.0403792
0 0.571828 0.527739 0.0163246 0.0273876
0 0.502682 0.515274 0.0025653 0.00245787
0 0.487407 0.515625 0.00559701 0.00456461
0 0.522388 0.515449 0.00419776 0.00632022
0 0.678638 0.514396 0.00373134 0.00491573
0 0.652402 0.512816 0.00209888 0.00316011
0 0.513643 0.511763 0.00349813 0.00526685
0 0.555271 0.511412 0.00699627 0.00667135
0 0.685634 0.509305 0.00606343 0.00948034
0 0.498717 0.504565 0.00349813 0.00491573
0 0.502332 0.502633 0.00373134 0.0059691
0 0.53778 0.508427 0.0135261 0.0182584
0 0.695312 0.505267 0.00909515 0.0161517
0 0.494403 0.498596 0.00186567 0.00351124
0 0.621385 0.503862 0.0123601 0.0189607
0 0.701493 0.494909 0.0051306 0.00386236
0 0.662663 0.495787 0.00396455 0.00561798
0 0.438083 0.49684 0.00722948 0.00912921
0 0.674907 0.499824 0.00979478 0.0158006
0 0.438899 0.54389 0.117071 0.103933
0 0.413713 0.556004 0.00139925 0.00105337
0 0.547225 0.491397 0.0025653 0.00316011
0 0.639459 0.510885 0.0363806 0.0442416
0 0.447178 0.490169 0.00209888 0.00280899
0 0.453475 0.489993 0.0025653 0.00316011
0 0.529734 0.488062 0.00816231 0.00983146
0 0.461287 0.486131 0.00606343 0.0059691
0 0.448577 0.484726 0.00396455 0.00526685
0 0.576726 0.485779 0.00419776 0.00948034
0 0.599697 0.481039 0.00303172 0.00351124
0 0.553638 0.480337 0.00419776 0.00421348
0 0.526236 0.480337 0.00303172 0.00491573
0 0.60716 0.496313 0.0202892 0.0382725
0 0.472015 0.479986 0.0051306 0.00702247
0 0.636544 0.481566 0.0132929 0.0136938
0 0.624767 0.482619 0.00932836 0.0165028
0 0.530784 0.472788 0.00279851 0.00456461
0 0.460238 0.472612 0.0025653 0.00421348
0 0.681203 0.479635 0.011194 0.0203652
0 0.72493 0.471032 0.00583022 0.00456461
0 0.69403 0.471383 0.00419776 0.00526685
0 0.621852 0.47191 0.00536381 0.00702247
0 0.525187 0.469101 0.00559701 0.00632022
0 0.633979 0.468223 0.00443097 0.00526685
0 0.696712 0.465239 0.00209888 0.00280899
0 0.729244 0.464361 0.00466418 0.00316011
0 0.546409 0.471559 0.00979478 0.0231742
0 0.465485 0.465941 0.00559701 0.0154494
0 0.508862 0.459621 0.00279851 0.00421348
0 0.535448 0.463834 0.0125933 0.0161517
0 0.527868 0.455232 0.0025653 0.00386236
0 0.485308 0.456461 0.00419776 0.00702247
0 0.588619 0.486306 0.0172575 0.068118
0 0.54466 0.454178 0.00396455 0.00386236
0 0.634212 0.455583 0.00909515 0.00877809
0 0.455457 0.458567 0.011194 0.0147472
0 0.558419 0.463132 0.0170243 0.0273876
0 0.547924 0.450843 0.00349813 0.00491573
0 0.489972 0.448209 0.00233209 0.00245787
0 0.52577 0.443996 0.00349813 0.00526685
0 0.46187 0.442416 0.00209888 0.00351124
0 0.484841 0.442416 0.00466418 0.00421348
0 0.507463 0.44224 0.00326493 0.0059691
0 0.541861 0.44066 0.00303172 0.00421348
0 0.534165 0.444171 0.00443097 0.0154494
0 0.612174 0.455407 0.0261194 0.0400281
0 0.480877 0.464185 0.0354478 0.0639045
0 0.579174 0.451721 0.0202892 0.0417837
0 0.451376 0.433989 0.00722948 0.00983146
0 0.50583 0.429775 0.00326493 0.00842697
0 0.576609 0.427317 0.00396455 0.00421348
0 0.596665 0.422928 0.00349813 0.00526685
0 0.51784 0.420646 0.00209888 0.00210674
0 0.470732 0.420646 0.0025653 0.00280899
0 0.383512 0.419944 0.0025653 0.00491573
0 0.60576 0.436973 0.026819 0.039677
0 0.603661 0.419944 0.00629664 0.00842697
0 0.581856 0.422753 0.00746269 0.0140449
0 0.513759 0.415906 0.00279851 0.00526685
0 0.588503 0.41415 0.00722948 0.00667135
0 0.48799 0.416959 0.0142257 0.0136938
0 0.706507 0.43276 0.0314832 0.0502107
0 0.602612 0.41099 0.0051306 0.0073736
0 0.608559 0.410112 0.00489739 0.00632022
0 0.581157 0.408532 0.00233209 0.00316011
0 0.521339 0.409586 0.00722948 0.00526685
0 0.475163 0.40625 0.00303172 0.00351124
0 0.457206 0.40467 0.00396455 0.00526685
0 0.540695 0.41731 0.0160914 0.0375702
0 0.457323 0.396419 0.00373134 0.00561798
0 0.518773 0.393785 0.00349813 0.00386236
0 0.450443 0.39993 0.00676306 0.0168539
0 0.388526 0.405197 0.0163246 0.0273876
0 0.498717 0.395541 0.0202892 0.0172051
0 0.483442 0.395541 0.011194 0.020014
0 0.357043 0.390625 0.0051306 0.0101826
0 0.562034 0.416959 0.0317164 0.0635534
0 0.521688 0.384831 0.00559701 0.00842697
0 0.548974 0.38448 0.00652985 0.00983146
0 0.330224 0.383427 0.00419776 0.00772472
0 0.463736 0.38764 0.00676306 0.0175562
0 0.593983 0.382022 0.00699627 0.00842697
0 0.592351 0.392381 0.03125 0.0326545
0 0.477146 0.378862 0.00932836 0.0182584
0 0.461754 0.372542 0.0135261 0.011236
0 0.475163 0.368329 0.00536381 0.00491573
0 0.371502 0.367626 0.00326493 0.00491573
0 0.6257 0.369206 0.00699627 0.00877809
0 0.603428 0.373596 0.0109608 0.0175562
0 0.379314 0.369382 0.00489739 0.0105337
0 0.514925 0.368153 0.00559701 0.00877809
0 0.535564 0.385534 0.0207556 0.0449438
0 0.767724 0.364291 0.00326493 0.00386236
0 0.572062 0.369909 0.0135261 0.0193118
0 0.4691 0.360604 0.00349813 0.00561798
0 0.595149 0.366924 0.00699627 0.0189607
0 0.458722 0.359375 0.00326493 0.00456461
0 0.642491 0.361657 0.00652985 0.011236
0 0.408582 0.358673 0.00699627 0.00807584
0 0.558535 0.362535 0.00606343 0.0172051
0 0.394356 0.357795 0.0051306 0.00772472
0 0.531367 0.352528 0.0114272 0.0126404
0 0.586987 0.352001 0.00606343 0.0122893
0 0.404967 0.347437 0.00349813 0.0059691
0 0.600746 0.346383 0.00606343 0.00807584
0 0.50583 0.347086 0.00746269 0.00948034
0 0.491371 0.344101 0.00233209 0.00351124
0 0.734958 0.394312 0.0398787 0.110955
0 0.543727 0.342346 0.00303172 0.00772472
0 0.396805 0.344979 0.00489739 0.0143961
0 0.389459 0.339888 0.00419776 0.00632022
0 0.606576 0.336728 0.0051306 0.00421348
0 0.298974 0.337605 0.00839552 0.0108848
0 0.577659 0.334972 0.00466418 0.00912921
0 0.74452 0.331636 0.00816231 0.0101826
0 0.57591 0.327774 0.00396455 0.0059691
0 0.502332 0.326545 0.00186567 0.00351124
0 0.383862 0.323385 0.00186567 0.00351124
0 0.595732 0.33111 0.0137593 0.0203652
0 0.337803 0.321629 0.00209888 0.00280899
0 0.321479 0.337079 0.0193563 0.0358146
0 0.319263 0.318469 0.00326493 0.00351124
0 0.558769 0.319698 0.00979478 0.00807584
0 0.370452 0.316187 0.00303172 0.00456461
0 0.688899 0.315485 0.0051306 0.0059691
0 0.361007 0.315133 0.0051306 0.00948034
0 0.375466 0.311271 0.00652985 0.0101826
0 0.604128 0.311271 0.010028 0.0108848
0 0.3125 0.309515 0.0051306 0.0073736
0 0.596082 0.3125 0.00559701 0.0147472
0 0.333722 0.307935 0.00559701 0.0105337
0 0.370103 0.303897 0.00373134 0.00667135
0 0.305271 0.304951 0.00466418 0.00877809
0 0.738106 0.317942 0.0349813 0.036868
0 0.34305 0.295471 0.00652985 0.0059691
0 0.739506 0.298455 0.0107276 0.0161517
0 0.349464 0.302844 0.010028 0.0249298
0 0.292094 0.300035 0.0184235 0.020014
0 0.609841 0.29389 0.0237873 0.0252809
0 0.302006 0.282303 0.00373134 0.00561798
0 0.348764 0.281777 0.00349813 0.00526685
0 0.766558 0.28125 0.00279851 0.00491573
0 0.748951 0.282128 0.00676306 0.0073736
0 0.63841 0.28757 0.00862873 0.0189607
0 0.603895 0.275983 0.00396455 0.00561798
0 0.766674 0.275281 0.0025653 0.00491573
0 0.62465 0.279143 0.0123601 0.0126404
0 0.730177 0.278441 0.014459 0.0140449
0 0.613689 0.269136 0.00443097 0.0108848
0 0.40007 0.265976 0.00443097 0.00526685
0 0.29944 0.263343 0.00373134 0.00561798
0 0.327076 0.281601 0.0408116 0.0456461
0 0.745802 0.264396 0.0135261 0.0154494
0 0.65042 0.260534 0.00839552 0.00983146
0 0.729944 0.260534 0.00746269 0.0119382
0 0.36917 0.260358 0.0121269 0.0129916
0 0.306786 0.252809 0.00349813 0.00491573
0 0.4059 0.251053 0.00396455 0.00632022
0 0.653568 0.249298 0.00443097 0.00421348
0 0.75 0.251053 0.0079291 0.00912921
0 0.696945 0.24842 0.00349813 0.00526685
0 0.739972 0.247191 0.00326493 0.00632022
0 0.716884 0.279319 0.0289179 0.0712781
0 0.315299 0.251756 0.0079291 0.0161517
0 0.730993 0.241749 0.00116604 0.00175562
0 0.652052 0.243153 0.00373134 0.00526685
0 0.666045 0.241222 0.00699627 0.00421348
0 0.416045 0.241573 0.00326493 0.00561798
0 0.72528 0.238588 0.00279851 0.00386236
0 0.400536 0.238062 0.00396455 0.00702247
0 0.352612 0.235604 0.00373134 0.00491573
0 0.29326 0.234375 0.00303172 0.00456461
0 0.740438 0.234726 0.0051306 0.0059691
0 0.728078 0.231917 0.00326493 0.00316011
0 0.667677 0.233146 0.00606343 0.00632022
0 0.76236 0.235955 0.00652985 0.0133427
0 0.345266 0.231566 0.00303172 0.00456461
0 0.644473 0.229635 0.0025653 0.00421348
0 0.73764 0.228933 0.00326493 0.00421348
0 0.405317 0.228581 0.0116604 0.0140449
0 0.721082 0.222437 0.0121269 0.0101826
0 0.703125 0.227879 0.020056 0.0238764
0 0.295709 0.218926 0.00699627 0.0073736
0 0.751283 0.22033 0.00816231 0.0108848
0 0.286031 0.214185 0.00443097 0.00491573
0 0.395639 0.216994 0.0076959 0.0140449
0 0.73181 0.208743 0.0107276 0.00456461
0 0.267257 0.205934 0.00326493 0.00456461
0 0.712104 0.207338 0.0128265 0.0101826
0 0.653685 0.204003 0.00466418 0.00351124
0 0.388759 0.204881 0.00652985 0.00667135
0 0.603778 0.203827 0.00466418 0.0059691
0 0.348181 0.206987 0.00979478 0.0122893
0 0.644356 0.201721 0.00233209 0.00386236
0 0.291161 0.203125 0.00349813 0.0073736
0 0.397038 0.203125 0.00536381 0.00948034
0 0.742188 0.199789 0.00536381 0.00842697
0 0.751632 0.199789 0.00839552 0.0119382
0 0.355993 0.196629 0.00396455 0.00632022
0 0.311567 0.194698 0.00419776 0.00667135
0 0.322178 0.191011 0.00396455 0.00561798
0 0.722248 0.192591 0.00652985 0.0129916
0 0.637127 0.190309 0.00559701 0.00842697
0 0.267957 0.188904 0.0051306 0.00702247
0 0.304921 0.186622 0.00536381 0.0059691
0 0.254081 0.185569 0.0025653 0.00386236
0 0.29361 0.186271 0.00233209 0.0059691
0 0.603078 0.182584 0.00326493 0.00421348
0 0.378498 0.190133 0.0102612 0.0221208
0 0.740555 0.184164 0.00722948 0.0122893
0 0.709072 0.182584 0.0132929 0.0161517
0 0.716535 0.175913 0.00629664 0.00702247
0 0.366371 0.177142 0.0158582 0.00948034
0 0.322878 0.175562 0.00396455 0.00702247
0 0.681903 0.200667 0.045709 0.0593399
0 0.272971 0.174508 0.00443097 0.00702247
0 0.358209 0.171348 0.00373134 0.00561798
0 0.728078 0.170295 0.00559701 0.00561798
0 0.309235 0.169417 0.00699627 0.00386236
0 0.708839 0.168364 0.00722948 0.00807584
0 0.317514 0.16573 0.0025653 0.00491573
0 0.289412 0.165906 0.00326493 0.00526685
0 0.371385 0.162921 0.00489739 0.00702247
0 0.275536 0.162044 0.00489739 0.00807584
0 0.375816 0.159586 0.00303172 0.00456461
0 0.320196 0.156952 0.00419776 0.00280899
0 0.280084 0.154846 0.00419776 0.00561798
0 0.590368 0.15309 0.00349813 0.00491573
0 0.346315 0.150808 0.0051306 0.00316011
0 0.326726 0.153265 0.0051306 0.0136938
0 0.385961 0.15625 0.0121269 0.0224719
0 0.583489 0.147296 0.00652985 0.0059691
0 0.293843 0.142381 0.00326493 0.00526685
0 0.303988 0.142205 0.00349813 0.00561798
0 0.644007 0.142907 0.0123601 0.00772472
0 0.330574 0.143434 0.00629664 0.00948034
0 0.588153 0.138518 0.00373134 0.00526685
0 0.28673 0.138343 0.00722948 0.00632022
0 0.63118 0.166257 0.0879198 0.0663624
0 0.639226 0.167486 0.00373134 0.00280899
0 0.321479 0.135709 0.0104944 0.0108848
0 0.317514 0.126404 0.00489739 0.00702247
0 0.395289 0.12184 0.00233209 0.00351124
0 0.303172 0.124473 0.0125933 0.00877809
0 0.398671 0.117802 0.0025653 0.00386236
0 0.298507 0.115871 0.0079291 0.00632022
0 0.306553 0.115344 0.00396455 0.0059691
0 0.56903 0.112008 0.00373134 0.00280899
0 0.324743 0.113062 0.0109608 0.00632022
0 0.555037 0.112008 0.00419776 0.00491573
0 0.313083 0.11236 0.00349813 0.00632022
0 0.461754 0.104635 0.00419776 0.00491573
0 0.412313 0.107093 0.0121269 0.00983146
0 0.513643 0.106917 0.00909515 0.0115871
0 0.578941 0.106039 0.00489739 0.011236
0 0.317631 0.100772 0.00373134 0.00491573
0 0.518657 0.0995435 0.0051306 0.0059691
0 0.557836 0.105162 0.0214552 0.0186096
0 0.482976 0.10007 0.00559701 0.00842697
0 0.538946 0.10481 0.0223881 0.0235253
0 0.507696 0.0955056 0.00419776 0.00632022
0 0.544193 0.0963834 0.00862873 0.0115871
0 0.489272 0.0953301 0.00699627 0.00948034
0 0.521455 0.0925211 0.00466418 0.0059691
0 0.322878 0.0907654 0.00396455 0.00456461
0 0.574277 0.0905899 0.00349813 0.00561798
0 0.337803 0.0979635 0.0226213 0.0217697
0 0.602729 0.0925211 0.0118937 0.0115871
0 0.534515 0.0884831 0.00699627 0.00772472
0 0.559818 0.0902388 0.0128265 0.0119382
0 0.507696 0.0823385 0.00326493 0.00456461
0 0.538713 0.0802317 0.00326493 0.00316011
0 0.576259 0.0798806 0.00699627 0.00667135
0 0.525303 0.0800562 0.00909515 0.0105337
0 0.350979 0.0805829 0.0130597 0.0136938
0 0.703008 0.0765449 0.00722948 0.00632022
0 0.383046 0.0765449 0.00862873 0.00702247
0 0.48834 0.0772472 0.00979478 0.00912921
0 0.33034 0.0751404 0.00303172 0.00561798
0 0.505014 0.0728581 0.00349813 0.00526685
0 0.341068 0.0740871 0.00629664 0.00912921
0 0.178871 0.0912921 0.0223881 0.0456461
0 0.720149 0.066889 0.00466418 0.00316011
0 0.602962 0.0661868 0.00443097 0.00526685
0 0.418027 0.0711025 0.0128265 0.0150983
0 0.633979 0.0907654 0.0487407 0.0614466
0 0.5 0.0623244 0.00466418 0.00526685
0 0.330807 0.0628511 0.00676306 0.00842697
0 0.374417 0.0616222 0.0076959 0.00667135
0 0.680037 0.083743 0.0335821 0.0544242
0 0.402402 0.0607444 0.0198228 0.0217697
0 0.580574 0.0517907 0.00396455 0.00456461
0 0.379081 0.0530197 0.0104944 0.0119382
0 0.640159 0.0521419 0.0079291 0.0165028
0 0.565415 0.0486306 0.00676306 0.0115871
0 0.377332 0.042486 0.00559701 0.00632022
0 0.624883 0.0461728 0.0142257 0.0179073
0 0.370452 0.0393258 0.00349813 0.00561798
0 0.409515 0.0405548 0.00979478 0.0122893
0 0.60611 0.0500351 0.0279851 0.0326545
0 0.613456 0.0372191 0.0076959 0.00983146
0 0.371852 0.0247542 0.00536381 0.0059691
0 0.353428 0.0409059 0.0286847 0.042486
0 0.619753 0.0242275 0.00816231 0.00983146
0 0.364972 0.0217697 0.00419776 0.00632022
0 0.407649 0.0215941 0.00699627 0.00948034
0 0.350396 0.0196629 0.00443097 0.00772472
0 0.521105 0.0219452 0.00909515 0.0136938
0 0.451959 0.0561798 0.0652985 0.0856742
0 0.628848 0.0150983 0.00396455 0.00491573
0 0.388759 0.0293188 0.0270522 0.0354635
0 0.395989 0.010007 0.00559701 0.00456461
0 0.608092 0.0136938 0.0128265 0.0168539
0 0.431903 0.0338834 0.0345149 0.0572331
0 0.620103 0.00790028 0.00606343 0.00667135
0 0.376982 0.00632022 0.00489739 0.00561798
0 0.51819 0.00491573 0.00699627 0.00702247
0 0.426423 0.00438904 0.00722948 0.0059691
0 0.594216 0.010007 0.00932836 0.0193118
0 0.580107 0.00860253 0.0104944 0.0165028
0 0.541395 0.00579354 0.0230877 0.0115871
0 0.41243 0.00983146 0.0165578 0.0196629
1 0.586637 0.952598 0.0198228 0.0189607
1 0.586754 0.906074 0.0223881 0.0375702
1 0.521339 0.80302 0.0142257 0.0154494
1 0.598298 0.814256 0.035681 0.0407303
1 0.53195 0.78125 0.0293843 0.0330056
1 0.48834 0.77335 0.011194 0.028441
1 0.364389 0.733497 0.0216884 0.0189607
1 0.58069 0.733322 0.0191231 0.025632
1 0.467351 0.721208 0.0130597 0.0287921
1 0.704991 0.708567 0.0135261 0.0245787
1 0.491838 0.701545 0.00979478 0.0189607
1 0.402868 0.728055 0.0538713 0.0761938
1 0.613106 0.695751 0.0349813 0.0474017
1 0.237873 0.664501 0.0107276 0.0193118
1 0.576026 0.666959 0.0247201 0.0270365
1 0.712453 0.672753 0.0177239 0.0428371
1 0.656716 0.645541 0.0121269 0.00948034
1 0.770056 0.666784 0.0326493 0.0526685
1 0.690765 0.666257 0.0331157 0.0558287
1 0.781716 0.616046 0.0172575 0.0333567
1 0.710005 0.60481 0.0146922 0.0165028
1 0.605527 0.59375 0.0151586 0.0252809
1 0.325676 0.610077 0.0841884 0.133778
1 0.711054 0.472612 0.0116604 0.0245787
1 0.654268 0.461903 0.0146922 0.0150983
1 0.664879 0.424333 0.0079291 0.0073736
1 0.652169 0.423982 0.0333489 0.0530197
1 0.365672 0.401685 0.0153918 0.0154494
1 0.694963 0.395014 0.0293843 0.0456461
1 0.648088 0.364993 0.00979478 0.0179073
1 0.704757 0.365169 0.020056 0.0196629
1 0.447994 0.363237 0.0130597 0.0158006
1 0.416278 0.349368 0.00979478 0.0126404
1 0.442747 0.330407 0.0137593 0.0182584
1 0.644939 0.31724 0.0137593 0.0214185
1 0.524487 0.321103 0.0125933 0.0291433
1 0.402868 0.301966 0.0160914 0.0196629
1 0.454291 0.280723 0.014459 0.0277388
1 0.360424 0.26264 0.00629664 0.0119382
1 0.674207 0.273876 0.0317164 0.0477528
1 0.51341 0.274228 0.0809235 0.0603933
1 0.680387 0.236131 0.00956157 0.0165028
1 0.590835 0.219628 0.0244869 0.0193118
1 0.448927 0.237535 0.0722948 0.0621489
1 0.534282 0.207338 0.0195896 0.025632
1 0.427239 0.183989 0.0116604 0.0203652
1 0.180737 0.18276 0.0191231 0.0235253
1 0.195662 0.17486 0.00979478 0.00983146
1 0.406367 0.170997 0.0184235 0.0210674
1 0.69986 0.148701 0.0298507 0.0249298
1 0.706157 0.126053 0.0247201 0.0203652
1 0.563899 0.12026 0.014459 0.00948034
1 0.742771 0.121138 0.0265858 0.0316011
1 0.546409 0.046875 0.0415112 0.0551264
2 0.307836 0.621313 0.0214552 0.0410815
2 0.601213 0.586025 0.0102612 0.0175562
2 0.520406 0.195049 0.0226213 0.0354635
2 0.236124 0.109024 0.0249534 0.0270365
3 0.511311 0.91099 0.00722948 0.0108848
3 0.513526 0.884305 0.0051306 0.00877809
3 0.465135 0.875351 0.00722948 0.011236
3 0.502915 0.860604 0.00676306 0.00983146
3 0.620919 0.8046 0.00349813 0.00526685
3 0.443563 0.766678 0.00559701 0.00807584
3 0.535914 0.753336 0.00419776 0.0059691
3 0.736824 0.727528 0.00583022 0.00912921
3 0.648554 0.726826 0.00606343 0.00842697
3 0.715718 0.721559 0.00606343 0.00842697
3 0.497551 0.719101 0.00396455 0.00632022
3 0.723647 0.697331 0.00559701 0.00772472
3 0.637127 0.6875 0.00746269 0.00983146
3 0.746735 0.678546 0.00233209 0.00316011
3 0.147505 0.680302 0.00443097 0.0073736
3 0.447878 0.674684 0.00489739 0.00807584
3 0.795709 0.661166 0.00559701 0.00772472
3 0.495452 0.658708 0.00396455 0.00561798
3 0.639459 0.657479 0.00652985 0.0101826
3 0.666861 0.559691 0.00629664 0.011236
3 0.30702 0.526861 0.00489739 0.00807584
3 0.0988806 0.481039 0.00746269 0.0119382
3 0.51306 0.476299 0.0051306 0.0073736
3 0.165578 0.463834 0.00373134 0.00561798
3 0.133745 0.457163 0.0025653 0.00421348
3 0.518074 0.446805 0.00443097 0.0073736
3 0.688549 0.442942 0.00396455 0.0059691
3 0.672808 0.434691 0.00326493 0.00421348
3 0.703825 0.423279 0.00652985 0.00877809
3 0.407649 0.41573 0.00419776 0.00632022
3 0.426073 0.402388 0.00279851 0.00421348
3 0.666861 0.390449 0.00583022 0.00702247
3 0.148671 0.385183 0.00536381 0.00772472
3 0.670359 0.357444 0.00396455 0.00491573
3 0.442397 0.35007 0.00373134 0.00491573
3 0.575443 0.345857 0.00489739 0.00702247
3 0.76306 0.341117 0.00279851 0.00526685
3 0.43202 0.333919 0.00443097 0.00632022
3 0.485191 0.32198 0.00396455 0.00702247
3 0.508745 0.31566 0.00956157 0.0133427
3 0.390159 0.299333 0.00419776 0.00667135
3 0.567514 0.298806 0.00489739 0.00702247
3 0.416978 0.297051 0.00373134 0.00632022
3 0.564599 0.269663 0.00373134 0.00561798
3 0.555854 0.25158 0.00209888 0.00316011
3 0.571712 0.245084 0.00583022 0.00772472
3 0.484258 0.198736 0.00349813 0.00561798
3 0.584655 0.18434 0.00419776 0.00632022
3 0.438083 0.180829 0.00583022 0.00772472
3 0.225396 0.163799 0.0025653 0.00456461
3 0.177239 0.160288 0.00326493 0.00456461
3 0.585005 0.156426 0.0025653 0.00386236
3 0.404151 0.15625 0.00279851 0.00421348
3 0.407533 0.152739 0.00209888 0.00280899
3 0.305387 0.150983 0.00536381 0.00702247
3 0.577425 0.147823 0.00233209 0.00351124
3 0.196595 0.147296 0.00326493 0.00456461
3 0.57486 0.144663 0.00186567 0.00351124
3 0.565415 0.145541 0.00396455 0.0059691
3 0.164179 0.139747 0.00466418 0.00632022
3 0.527052 0.126229 0.00419776 0.0059691
3 0.596082 0.115695 0.00279851 0.00386236
3 0.358909 0.110604 0.00326493 0.00491573
3 0.460238 0.111131 0.00489739 0.00807584
3 0.446595 0.107971 0.00559701 0.00948034
3 0.312267 0.0667135 0.00746269 0.0126404
3 0.302938 0.0238764 0.00373134 0.00702247
