0 0.127099 0.762992 0.00186567 0.00421348
0 0.133745 0.756496 0.0025653 0.0073736
0 0.141208 0.747893 0.00163246 0.00421348
0 0.145406 0.741924 0.0025653 0.00561798
0 0.362873 0.709094 0.00746269 0.0136938
0 0.36334 0.691187 0.0051306 0.0186096
0 0.227729 0.679073 0.00303172 0.00632022
0 0.222598 0.679424 0.00443097 0.011236
0 0.23146 0.674157 0.00489739 0.00491573
0 0.130014 0.670295 0.0025653 0.00421348
0 0.239855 0.666608 0.0025653 0.00316011
0 0.244403 0.665906 0.00326493 0.0059691
0 0.234375 0.663799 0.0079291 0.00526685
0 0.119286 0.662044 0.00209888 0.00386236
0 0.231576 0.658708 0.00233209 0.00280899
0 0.129548 0.658532 0.00303172 0.00526685
0 0.246735 0.655021 0.00186567 0.00456461
0 0.0975979 0.644663 0.00163246 0.00351124
0 0.221432 0.642205 0.00349813 0.00491573
0 0.119869 0.641327 0.00186567 0.00386236
0 0.0866371 0.639572 0.00303172 0.00456461
0 0.0923507 0.639045 0.0051306 0.00842697
0 0.802239 0.631671 0.0051306 0.00912921
0 0.108792 0.629038 0.00209888 0.00386236
0 0.0907183 0.627282 0.00233209 0.00316011
0 0.788596 0.614291 0.00629664 0.00877809
0 0.0963153 0.612008 0.00186567 0.00491573
0 0.140508 0.604459 0.00303172 0.00316011
0 0.514809 0.601475 0.00349813 0.00561798
0 0.791978 0.602177 0.00419776 0.00772472
0 0.133512 0.599719 0.00209888 0.00561798
0 0.109958 0.591292 0.0025653 0.00280899
0 0.123951 0.587254 0.00396455 0.0059691
0 0.791744 0.588308 0.00373134 0.00877809
0 0.50688 0.591468 0.00629664 0.0165028
0 0.569613 0.591819 0.00489739 0.0179073
0 0.796758 0.590765 0.00489739 0.0165028
0 0.563433 0.582163 0.00699627 0.0266854
0 0.547808 0.584972 0.0214552 0.0323034
0 0.527752 0.570049 0.00373134 0.00948034
0 0.521339 0.581285 0.0193563 0.0333567
0 0.505014 0.571454 0.0128265 0.0143961
0 0.576609 0.569698 0.00583022 0.0193118
0 0.569963 0.567591 0.00606343 0.0165028
0 0.53743 0.570576 0.0151586 0.0301966
0 0.496968 0.560393 0.00559701 0.0126404
0 0.473414 0.565309 0.0373134 0.0231742
0 0.45056 0.557584 0.00606343 0.00772472
0 0.589785 0.556531 0.00559701 0.0105337
0 0.560401 0.558989 0.00932836 0.0203652
0 0.761427 0.550913 0.00373134 0.00632022
0 0.578591 0.547753 0.0219216 0.0126404
0 0.470382 0.537395 0.00419776 0.0059691
0 0.484025 0.53599 0.0142257 0.0158006
0 0.492771 0.527037 0.0051306 0.00912921
0 0.500583 0.527739 0.00583022 0.0133427
0 0.461521 0.52809 0.0205224 0.0161517
0 0.547108 0.517907 0.00279851 0.00702247
0 0.441814 0.527563 0.0146922 0.0291433
0 0.465951 0.51264 0.0251866 0.0203652
0 0.456273 0.505442 0.00396455 0.0059691
0 0.571945 0.507549 0.00722948 0.0129916
0 0.375816 0.502107 0.00816231 0.0119382
0 0.485891 0.507374 0.0179571 0.0231742
0 0.58687 0.501404 0.0114272 0.0133427
0 0.37535 0.495084 0.00396455 0.00912921
0 0.396688 0.489642 0.00466418 0.0073736
0 0.391674 0.483497 0.00583022 0.00632022
0 0.427822 0.485955 0.00676306 0.0119382
0 0.530084 0.494382 0.025653 0.0393258
0 0.375117 0.480688 0.00862873 0.0140449
0 0.384911 0.475597 0.00489739 0.00807584
0 0.562733 0.487535 0.0382463 0.0445927
0 0.444613 0.471559 0.015625 0.0259831
0 0.551656 0.457163 0.00396455 0.0147472
0 0.55562 0.450492 0.00349813 0.00912921
0 0.572878 0.454178 0.00583022 0.0172051
0 0.43062 0.449789 0.00536381 0.00983146
0 0.45021 0.44856 0.00396455 0.0122893
0 0.45639 0.442942 0.00233209 0.00667135
0 0.465135 0.435393 0.00349813 0.00702247
0 0.567631 0.438553 0.00886194 0.0189607
0 0.442048 0.431531 0.0076959 0.0161517
0 0.483209 0.422928 0.00699627 0.0115871
0 0.454524 0.421173 0.00932836 0.0221208
0 0.475863 0.39677 0.00536381 0.0119382
0 0.220849 0.336728 0.00652985 0.011236
0 0.21945 0.311622 0.00559701 0.0059691
0 0.266091 0.303371 0.00839552 0.00842697
0 0.23799 0.298104 0.0025653 0.00491573
0 0.207556 0.290906 0.00326493 0.00386236
0 0.219916 0.297928 0.011194 0.0186096
0 0.202076 0.292662 0.00536381 0.0129916
0 0.21875 0.287395 0.00279851 0.00386236
0 0.197528 0.287395 0.00186567 0.00386236
0 0.239855 0.289326 0.00676306 0.0105337
0 0.225163 0.278968 0.00209888 0.00316011
0 0.204641 0.277388 0.00163246 0.00351124
0 0.21875 0.277212 0.00326493 0.00526685
0 0.208372 0.280372 0.00629664 0.0136938
0 0.214319 0.26264 0.00466418 0.00702247
0 0.202542 0.260358 0.00209888 0.00456461
0 0.221549 0.25948 0.00186567 0.00351124
0 0.221199 0.253862 0.00163246 0.00491573
0 0.215718 0.253511 0.00326493 0.00491573
0 0.223298 0.238588 0.00303172 0.00526685
0 0.641908 0.0658357 0.00163246 0.00386236
0 0.619403 0.0658357 0.00186567 0.00386236
0 0.637477 0.0617978 0.00303172 0.00632022
0 0.645056 0.0563553 0.00606343 0.0115871
0 0.652868 0.0510885 0.00209888 0.00386236
0 0.666161 0.0435393 0.00349813 0.00421348
0 0.647971 0.0419593 0.00909515 0.0122893
0 0.664529 0.0333567 0.00209888 0.00421348
0 0.65555 0.0330056 0.00233209 0.00421348
0 0.647271 0.0291433 0.00536381 0.00912921
0 0.653335 0.0272121 0.0025653 0.00667135
1 0.395056 0.983497 0.104011 0.0301966
1 0.433535 0.960323 0.0233209 0.0203652
1 0.438316 0.937851 0.0226213 0.0231742
1 0.378731 0.92802 0.0223881 0.0358146
1 0.276003 0.758427 0.0104944 0.0196629
1 0.262243 0.735955 0.0128265 0.0259831
1 0.366721 0.736482 0.0254198 0.036868
1 0.559118 0.704881 0.0118937 0.00948034
1 0.776936 0.632725 0.0114272 0.0119382
1 0.820896 0.592697 0.0746269 0.0702247
1 0.752449 0.547577 0.0151586 0.0235253
1 0.259445 0.288097 0.00909515 0.0158006
1 0.229011 0.28283 0.0125933 0.0115871
1 0.305037 0.273876 0.0298507 0.0280899
1 0.810518 0.243504 0.0137593 0.0179073
1 0.798041 0.228055 0.0125933 0.0403792
1 0.263643 0.233497 0.0818563 0.0870787
1 0.261194 0.180302 0.0158582 0.0165028
1 0.329991 0.156426 0.0195896 0.022823
1 0.747085 0.240695 0.0757929 0.255969
1 0.245336 0.0891854 0.0051306 0.0119382
1 0.632696 0.0760183 0.00279851 0.0059691
1 0.595965 0.0777739 0.0114272 0.0158006
1 0.226213 0.065309 0.0135261 0.0210674
1 0.393773 0.0603933 0.0123601 0.0161517
1 0.611007 0.0542486 0.0116604 0.0249298
1 0.610774 0.0461728 0.00606343 0.0129916
1 0.29431 0.0560042 0.0587687 0.0410815
1 0.613106 0.0379213 0.00886194 0.00912921
1 0.572645 0.0196629 0.0151586 0.0273876
1 0.615788 0.0270365 0.0697295 0.054073
1 0.633512 0.044066 0.000699627 0.00105337
1 0.63188 0.0379213 0.00396455 0.0126404
2 0.444496 0.98894 0.020056 0.0179073
2 0.182486 0.910815 0.0216884 0.0414326
2 0.270639 0.870435 0.0342817 0.0688202
2 0.765159 0.252809 0.0447761 0.108146
2 0.255714 0.183813 0.0543377 0.10639
2 0.560401 0.0247542 0.0317164 0.0488062
3 0.343633 0.932409 0.00536381 0.00948034
3 0.585121 0.900456 0.00373134 0.0059691
3 0.749767 0.842697 0.00233209 0.00421348
3 0.739389 0.821805 0.00303172 0.00526685
3 0.282882 0.747718 0.00326493 0.00526685
3 0.556786 0.725597 0.00722948 0.0108848
3 0.55014 0.717346 0.00466418 0.00702247
3 0.737174 0.706461 0.00419776 0.00772472
3 0.414646 0.703301 0.00279851 0.00491573
3 0.43062 0.669066 0.00489739 0.00807584
3 0.725513 0.655548 0.0051306 0.00842697
3 0.221782 0.608673 0.00466418 0.00807584
3 0.356227 0.601124 0.00489739 0.00912921
3 0.471782 0.57514 0.00373134 0.00632022
3 0.493004 0.545822 0.00326493 0.00526685
3 0.307369 0.525808 0.00606343 0.0101826
3 0.528568 0.519838 0.00443097 0.0059691
3 0.387477 0.489817 0.00583022 0.00912921
3 0.325793 0.421173 0.00559701 0.00807584
3 0.308535 0.402037 0.00466418 0.00702247
3 0.557369 0.395892 0.00466418 0.00667135
3 0.165345 0.388167 0.00419776 0.0059691
3 0.466301 0.388694 0.00583022 0.00842697
3 0.433885 0.268785 0.00396455 0.0059691
3 0.441814 0.253511 0.00396455 0.00632022
3 0.498018 0.0884831 0.00443097 0.00632022
3 0.241721 0.0830407 0.00536381 0.00877809
3 0.589902 0.0549508 0.00629664 0.00948034
3 0.38153 0.0380969 0.00419776 0.0059691
