0 0.239972 0.968223 0.00186567 0.00245787
0 0.244869 0.96717 0.00419776 0.0059691
0 0.20639 0.930302 0.00466418 0.00877809
0 0.227845 0.936447 0.0139925 0.0259831
0 0.258512 0.64993 0.0025653 0.00421348
0 0.342934 0.618153 0.00536381 0.0073736
0 0.196012 0.574438 0.00303172 0.00351124
0 0.225396 0.558989 0.00443097 0.00561798
0 0.200443 0.521243 0.00349813 0.00456461
0 0.181903 0.520014 0.0051306 0.00632022
0 0.173041 0.473666 0.00466418 0.00561798
0 0.57486 0.46559 0.00419776 0.00842697
0 0.405201 0.450843 0.00443097 0.00702247
0 0.377682 0.449614 0.00303172 0.0059691
0 0.572994 0.439958 0.00652985 0.0316011
0 0.510378 0.375878 0.0025653 0.0059691
0 0.825793 0.29986 0.00419776 0.00491573
0 0.474813 0.300386 0.00606343 0.0073736
0 0.483909 0.281074 0.00466418 0.0059691
1 0.210821 0.953827 0.00839552 0.00948034
1 0.300373 0.794417 0.00746269 0.0115871
1 0.833955 0.547577 0.0139925 0.0150983
1 0.34923 0.435744 0.00862873 0.0175562
3 0.347715 0.875 0.00606343 0.00912921
3 0.679104 0.844803 0.0051306 0.00912921
3 0.678638 0.807409 0.00466418 0.00877809
3 0.578242 0.772472 0.00396455 0.00632022
3 0.265275 0.734199 0.00396455 0.00561798
3 0.748368 0.595857 0.00373134 0.00561798
3 0.414995 0.520014 0.00349813 0.00561798
3 0.303638 0.515274 0.00606343 0.00877809
3 0.420592 0.509656 0.00722948 0.0129916
3 0.448344 0.463308 0.00629664 0.00807584
3 0.385961 0.365344 0.00466418 0.0059691
3 0.426656 0.25632 0.00629664 0.00912921
3 0.730294 0.0904143 0.00489739 0.0073736
