0 0.432369 0.913799 0.00279851 0.00456461
0 0.43785 0.908532 0.0025653 0.00667135
0 0.428521 0.900983 0.00163246 0.00421348
0 0.409282 0.900281 0.00419776 0.00772472
0 0.430037 0.868855 0.00279851 0.00667135
0 0.296059 0.859375 0.0104944 0.0115871
0 0.291861 0.854108 0.00163246 0.00245787
0 0.277285 0.847963 0.00186567 0.00280899
0 0.285215 0.844803 0.00326493 0.00280899
0 0.340368 0.846735 0.00349813 0.0073736
0 0.345732 0.845681 0.00443097 0.00667135
0 0.313549 0.85007 0.0104944 0.0154494
0 0.29944 0.839537 0.00279851 0.00280899
0 0.271339 0.83901 0.00443097 0.00456461
0 0.327892 0.846383 0.020056 0.0214185
0 0.332556 0.836376 0.00233209 0.00351124
0 0.316698 0.835674 0.00326493 0.00280899
0 0.290112 0.83585 0.00279851 0.00386236
0 0.404967 0.834796 0.00303172 0.0059691
0 0.294426 0.832163 0.00209888 0.00280899
0 0.335005 0.829178 0.0025653 0.00386236
0 0.290112 0.829003 0.00186567 0.00351124
0 0.290345 0.823385 0.00186567 0.00210674
0 0.279967 0.833392 0.0123601 0.022823
0 0.266674 0.827423 0.00536381 0.0129916
0 0.332556 0.815309 0.00139925 0.00280899
0 0.280784 0.816538 0.00233209 0.0059691
0 0.284515 0.814782 0.00466418 0.0073736
0 0.304804 0.807058 0.00186567 0.00245787
0 0.301889 0.805653 0.00163246 0.00245787
0 0.304221 0.802317 0.00209888 0.00280899
0 0.280317 0.805126 0.00886194 0.00912921
0 0.272971 0.8046 0.00443097 0.00948034
0 0.263526 0.805829 0.0130597 0.0154494
0 0.308535 0.798279 0.00139925 0.00175562
0 0.377682 0.79986 0.00349813 0.00561798
0 0.255597 0.794066 0.00699627 0.00667135
0 0.261777 0.791433 0.00303172 0.00351124
0 0.26959 0.791608 0.00233209 0.00456461
0 0.321712 0.793013 0.00303172 0.0101826
0 0.392957 0.790204 0.0051306 0.00667135
0 0.266791 0.788272 0.00279851 0.00421348
0 0.223881 0.78599 0.00373134 0.00386236
0 0.254781 0.785112 0.00303172 0.00280899
0 0.24965 0.785112 0.00163246 0.00280899
0 0.29979 0.783532 0.00163246 0.00245787
0 0.238689 0.783532 0.00163246 0.00245787
0 0.333489 0.784235 0.00466418 0.0059691
0 0.222481 0.782128 0.00233209 0.00316011
0 0.276119 0.781601 0.00279851 0.00351124
0 0.254314 0.780899 0.00209888 0.00280899
0 0.272971 0.777212 0.00209888 0.00316011
0 0.259678 0.773876 0.00209888 0.00351124
0 0.275303 0.771945 0.00303172 0.00386236
0 0.266791 0.771243 0.00233209 0.00316011
0 0.802006 0.771067 0.00326493 0.00421348
0 0.263993 0.762465 0.00279851 0.00456461
0 0.226679 0.769312 0.0191231 0.0238764
0 0.80562 0.758427 0.00443097 0.00772472
0 0.242654 0.758076 0.00396455 0.00772472
0 0.247551 0.754213 0.0025653 0.00351124
0 0.789762 0.754213 0.00629664 0.00772472
0 0.802006 0.752633 0.00326493 0.0059691
0 0.422458 0.749298 0.00536381 0.0105337
0 0.241021 0.742978 0.00583022 0.00702247
0 0.242188 0.735955 0.00116604 0.00280899
0 0.402635 0.758076 0.0198228 0.0477528
0 0.36264 0.733848 0.00186567 0.00280899
0 0.252449 0.731917 0.0025653 0.00316011
0 0.246735 0.731039 0.00186567 0.00351124
0 0.368587 0.730513 0.00209888 0.0059691
0 0.358326 0.730864 0.00303172 0.00877809
0 0.423974 0.731742 0.0107276 0.0126404
0 0.360658 0.724895 0.00349813 0.00526685
0 0.800023 0.721383 0.00349813 0.00456461
0 0.257579 0.71717 0.0025653 0.00386236
0 0.246502 0.71243 0.00279851 0.00351124
0 0.185984 0.708743 0.00303172 0.00526685
0 0.286381 0.708041 0.00466418 0.0059691
0 0.243354 0.707514 0.0025653 0.00491573
0 0.291628 0.706285 0.00116604 0.00316011
0 0.248951 0.705056 0.00209888 0.00421348
0 0.412663 0.703476 0.00349813 0.00386236
0 0.232626 0.701369 0.00209888 0.00316011
0 0.785798 0.70014 0.00349813 0.00702247
0 0.40042 0.699087 0.0051306 0.00912921
0 0.260028 0.695751 0.00186567 0.00245787
0 0.186334 0.697507 0.00186567 0.00667135
0 0.215602 0.695225 0.00209888 0.00280899
0 0.220266 0.693996 0.00209888 0.00386236
0 0.395289 0.692767 0.00279851 0.00351124
0 0.226096 0.691889 0.00303172 0.0073736
0 0.212337 0.690133 0.00349813 0.00456461
0 0.223881 0.735604 0.0601679 0.0962079
0 0.204291 0.730513 0.000932836 0.00175562
0 0.203941 0.72981 0.000699627 0.00105337
0 0.199977 0.706812 0.00396455 0.00140449
0 0.197645 0.706285 0.000699627 0.00105337
0 0.232859 0.687851 0.00303172 0.00421348
0 0.407882 0.692767 0.00652985 0.0161517
0 0.217934 0.683287 0.0025653 0.00421348
0 0.228078 0.67802 0.00233209 0.00280899
0 0.201143 0.675035 0.00163246 0.00245787
0 0.366721 0.675386 0.00489739 0.00877809
0 0.2191 0.671699 0.00209888 0.00351124
0 0.391558 0.672051 0.00373134 0.00491573
0 0.191931 0.672753 0.00373134 0.00702247
0 0.181553 0.670822 0.00209888 0.00386236
0 0.398671 0.669417 0.0025653 0.00316011
0 0.219566 0.668188 0.00163246 0.00280899
0 0.371152 0.66731 0.00163246 0.00245787
0 0.184468 0.66415 0.00419776 0.00456461
0 0.178988 0.662746 0.00209888 0.00386236
0 0.212687 0.661692 0.00186567 0.00316011
0 0.352262 0.660815 0.00349813 0.00491573
0 0.188083 0.660288 0.0025653 0.00386236
0 0.177938 0.657654 0.00186567 0.00351124
0 0.38188 0.659761 0.00909515 0.00912921
0 0.355294 0.656074 0.00163246 0.00245787
0 0.347598 0.65625 0.00163246 0.00351124
0 0.180854 0.656426 0.00209888 0.00386236
0 0.342584 0.655899 0.00373134 0.00351124
0 0.18715 0.654319 0.00163246 0.00245787
0 0.190648 0.653968 0.00163246 0.00245787
0 0.357509 0.652212 0.00233209 0.0059691
0 0.732276 0.648701 0.00606343 0.00386236
0 0.38666 0.648525 0.00326493 0.00351124
0 0.206273 0.650105 0.00629664 0.0073736
0 0.35063 0.647647 0.00396455 0.00526685
0 0.366255 0.647296 0.00209888 0.0059691
0 0.724813 0.645014 0.00373134 0.00561798
0 0.261777 0.631847 0.00396455 0.00667135
0 0.347015 0.628511 0.00233209 0.00280899
0 0.340602 0.627282 0.0025653 0.00667135
0 0.327659 0.625878 0.00279851 0.00456461
0 0.376866 0.623596 0.0153918 0.0231742
0 0.197411 0.613413 0.00209888 0.00421348
0 0.395289 0.607971 0.00652985 0.0129916
0 0.284515 0.598666 0.00139925 0.00210674
0 0.323344 0.587781 0.00163246 0.00280899
0 0.296409 0.58743 0.00139925 0.00351124
0 0.276702 0.587079 0.00209888 0.00491573
0 0.336521 0.591994 0.0186567 0.0161517
0 0.270406 0.585499 0.00349813 0.00316011
0 0.289179 0.581987 0.00186567 0.00245787
0 0.374067 0.59375 0.0149254 0.0330056
0 0.285564 0.585147 0.00956157 0.0186096
0 0.348414 0.577423 0.0051306 0.00807584
0 0.23111 0.575316 0.00279851 0.00456461
0 0.333955 0.58111 0.0163246 0.0175562
0 0.34375 0.572507 0.00279851 0.00386236
0 0.33174 0.568645 0.00209888 0.00316011
0 0.358442 0.583743 0.0177239 0.0354635
0 0.296875 0.567591 0.00326493 0.00316011
0 0.372785 0.572156 0.00583022 0.0129916
0 0.334771 0.567416 0.00303172 0.00772472
0 0.331973 0.563378 0.00209888 0.00386236
0 0.264226 0.559691 0.00186567 0.00280899
0 0.335354 0.559691 0.00279851 0.00351124
0 0.29396 0.558813 0.00209888 0.00456461
0 0.342001 0.559164 0.00489739 0.0059691
0 0.297808 0.558989 0.00419776 0.00632022
0 0.28195 0.556882 0.00373134 0.00491573
0 0.264576 0.554775 0.00209888 0.00351124
0 0.289762 0.552493 0.0025653 0.00175562
0 0.260261 0.551791 0.00233209 0.00456461
0 0.304221 0.550737 0.00209888 0.00386236
0 0.329641 0.54986 0.00209888 0.00351124
0 0.325676 0.550562 0.00443097 0.00702247
0 0.321129 0.548455 0.00139925 0.00351124
0 0.460821 0.543013 0.00699627 0.00456461
0 0.46875 0.545997 0.00746269 0.011236
0 0.325326 0.543539 0.00699627 0.00912921
0 0.32486 0.545119 0.000932836 0.00105337
0 0.324044 0.544417 0.000699627 0.00105337
0 0.47563 0.537746 0.00163246 0.00316011
0 0.452542 0.538272 0.00489739 0.00421348
0 0.279967 0.547577 0.0226213 0.0270365
0 0.281133 0.547928 0.000699627 0.00105337
0 0.26819 0.535639 0.00279851 0.00456461
0 0.478545 0.53441 0.00279851 0.00351124
0 0.318447 0.534761 0.00209888 0.00421348
0 0.326026 0.535639 0.00326493 0.00667135
0 0.314715 0.53283 0.0025653 0.00386236
0 0.468633 0.529494 0.0025653 0.00351124
0 0.476096 0.525983 0.00303172 0.00421348
0 0.364855 0.494031 0.0025653 0.00421348
0 0.374534 0.488588 0.00233209 0.00386236
0 0.379081 0.484199 0.00303172 0.00491573
0 0.254664 0.484726 0.00466418 0.0059691
0 0.382696 0.476299 0.00932836 0.0150983
0 0.394123 0.450843 0.00419776 0.00351124
0 0.343633 0.45014 0.0025653 0.00421348
0 0.372318 0.449789 0.00303172 0.00561798
0 0.399837 0.44698 0.00163246 0.00351124
0 0.290695 0.445049 0.00396455 0.00386236
0 0.39389 0.444874 0.00326493 0.00632022
0 0.396222 0.440133 0.00233209 0.00386236
0 0.415462 0.443645 0.0076959 0.0115871
0 0.267374 0.44224 0.00722948 0.0101826
0 0.379081 0.436447 0.00209888 0.00351124
0 0.455224 0.440133 0.00419776 0.0115871
0 0.291161 0.434867 0.0025653 0.00456461
0 0.362873 0.433638 0.00186567 0.00280899
0 0.342234 0.432935 0.00303172 0.00351124
0 0.325676 0.434515 0.00489739 0.0122893
0 0.297924 0.431004 0.00443097 0.0059691
0 0.422808 0.42802 0.00279851 0.00351124
0 0.377799 0.425737 0.00186567 0.00316011
0 0.289062 0.425211 0.0025653 0.00210674
0 0.396339 0.425562 0.00303172 0.00491573
0 0.204408 0.425211 0.00536381 0.00421348
0 0.3434 0.423806 0.00303172 0.00351124
0 0.339202 0.423982 0.00303172 0.00386236
0 0.409981 0.4296 0.0121269 0.0165028
0 0.358209 0.441538 0.0242537 0.042486
0 0.358792 0.447858 0.000699627 0.00105337
0 0.34923 0.436447 0.00116604 0.00210674
0 0.420476 0.421524 0.00233209 0.00316011
0 0.415462 0.422928 0.00443097 0.0073736
0 0.364389 0.419066 0.00163246 0.00175562
0 0.295592 0.419768 0.0025653 0.00386236
0 0.429338 0.425562 0.00652985 0.0175562
0 0.454524 0.417486 0.00233209 0.00351124
0 0.45091 0.420119 0.00349813 0.00948034
0 0.348181 0.417135 0.00326493 0.00351124
0 0.355993 0.416608 0.00349813 0.00456461
0 0.405084 0.415906 0.00373134 0.00526685
0 0.304454 0.41731 0.00629664 0.0108848
0 0.384562 0.413799 0.00233209 0.00456461
0 0.44916 0.412219 0.00233209 0.00210674
0 0.342351 0.415204 0.0051306 0.00807584
0 0.368703 0.413975 0.00279851 0.00632022
0 0.359258 0.412044 0.0025653 0.00386236
0 0.406133 0.41099 0.00209888 0.00316011
0 0.376749 0.415379 0.0076959 0.0119382
0 0.343983 0.40783 0.00606343 0.0059691
0 0.303638 0.406601 0.00233209 0.00421348
0 0.39937 0.409586 0.0076959 0.0150983
0 0.262243 0.404319 0.0025653 0.00456461
0 0.410564 0.403617 0.00396455 0.00456461
0 0.367771 0.405021 0.00373134 0.00807584
0 0.390742 0.402914 0.0025653 0.0059691
0 0.429338 0.401685 0.00233209 0.00421348
0 0.36264 0.402037 0.00606343 0.0119382
0 0.192514 0.401861 0.00583022 0.0115871
0 0.323344 0.41099 0.0188899 0.03125
0 0.427938 0.406074 0.0195896 0.0242275
0 0.407183 0.395014 0.00233209 0.00351124
0 0.398321 0.394136 0.00186567 0.00245787
0 0.298974 0.394487 0.00233209 0.00316011
0 0.367537 0.394487 0.00279851 0.00386236
0 0.38666 0.39361 0.00186567 0.00280899
0 0.382229 0.393785 0.00419776 0.00386236
0 0.257463 0.393961 0.00279851 0.00491573
0 0.200793 0.391327 0.00186567 0.00245787
0 0.362407 0.391854 0.0051306 0.00772472
0 0.312034 0.389572 0.0051306 0.00386236
0 0.305037 0.39361 0.00652985 0.0133427
0 0.332906 0.386938 0.00163246 0.00210674
0 0.373601 0.397296 0.00886194 0.0242275
0 0.367071 0.387992 0.00466418 0.00632022
0 0.25618 0.386587 0.0025653 0.00351124
0 0.376866 0.385885 0.00279851 0.00421348
0 0.324394 0.383427 0.00233209 0.00280899
0 0.21257 0.380794 0.00303172 0.00456461
0 0.296059 0.382022 0.00303172 0.00772472
0 0.441115 0.379565 0.0025653 0.00421348
0 0.216301 0.378862 0.0025653 0.00491573
0 0.257812 0.380618 0.00583022 0.00912921
0 0.317397 0.377458 0.00233209 0.00421348
0 0.309935 0.378687 0.00466418 0.0108848
0 0.282649 0.376053 0.00419776 0.00842697
0 0.358559 0.372718 0.00209888 0.00316011
0 0.295126 0.369382 0.00349813 0.00421348
0 0.30014 0.369558 0.0051306 0.00667135
0 0.326726 0.373244 0.00932836 0.0154494
0 0.309701 0.366573 0.00233209 0.00351124
0 0.316348 0.365871 0.0025653 0.00421348
0 0.349464 0.368329 0.00629664 0.0119382
0 0.354944 0.365344 0.00279851 0.0108848
0 0.451026 0.364642 0.00886194 0.0129916
0 0.310285 0.358322 0.00443097 0.00386236
0 0.332673 0.359551 0.00349813 0.011236
0 0.310984 0.35165 0.00163246 0.00175562
0 0.28055 0.351826 0.00139925 0.00280899
0 0.433535 0.351299 0.00186567 0.00316011
0 0.306786 0.351124 0.00209888 0.00351124
0 0.266791 0.351475 0.00279851 0.00491573
0 0.291978 0.35481 0.00466418 0.0122893
0 0.448111 0.35007 0.00303172 0.00491573
0 0.239272 0.350421 0.00233209 0.00561798
0 0.333372 0.347788 0.00209888 0.00386236
0 0.220849 0.350246 0.00419776 0.00948034
0 0.297341 0.346559 0.00139925 0.00351124
0 0.214669 0.352177 0.00583022 0.0147472
0 0.314599 0.345154 0.00139925 0.00140449
0 0.444496 0.344101 0.00326493 0.00421348
0 0.328475 0.347261 0.00489739 0.0126404
0 0.293144 0.343574 0.00373134 0.00526685
0 0.407999 0.342521 0.00303172 0.00456461
0 0.31938 0.343223 0.0025653 0.0059691
0 0.282066 0.343574 0.00396455 0.0073736
0 0.279268 0.353581 0.0193563 0.0337079
0 0.30014 0.337254 0.00233209 0.00386236
0 0.306203 0.335323 0.00186567 0.00351124
0 0.321129 0.336025 0.00279851 0.00702247
0 0.364039 0.333567 0.00373134 0.00351124
0 0.295359 0.334621 0.00536381 0.00772472
0 0.258279 0.334972 0.00676306 0.011236
0 0.306786 0.330583 0.00209888 0.00316011
0 0.448811 0.331987 0.00349813 0.00667135
0 0.316231 0.330232 0.00233209 0.00316011
0 0.341768 0.329354 0.0025653 0.00351124
0 0.253615 0.329529 0.0025653 0.00526685
0 0.332906 0.328301 0.00209888 0.00351124
0 0.357509 0.327423 0.00186567 0.00316011
0 0.327775 0.327423 0.00209888 0.00316011
0 0.302589 0.327598 0.00676306 0.00842697
0 0.26854 0.322683 0.00116604 0.00140449
0 0.352146 0.323034 0.00233209 0.00351124
0 0.355177 0.321454 0.00139925 0.00245787
0 0.307136 0.32198 0.00186567 0.00421348
0 0.361707 0.321278 0.00326493 0.00421348
0 0.343983 0.318996 0.00279851 0.00456461
0 0.317048 0.318294 0.00443097 0.00667135
0 0.463736 0.317065 0.00583022 0.00842697
0 0.302822 0.316538 0.00443097 0.00948034
0 0.282766 0.313553 0.0025653 0.00351124
0 0.312383 0.316362 0.00396455 0.00983146
0 0.440415 0.311271 0.0025653 0.00386236
0 0.326842 0.318645 0.0123601 0.0186096
0 0.308186 0.310393 0.00209888 0.00421348
0 0.477379 0.310218 0.00279851 0.00456461
0 0.288479 0.319171 0.0209888 0.0238764
0 0.44403 0.30776 0.00233209 0.00386236
0 0.304804 0.305126 0.00279851 0.00421348
0 0.329408 0.3046 0.0025653 0.00456461
0 0.29979 0.303722 0.00209888 0.00491573
0 0.290812 0.296524 0.00326493 0.00456461
0 0.296292 0.295997 0.00209888 0.00421348
0 0.321945 0.294944 0.00583022 0.0105337
0 0.33687 0.290555 0.0025653 0.00526685
0 0.312617 0.301966 0.0137593 0.0301966
0 0.36194 0.288799 0.0051306 0.00667135
0 0.434701 0.288097 0.00419776 0.00667135
0 0.35611 0.284235 0.00373134 0.0059691
0 0.313316 0.282303 0.00209888 0.00351124
0 0.368703 0.28125 0.00326493 0.00491573
0 0.457439 0.281777 0.00862873 0.0108848
0 0.323927 0.277563 0.00373134 0.00386236
0 0.377799 0.273701 0.00419776 0.00386236
0 0.454174 0.273876 0.0025653 0.00632022
0 0.445662 0.276861 0.0130597 0.0207163
0 0.295126 0.280899 0.021222 0.0351124
0 0.304571 0.264923 0.00279851 0.00386236
0 0.436684 0.264747 0.00536381 0.00561798
0 0.377682 0.264396 0.00209888 0.00491573
0 0.36299 0.265976 0.00303172 0.00807584
0 0.332673 0.261938 0.00209888 0.00351124
0 0.370686 0.261587 0.00349813 0.00561798
0 0.395406 0.259831 0.0025653 0.00491573
0 0.340368 0.259129 0.00209888 0.00491573
0 0.290345 0.260183 0.00699627 0.00702247
0 0.384212 0.252809 0.00396455 0.00561798
0 0.41826 0.251756 0.00209888 0.00421348
0 0.375233 0.25316 0.00466418 0.00702247
0 0.371502 0.251053 0.00326493 0.00280899
0 0.314366 0.251756 0.00279851 0.00421348
0 0.390975 0.252107 0.00676306 0.00632022
0 0.430737 0.255794 0.0153918 0.0165028
0 0.300723 0.249649 0.00396455 0.00772472
0 0.400536 0.248947 0.00489739 0.00702247
0 0.324044 0.249473 0.00722948 0.00807584
0 0.306203 0.24842 0.00373134 0.0059691
0 0.424324 0.247542 0.00489739 0.00702247
0 0.409748 0.246138 0.00186567 0.00491573
0 0.39284 0.245611 0.00209888 0.00386236
0 0.407766 0.241222 0.00209888 0.00280899
0 0.283815 0.244382 0.00746269 0.0140449
0 0.401119 0.238588 0.00326493 0.00526685
0 0.366255 0.239993 0.0076959 0.0108848
0 0.318913 0.233146 0.00489739 0.00772472
0 0.380131 0.238588 0.0149254 0.0207163
0 0.379548 0.237008 0.00209888 0.00210674
0 0.378032 0.236131 0.00139925 0.00105337
0 0.380947 0.234375 0.000699627 0.00105337
0 0.427122 0.228406 0.00396455 0.0059691
0 0.419776 0.229108 0.00606343 0.00807584
0 0.306903 0.233848 0.00652985 0.0189607
0 0.341418 0.227177 0.00419776 0.00842697
0 0.399021 0.221383 0.00326493 0.0059691
0 0.300606 0.230337 0.00979478 0.0238764
0 0.301189 0.225597 0.000699627 0.00105337
0 0.300956 0.22507 0.000699627 0.00140449
0 0.290578 0.231917 0.0102612 0.0270365
0 0.433302 0.220506 0.0051306 0.00983146
0 0.443797 0.208567 0.00373134 0.00702247
0 0.38701 0.208743 0.00629664 0.00877809
0 0.331973 0.207163 0.00303172 0.00561798
0 0.309818 0.217872 0.0123601 0.0270365
0 0.364389 0.213308 0.0375466 0.0361657
0 0.413479 0.196278 0.00699627 0.0119382
0 0.33722 0.196629 0.00652985 0.0168539
0 0.428755 0.191011 0.00489739 0.00702247
0 0.41896 0.18434 0.00489739 0.0126404
0 0.395989 0.17802 0.00419776 0.0154494
0 0.370103 0.178897 0.00606343 0.022823
0 0.492421 0.0925211 0.00396455 0.0073736
0 0.476796 0.0902388 0.00536381 0.00842697
0 0.457439 0.0846208 0.00489739 0.00842697
0 0.490905 0.0786517 0.0051306 0.00983146
0 0.475396 0.0774228 0.00489739 0.00807584
0 0.442048 0.0739115 0.00909515 0.0136938
0 0.464902 0.0705758 0.00443097 0.00912921
0 0.48764 0.0661868 0.00559701 0.0101826
0 0.453242 0.0665379 0.00956157 0.0158006
0 0.441698 0.0444171 0.00419776 0.00877809
0 0.521805 0.0405548 0.00489739 0.0115871
0 0.44298 0.0117626 0.0104944 0.0129916
1 0.387243 0.884656 0.00816231 0.0179073
1 0.228312 0.868329 0.00932836 0.0133427
1 0.391558 0.866924 0.00699627 0.0175562
1 0.363106 0.846559 0.00652985 0.0126404
1 0.201726 0.844979 0.00606343 0.0172051
1 0.211987 0.825492 0.00839552 0.0119382
1 0.716884 0.804073 0.0158582 0.0203652
1 0.71805 0.780372 0.00979478 0.0101826
1 0.133279 0.744031 0.00956157 0.0105337
1 0.135378 0.695049 0.00676306 0.0158006
1 0.549207 0.668539 0.0107276 0.011236
1 0.131063 0.663799 0.00839552 0.0122893
1 0.811334 0.655548 0.0181903 0.0189607
1 0.75548 0.636412 0.00676306 0.00948034
1 0.811684 0.635534 0.00583022 0.0133427
1 0.817048 0.615871 0.00956157 0.00983146
1 0.749534 0.578652 0.00886194 0.011236
1 0.254548 0.596032 0.0226213 0.0502107
1 0.231926 0.522823 0.00629664 0.00561798
1 0.221199 0.515801 0.00909515 0.0133427
1 0.785798 0.513869 0.0118937 0.022823
1 0.429688 0.494558 0.00536381 0.0136938
1 0.191115 0.448912 0.0025653 0.00526685
1 0.222248 0.423631 0.0130597 0.0186096
1 0.24417 0.420822 0.00839552 0.0150983
1 0.234608 0.403441 0.0051306 0.011236
1 0.275303 0.400281 0.00536381 0.011236
1 0.229011 0.382022 0.0149254 0.0308989
1 0.443447 0.374473 0.00676306 0.0165028
1 0.383862 0.354284 0.00746269 0.0105337
1 0.420709 0.349895 0.00279851 0.0073736
1 0.43167 0.323034 0.00652985 0.00772472
1 0.405201 0.313553 0.00489739 0.00983146
1 0.414179 0.314431 0.00746269 0.0150983
1 0.3743 0.310744 0.0228545 0.0196629
1 0.661031 0.309691 0.00816231 0.0252809
1 0.397621 0.302844 0.00652985 0.0136938
1 0.425606 0.298982 0.00652985 0.0136938
1 0.413479 0.298631 0.0102612 0.0136938
1 0.422458 0.285288 0.00443097 0.00948034
1 0.623951 0.210499 0.00629664 0.0143961
1 0.274137 0.186798 0.00583022 0.0196629
1 0.190065 0.119909 0.00699627 0.0122893
1 0.328825 0.109199 0.0079291 0.0140449
1 0.336171 0.0756671 0.00862873 0.0115871
1 0.466301 0.0280899 0.0394123 0.0547753
3 0.566698 0.956285 0.00419776 0.0059691
3 0.421758 0.898701 0.0025653 0.00456461
3 0.291978 0.887992 0.00186567 0.00351124
3 0.355993 0.885007 0.00443097 0.0073736
3 0.28125 0.883778 0.00326493 0.00491573
3 0.291511 0.879389 0.00373134 0.0059691
3 0.321828 0.877282 0.00233209 0.00386236
3 0.240905 0.859551 0.00279851 0.00491573
3 0.75035 0.858146 0.00489739 0.00772472
3 0.220149 0.843574 0.00419776 0.00667135
3 0.287896 0.823385 0.00116604 0.00140449
3 0.420243 0.806706 0.00606343 0.00807584
3 0.239389 0.805829 0.00396455 0.00632022
3 0.381297 0.772647 0.00326493 0.00526685
3 0.302472 0.764923 0.00466418 0.00667135
3 0.748601 0.755794 0.00326493 0.0059691
3 0.255247 0.73894 0.0025653 0.00386236
3 0.279501 0.734551 0.00303172 0.00421348
3 0.164062 0.73736 0.00629664 0.0105337
3 0.15042 0.73139 0.00139925 0.00210674
3 0.814715 0.727704 0.00349813 0.00526685
3 0.152169 0.720506 0.00443097 0.00561798
3 0.148088 0.716819 0.00139925 0.00175562
3 0.421059 0.688027 0.00396455 0.00667135
3 0.425023 0.684164 0.00209888 0.00316011
3 0.13701 0.682233 0.00349813 0.00491573
3 0.350746 0.669768 0.00326493 0.00456461
3 0.123951 0.664501 0.00209888 0.00386236
3 0.169543 0.658357 0.00373134 0.00491573
3 0.245569 0.655197 0.00279851 0.00421348
3 0.239272 0.655548 0.00466418 0.00702247
3 0.29396 0.643434 0.00583022 0.00807584
3 0.240322 0.639221 0.00396455 0.00667135
3 0.297924 0.635007 0.00303172 0.00526685
3 0.278568 0.633427 0.00303172 0.00421348
3 0.316931 0.631496 0.00466418 0.00807584
3 0.821479 0.628687 0.00489739 0.00667135
3 0.795243 0.626404 0.00373134 0.00702247
3 0.808069 0.626229 0.00466418 0.0073736
3 0.800373 0.616222 0.00373134 0.00632022
3 0.766791 0.587781 0.00373134 0.00561798
3 0.763293 0.576369 0.00466418 0.0073736
3 0.145872 0.565309 0.00349813 0.00561798
3 0.310168 0.556882 0.00326493 0.00491573
3 0.186917 0.549333 0.00209888 0.00316011
3 0.307719 0.547928 0.00443097 0.00667135
3 0.232743 0.543539 0.0051306 0.00702247
3 0.507696 0.532303 0.00652985 0.00912921
3 0.219683 0.523174 0.00233209 0.00491573
3 0.140159 0.52019 0.00373134 0.0059691
3 0.800723 0.495435 0.00489739 0.00772472
3 0.535681 0.495084 0.00466418 0.00702247
3 0.802355 0.487711 0.0025653 0.00421348
3 0.218983 0.482444 0.00326493 0.00491573
3 0.252215 0.475772 0.00209888 0.00351124
3 0.255014 0.473841 0.00163246 0.00245787
3 0.219566 0.47191 0.00163246 0.00351124
3 0.541045 0.470506 0.00326493 0.00421348
3 0.3757 0.469277 0.0051306 0.00877809
3 0.230177 0.463834 0.00466418 0.00772472
3 0.14389 0.447156 0.00279851 0.00456461
3 0.214436 0.44698 0.00396455 0.00632022
3 0.568447 0.433989 0.00629664 0.0133427
3 0.235891 0.413097 0.00303172 0.0059691
3 0.248951 0.408883 0.00489739 0.00807584
3 0.107626 0.401861 0.00583022 0.00877809
3 0.686917 0.392556 0.00489739 0.00702247
3 0.165112 0.390274 0.00466418 0.00948034
3 0.110774 0.390098 0.0051306 0.00983146
3 0.513176 0.368329 0.00396455 0.00491573
3 0.417794 0.357093 0.0025653 0.00421348
3 0.471549 0.35639 0.00419776 0.00632022
3 0.370452 0.352001 0.0025653 0.00456461
3 0.363689 0.346208 0.0025653 0.00421348
3 0.368237 0.343926 0.00186567 0.00316011
3 0.370219 0.343048 0.00116604 0.00210674
3 0.371852 0.34217 0.00163246 0.00245787
3 0.426306 0.334621 0.00233209 0.00421348
3 0.379081 0.333567 0.00676306 0.00772472
3 0.736824 0.327247 0.00396455 0.00702247
3 0.41791 0.325667 0.00606343 0.00877809
3 0.421758 0.318469 0.00443097 0.00842697
3 0.30562 0.309867 0.0025653 0.00456461
3 0.271922 0.308638 0.00326493 0.00561798
3 0.394123 0.305478 0.00326493 0.00491573
3 0.386544 0.307058 0.00489739 0.00807584
3 0.266091 0.303722 0.00373134 0.00632022
3 0.27507 0.294944 0.00629664 0.0105337
3 0.399953 0.291257 0.00419776 0.00667135
3 0.136311 0.279319 0.00303172 0.00526685
3 0.427239 0.27809 0.00466418 0.00632022
3 0.190299 0.276159 0.00326493 0.0059691
3 0.420009 0.272647 0.00373134 0.00526685
3 0.621385 0.26106 0.00443097 0.0073736
3 0.231693 0.251404 0.00396455 0.00632022
3 0.276469 0.240344 0.0025653 0.00386236
3 0.326726 0.216643 0.00652985 0.00983146
3 0.688316 0.21243 0.00396455 0.00561798
3 0.326026 0.143434 0.00466418 0.00667135
3 0.261311 0.120611 0.00489739 0.00667135
3 0.621035 0.102704 0.00466418 0.00807584
3 0.423974 0.0977879 0.00466418 0.0073736
3 0.516441 0.0898876 0.00349813 0.00561798
3 0.561567 0.0477528 0.00466418 0.00702247
