0 0.213619 0.644136 0.00606343 0.00807584
0 0.0852379 0.54389 0.00862873 0.00772472
0 0.354594 0.436447 0.00443097 0.0133427
0 0.357743 0.42644 0.00233209 0.00667135
0 0.359258 0.469628 0.0240205 0.0972612
0 0.359258 0.415204 0.0025653 0.0073736
0 0.353428 0.401861 0.00303172 0.00667135
0 0.350746 0.395892 0.00373134 0.00526685
0 0.349347 0.389045 0.00279851 0.00351124
0 0.364855 0.395541 0.00629664 0.0214185
0 0.352729 0.384831 0.00209888 0.00491573
0 0.367771 0.381145 0.00373134 0.00456461
0 0.359025 0.370435 0.00163246 0.00491573
0 0.374883 0.363237 0.00303172 0.00456461
0 0.349114 0.371313 0.0125933 0.0221208
0 0.35028 0.353757 0.00139925 0.00316011
0 0.358909 0.351124 0.00932836 0.0231742
0 0.352029 0.339361 0.00209888 0.00386236
0 0.349697 0.336025 0.00209888 0.00351124
0 0.330574 0.337079 0.00396455 0.00561798
0 0.340252 0.347437 0.0139925 0.0270365
0 0.345965 0.333041 0.00209888 0.00316011
0 0.321595 0.331987 0.00233209 0.00667135
0 0.316231 0.341292 0.00606343 0.0252809
0 0.327425 0.327598 0.00233209 0.00351124
0 0.3132 0.325492 0.00466418 0.00702247
0 0.31903 0.320751 0.00373134 0.0108848
0 0.314366 0.317416 0.00233209 0.00421348
0 0.395872 0.316538 0.00303172 0.00456461
0 0.199743 0.30302 0.00303172 0.00491573
0 0.392491 0.299333 0.00186567 0.00316011
0 0.29979 0.334972 0.0188899 0.0779494
0 0.303988 0.353933 0.0025653 0.00561798
0 0.164995 0.295997 0.00489739 0.00351124
0 0.288363 0.293013 0.00209888 0.00316011
0 0.29431 0.293364 0.00279851 0.00456461
0 0.301772 0.290555 0.00186567 0.00245787
0 0.304454 0.290906 0.0025653 0.00386236
0 0.370336 0.28757 0.00186567 0.00351124
0 0.166161 0.287219 0.00349813 0.00280899
0 0.377449 0.28757 0.00396455 0.00491573
0 0.162313 0.287219 0.00466418 0.00491573
0 0.289995 0.284586 0.0025653 0.00386236
0 0.391674 0.284937 0.00349813 0.00807584
0 0.386427 0.282479 0.00373134 0.00316011
0 0.361124 0.282128 0.00209888 0.00386236
0 0.176073 0.281601 0.0051306 0.00421348
0 0.156483 0.279319 0.00326493 0.00386236
0 0.397971 0.278617 0.00209888 0.00456461
0 0.379897 0.278617 0.00233209 0.00456461
0 0.160215 0.276685 0.00419776 0.00421348
0 0.304221 0.275105 0.0025653 0.00386236
0 0.470965 0.275105 0.00209888 0.00456461
0 0.393074 0.275632 0.00396455 0.00632022
0 0.359725 0.275105 0.00209888 0.0059691
0 0.365672 0.274579 0.00419776 0.00561798
0 0.374067 0.272823 0.00186567 0.00280899
0 0.287663 0.272999 0.00489739 0.00667135
0 0.218633 0.272472 0.00489739 0.00632022
0 0.361241 0.270014 0.00186567 0.00210674
0 0.159515 0.270365 0.00233209 0.00351124
0 0.307253 0.269838 0.00349813 0.00456461
0 0.293727 0.270014 0.00676306 0.0105337
0 0.294893 0.272296 0.000699627 0.00105337
0 0.362407 0.265449 0.00186567 0.00351124
0 0.303405 0.263167 0.00652985 0.00807584
0 0.146455 0.264045 0.00652985 0.0105337
0 0.362757 0.25948 0.00163246 0.00210674
0 0.391558 0.265801 0.014459 0.0168539
0 0.296758 0.26106 0.00443097 0.0073736
0 0.3757 0.256847 0.00139925 0.00245787
0 0.210471 0.255267 0.00489739 0.00561798
0 0.31798 0.254565 0.00583022 0.00912921
0 0.371618 0.251053 0.00349813 0.00772472
0 0.209305 0.249298 0.00303172 0.00421348
0 0.476562 0.25158 0.00536381 0.0101826
0 0.335005 0.249473 0.00443097 0.00667135
0 0.151702 0.249298 0.00956157 0.00772472
0 0.203941 0.242802 0.00396455 0.00316011
0 0.386194 0.250351 0.0116604 0.0196629
0 0.389809 0.254916 0.000699627 0.00140449
0 0.329641 0.238237 0.0151586 0.0136938
0 0.324627 0.232093 0.00419776 0.00351124
0 0.349347 0.235077 0.00746269 0.0108848
0 0.304338 0.235253 0.00559701 0.0147472
0 0.192631 0.230513 0.00419776 0.0059691
0 0.360541 0.241749 0.0149254 0.0291433
0 0.357743 0.228406 0.00419776 0.00526685
0 0.379198 0.236306 0.0130597 0.0252809
0 0.371152 0.224719 0.00163246 0.00280899
0 0.348647 0.224017 0.00373134 0.00421348
0 0.334188 0.225421 0.00466418 0.00772472
0 0.360308 0.22191 0.00466418 0.00632022
0 0.377682 0.220154 0.00629664 0.00702247
0 0.366371 0.22033 0.00652985 0.00948034
0 0.354128 0.219979 0.00489739 0.00948034
0 0.37535 0.213659 0.0025653 0.00386236
0 0.350396 0.213834 0.00303172 0.00491573
0 0.3743 0.206636 0.00233209 0.00316011
0 0.377565 0.205934 0.00279851 0.00456461
0 0.352495 0.201369 0.00956157 0.0158006
0 0.467351 0.184515 0.00233209 0.00667135
0 0.218633 0.0846208 0.00349813 0.00491573
0 0.218284 0.0735604 0.00373134 0.00526685
0 0.22493 0.0637289 0.00303172 0.00316011
0 0.659748 0.0619733 0.00932836 0.00667135
0 0.210938 0.0389747 0.00489739 0.00632022
0 0.659515 0.0387992 0.0079291 0.00877809
1 0.245919 0.581285 0.010028 0.0165028
1 0.179221 0.451545 0.0114272 0.0189607
1 0.452892 0.311973 0.0079291 0.0115871
1 0.349697 0.307233 0.010028 0.00842697
1 0.335704 0.29986 0.00396455 0.00983146
1 0.342934 0.298104 0.00536381 0.0119382
1 0.204524 0.193645 0.00932836 0.00877809
1 0.491954 0.16889 0.0277519 0.0435393
1 0.366838 0.12342 0.00606343 0.00667135
1 0.459422 0.0923455 0.0186567 0.0203652
1 0.683769 0.0849719 0.0195896 0.0358146
1 0.386311 0.0603933 0.00816231 0.00912921
3 0.23764 0.941713 0.00279851 0.00421348
3 0.244986 0.941362 0.0025653 0.00421348
3 0.204757 0.754038 0.00233209 0.00386236
3 0.198577 0.745435 0.00629664 0.00772472
3 0.141441 0.704705 0.0025653 0.00491573
3 0.19438 0.607795 0.00303172 0.00561798
3 0.134095 0.607444 0.00373134 0.00632022
3 0.241138 0.515801 0.00652985 0.00912921
3 0.161847 0.511587 0.00373134 0.00772472
3 0.174207 0.472788 0.00606343 0.00807584
3 0.195662 0.470681 0.00466418 0.00667135
3 0.181087 0.469452 0.00489739 0.00702247
3 0.227029 0.457865 0.00396455 0.00561798
3 0.257346 0.451545 0.00629664 0.00632022
3 0.28778 0.42802 0.00373134 0.00491573
3 0.297108 0.400632 0.00373134 0.00702247
3 0.0930504 0.353406 0.00466418 0.0059691
3 0.13806 0.344628 0.00606343 0.0059691
3 0.336754 0.311096 0.00233209 0.00351124
3 0.180271 0.292486 0.00233209 0.00351124
3 0.33792 0.291608 0.00233209 0.00386236
3 0.326726 0.282128 0.00419776 0.0073736
3 0.333955 0.274052 0.00186567 0.00316011
3 0.185634 0.252809 0.00373134 0.00561798
3 0.76819 0.236131 0.00932836 0.0158006
3 0.545709 0.204178 0.00279851 0.00526685
3 0.23076 0.180126 0.00489739 0.00632022
3 0.223881 0.169417 0.00373134 0.00456461
3 0.205924 0.171699 0.00746269 0.00983146
3 0.550023 0.169944 0.00443097 0.00702247
3 0.398321 0.163624 0.00186567 0.00280899
3 0.769939 0.131847 0.00443097 0.00667135
3 0.391908 0.0431882 0.00536381 0.00772472
3 0.486474 0.0244031 0.00279851 0.00386236
3 0.485774 0.0182584 0.00326493 0.00351124
