0 0.2816 0.953827 0.00396455 0.00667135
0 0.331273 0.885709 0.00303172 0.0059691
0 0.308769 0.872893 0.00233209 0.00842697
0 0.326609 0.868504 0.00209888 0.00526685
0 0.435751 0.868153 0.00209888 0.00667135
0 0.323811 0.869031 0.00303172 0.00912921
0 0.367654 0.864642 0.00349813 0.00456461
0 0.303871 0.865871 0.00466418 0.00842697
0 0.434935 0.861131 0.00326493 0.00386236
0 0.448694 0.858322 0.00233209 0.00316011
0 0.410331 0.852177 0.00303172 0.00491573
0 0.404734 0.846735 0.00349813 0.00456461
0 0.309701 0.841292 0.00233209 0.00351124
0 0.396572 0.840063 0.00163246 0.00316011
0 0.303172 0.828125 0.00186567 0.00316011
0 0.319496 0.790906 0.00279851 0.00456461
0 0.408116 0.724544 0.00139925 0.00456461
0 0.379548 0.716994 0.0025653 0.00772472
0 0.41826 0.677493 0.00163246 0.00245787
0 0.376283 0.678371 0.00816231 0.00772472
0 0.389809 0.672402 0.00163246 0.00351124
0 0.413479 0.670295 0.00186567 0.00351124
0 0.415928 0.668364 0.00163246 0.00316011
0 0.375 0.66889 0.00279851 0.00421348
0 0.390858 0.667135 0.00139925 0.00421348
0 0.414995 0.664677 0.00163246 0.00280899
0 0.419076 0.665028 0.00233209 0.00421348
0 0.355061 0.662746 0.00116604 0.00175562
0 0.374417 0.663272 0.00209888 0.00421348
0 0.393657 0.66257 0.00186567 0.00421348
0 0.379664 0.662044 0.00186567 0.00316011
0 0.390975 0.660288 0.00163246 0.00175562
0 0.418144 0.65941 0.00326493 0.00421348
0 0.38153 0.658708 0.00233209 0.00351124
0 0.388876 0.657128 0.00303172 0.00526685
0 0.371035 0.655899 0.00233209 0.00351124
0 0.358559 0.656952 0.00349813 0.00632022
0 0.384212 0.65309 0.00396455 0.00491573
0 0.354128 0.650105 0.00209888 0.00386236
0 0.359492 0.649228 0.00209888 0.00491573
0 0.364272 0.64677 0.00139925 0.00351124
0 0.375583 0.646419 0.00163246 0.00351124
0 0.38806 0.645716 0.00326493 0.00421348
0 0.472481 0.64519 0.00279851 0.00386236
0 0.445079 0.644487 0.00209888 0.00456461
0 0.381063 0.639221 0.00186567 0.00386236
0 0.516208 0.636236 0.0025653 0.00351124
0 0.490089 0.63606 0.00163246 0.00386236
0 0.409748 0.637114 0.00606343 0.0108848
0 0.342351 0.635007 0.00419776 0.00667135
0 0.495686 0.632198 0.00536381 0.00526685
0 0.372785 0.643785 0.0230877 0.0319522
0 0.386894 0.629389 0.00233209 0.00386236
0 0.346898 0.625527 0.0025653 0.00316011
0 0.36847 0.606917 0.00139925 0.00316011
0 0.3125 0.565485 0.000932836 0.00175562
0 0.361357 0.56092 0.00163246 0.00245787
0 0.320662 0.56092 0.000932836 0.00245787
0 0.273671 0.556004 0.00163246 0.00316011
0 0.308302 0.518083 0.00233209 0.00386236
0 0.322994 0.415028 0.00186567 0.00210674
0 0.295592 0.406601 0.00163246 0.00210674
0 0.31833 0.361482 0.00279851 0.00386236
0 0.319613 0.353055 0.0025653 0.00316011
0 0.29396 0.291608 0.00349813 0.00456461
0 0.708022 0.279143 0.00466418 0.00842697
0 0.448577 0.279143 0.0076959 0.0140449
0 0.29326 0.271594 0.00349813 0.0059691
0 0.690532 0.270365 0.00559701 0.00842697
0 0.626866 0.257725 0.00419776 0.00632022
0 0.627449 0.251053 0.00303172 0.00351124
0 0.609025 0.224017 0.00209888 0.00351124
0 0.616954 0.213834 0.00349813 0.00491573
0 0.186101 0.135183 0.00279851 0.00702247
1 0.654967 0.984902 0.0282183 0.0294944
1 0.523787 0.838308 0.0139925 0.0214185
1 0.581273 0.794593 0.0104944 0.011236
1 0.366721 0.398876 0.0165578 0.0126404
1 0.646105 0.220506 0.0128265 0.0168539
2 0.820429 0.630267 0.0237873 0.0330056
2 0.741371 0.258251 0.0233209 0.0565309
3 0.239156 0.964185 0.0025653 0.00421348
3 0.246852 0.906074 0.00489739 0.0073736
3 0.321595 0.807233 0.00186567 0.00351124
3 0.382696 0.794242 0.00559701 0.00842697
3 0.344916 0.788975 0.00279851 0.00421348
3 0.329641 0.781426 0.0076959 0.0122893
3 0.63188 0.701018 0.00536381 0.00667135
3 0.488806 0.699263 0.00326493 0.00526685
3 0.594799 0.689782 0.0025653 0.00456461
3 0.516325 0.66415 0.00186567 0.00316011
3 0.507346 0.629389 0.00303172 0.00526685
3 0.310984 0.589361 0.00349813 0.0059691
3 0.353778 0.582163 0.00373134 0.00632022
3 0.339669 0.581636 0.00676306 0.0101826
3 0.336987 0.576896 0.00279851 0.00351124
3 0.410215 0.574965 0.00373134 0.00526685
3 0.345849 0.573034 0.00279851 0.00421348
3 0.276586 0.456461 0.00326493 0.00491573
3 0.333139 0.433111 0.00349813 0.00526685
3 0.507579 0.427142 0.00489739 0.00807584
3 0.336171 0.423631 0.00536381 0.0073736
3 0.373834 0.407303 0.00373134 0.00561798
3 0.376399 0.390449 0.00326493 0.00561798
3 0.370336 0.387289 0.00326493 0.00491573
3 0.397621 0.383251 0.00419776 0.0059691
3 0.372435 0.376756 0.00326493 0.00491573
3 0.734375 0.363588 0.00606343 0.00877809
3 0.290229 0.336025 0.0025653 0.00421348
3 0.26784 0.330758 0.0025653 0.00421348
3 0.661964 0.27177 0.00489739 0.00702247
3 0.428755 0.258251 0.00536381 0.00807584
3 0.651469 0.205758 0.00303172 0.00421348
3 0.608909 0.150632 0.00373134 0.00772472
3 0.555737 0.119558 0.0079291 0.0122893
