0 0.790695 0.699614 0.00489739 0.0059691
0 0.792444 0.688729 0.00419776 0.00877809
0 0.815182 0.682935 0.00396455 0.00702247
0 0.390625 0.414677 0.0079291 0.0140449
0 0.367537 0.407303 0.00373134 0.00561798
0 0.404967 0.401334 0.00349813 0.00561798
0 0.398204 0.397472 0.00209888 0.00351124
0 0.389925 0.399052 0.00419776 0.00667135
0 0.358442 0.394838 0.00233209 0.00386236
0 0.411147 0.394136 0.00279851 0.00386236
0 0.397738 0.385358 0.00396455 0.00526685
0 0.376049 0.37974 0.00303172 0.0059691
0 0.397155 0.372367 0.00373134 0.00316011
0 0.41861 0.367978 0.00279851 0.00421348
0 0.366721 0.366046 0.00209888 0.00245787
0 0.404967 0.364993 0.00443097 0.0059691
0 0.429221 0.359551 0.00209888 0.00561798
0 0.359492 0.37342 0.0114272 0.034059
0 0.404151 0.355337 0.00373134 0.00351124
0 0.364156 0.354459 0.00349813 0.00526685
0 0.383512 0.352704 0.00209888 0.00316011
0 0.365322 0.349895 0.00163246 0.00316011
0 0.384911 0.348139 0.00163246 0.00245787
0 0.409165 0.346383 0.00303172 0.00245787
0 0.421175 0.346559 0.00326493 0.00491573
0 0.417677 0.343399 0.00373134 0.00421348
0 0.363806 0.34217 0.00419776 0.0073736
0 0.393074 0.340239 0.0025653 0.00561798
0 0.377215 0.346559 0.0170243 0.0217697
0 0.430387 0.337781 0.00489739 0.00491573
0 0.417677 0.336903 0.0079291 0.00807584
0 0.418493 0.337605 0.000699627 0.00105337
0 0.418727 0.336903 0.000699627 0.00105337
0 0.409282 0.333743 0.00466418 0.00526685
0 0.420709 0.331636 0.00419776 0.0059691
0 0.364039 0.328301 0.00279851 0.00421348
0 0.42444 0.32356 0.00233209 0.00386236
0 0.414179 0.32356 0.00373134 0.00526685
0 0.40625 0.315309 0.00279851 0.00421348
0 0.420009 0.315836 0.0079291 0.0108848
0 0.426306 0.313027 0.00652985 0.00948034
0 0.435751 0.299333 0.0025653 0.00386236
0 0.434352 0.305829 0.0076959 0.0168539
0 0.418493 0.297928 0.00303172 0.00245787
0 0.38736 0.293539 0.0149254 0.0154494
0 0.432369 0.29073 0.00466418 0.0126404
0 0.360774 0.271067 0.00466418 0.0105337
0 0.342934 0.268785 0.00676306 0.00948034
0 0.366488 0.264923 0.00536381 0.00807584
0 0.429454 0.265274 0.00583022 0.0108848
0 0.345732 0.259305 0.00303172 0.0122893
0 0.359608 0.255969 0.0079291 0.0161517
0 0.396572 0.143434 0.00303172 0.00456461
1 0.702892 0.949263 0.0116604 0.0186096
1 0.567747 0.914677 0.0571362 0.0449438
1 0.402169 0.853933 0.00816231 0.00561798
1 0.328008 0.864466 0.0422108 0.0337079
1 0.633979 0.811973 0.00816231 0.0122893
1 0.456623 0.795646 0.0163246 0.00702247
1 0.195196 0.781952 0.0051306 0.00983146
1 0.240905 0.775456 0.00559701 0.0059691
1 0.166395 0.766503 0.0184235 0.0421348
1 0.139109 0.716468 0.015625 0.0305478
1 0.583256 0.582338 0.0135261 0.0115871
1 0.139692 0.383427 0.00466418 0.0105337
1 0.350396 0.328476 0.00909515 0.0150983
1 0.332556 0.327949 0.0158582 0.0182584
1 0.329757 0.30618 0.00839552 0.0147472
1 0.347248 0.306531 0.00886194 0.0182584
1 0.400187 0.261587 0.00886194 0.00632022
1 0.208256 0.260534 0.0107276 0.0217697
1 0.381763 0.257725 0.0219216 0.0294944
1 0.471549 0.244382 0.0555037 0.0344101
1 0.461521 0.236131 0.000932836 0.00105337
1 0.426656 0.226475 0.0244869 0.0140449
1 0.380947 0.215414 0.0314832 0.0403792
1 0.253731 0.174333 0.0135261 0.0179073
1 0.272854 0.135885 0.00699627 0.0119382
1 0.670592 0.0614466 0.00536381 0.0175562
2 0.542211 0.963308 0.016791 0.0291433
2 0.712104 0.922051 0.030084 0.0407303
2 0.742304 0.856039 0.0149254 0.0266854
2 0.184701 0.769136 0.0191231 0.034059
2 0.78125 0.788799 0.0485075 0.0754916
2 0.750583 0.739642 0.0207556 0.0347612
2 0.398554 0.258603 0.025653 0.0509129
2 0.291978 0.0458216 0.0373134 0.020014
2 0.55632 0.026861 0.0254198 0.0431882
3 0.191231 0.81724 0.00419776 0.00667135
3 0.15625 0.808287 0.0051306 0.00702247
3 0.477379 0.806882 0.00559701 0.00632022
3 0.210704 0.775105 0.00396455 0.00526685
3 0.244986 0.766327 0.00443097 0.00667135
3 0.73694 0.750527 0.00373134 0.0059691
3 0.760844 0.688378 0.00536381 0.0059691
3 0.766208 0.673455 0.00489739 0.00702247
3 0.592118 0.627985 0.00326493 0.00526685
3 0.5934 0.57514 0.00349813 0.00561798
3 0.596549 0.567767 0.00326493 0.00561798
3 0.11917 0.466994 0.00279851 0.00421348
3 0.611124 0.41257 0.00396455 0.00632022
3 0.124417 0.361657 0.00303172 0.00491573
3 0.180737 0.35639 0.00606343 0.0105337
3 0.39389 0.308813 0.00373134 0.00526685
3 0.415345 0.283708 0.00559701 0.00702247
3 0.20674 0.284586 0.00396455 0.00877809
3 0.222481 0.279319 0.00419776 0.00526685
3 0.322645 0.252458 0.00396455 0.00561798
3 0.216185 0.230337 0.00326493 0.00561798
3 0.279384 0.212254 0.00279851 0.00456461
3 0.250233 0.187676 0.00419776 0.0059691
