0 0.533582 0.922577 0.00233209 0.00456461
0 0.533699 0.913975 0.00349813 0.00491573
0 0.385961 0.912219 0.00279851 0.00491573
0 0.390858 0.897472 0.00233209 0.00280899
0 0.373834 0.896594 0.00186567 0.00456461
0 0.365672 0.89361 0.00373134 0.00632022
0 0.394123 0.889923 0.00279851 0.00175562
0 0.357976 0.887114 0.0051306 0.00456461
0 0.462803 0.879916 0.00396455 0.00491573
0 0.451143 0.878336 0.00489739 0.0059691
0 0.548158 0.879389 0.0076959 0.0101826
0 0.519706 0.876931 0.00303172 0.00526685
0 0.42584 0.869382 0.00186567 0.00351124
0 0.38666 0.869206 0.0051306 0.00386236
0 0.395056 0.872015 0.00373134 0.0136938
0 0.527519 0.866573 0.00559701 0.00842697
0 0.543377 0.863764 0.00326493 0.00561798
0 0.424324 0.862886 0.00349813 0.00456461
0 0.428288 0.857971 0.00209888 0.00316011
0 0.52542 0.858146 0.00559701 0.00632022
0 0.433535 0.854108 0.00186567 0.00316011
0 0.420243 0.85323 0.00419776 0.00561798
0 0.428405 0.849719 0.00186567 0.00351124
0 0.452659 0.849544 0.00652985 0.00877809
0 0.431437 0.844101 0.00233209 0.00842697
0 0.440065 0.837956 0.00326493 0.00667135
0 0.445896 0.841643 0.0079291 0.0210674
0 0.445546 0.840063 0.000699627 0.00105337
0 0.4375 0.832865 0.00186567 0.00351124
0 0.420592 0.830583 0.00209888 0.00245787
0 0.412663 0.818469 0.00303172 0.00280899
0 0.421758 0.811798 0.00489739 0.0105337
0 0.412663 0.800913 0.00536381 0.00983146
0 0.322528 0.77177 0.00233209 0.00561798
0 0.284165 0.728757 0.0123601 0.0158006
0 0.282299 0.732971 0.000699627 0.00105337
0 0.283465 0.731917 0.000699627 0.00105337
0 0.372551 0.723315 0.00536381 0.00772472
0 0.29396 0.720154 0.00303172 0.00351124
0 0.280084 0.721735 0.0195896 0.025632
0 0.371502 0.70927 0.00326493 0.00421348
0 0.35028 0.704881 0.00186567 0.00386236
0 0.347365 0.703827 0.00349813 0.00526685
0 0.29396 0.704881 0.00956157 0.0115871
0 0.360658 0.69856 0.00349813 0.00526685
0 0.340602 0.688729 0.00583022 0.00667135
0 0.413829 0.685218 0.0160914 0.0122893
0 0.26784 0.606215 0.00163246 0.00316011
0 0.273204 0.605337 0.00676306 0.00772472
0 0.260145 0.594101 0.00209888 0.00351124
0 0.198811 0.59533 0.00349813 0.0059691
0 0.268773 0.592521 0.0025653 0.00316011
0 0.262943 0.591292 0.00303172 0.00280899
0 0.185285 0.590239 0.00209888 0.00351124
0 0.193097 0.588483 0.00233209 0.00351124
0 0.199394 0.588659 0.00419776 0.0059691
0 0.223881 0.586728 0.00233209 0.00351124
0 0.184352 0.586201 0.0025653 0.00386236
0 0.218517 0.586552 0.00326493 0.0059691
0 0.240555 0.586552 0.00629664 0.0073736
0 0.248717 0.583041 0.0025653 0.00316011
0 0.209422 0.585674 0.00886194 0.00912921
0 0.232743 0.577072 0.00233209 0.00526685
0 0.195429 0.571103 0.00186567 0.00245787
0 0.226679 0.577072 0.00979478 0.0214185
0 0.212453 0.56724 0.00606343 0.0059691
0 0.199743 0.570225 0.00396455 0.0119382
0 0.220033 0.566362 0.0109608 0.011236
0 0.522038 0.562149 0.0025653 0.00421348
0 0.446595 0.562149 0.00233209 0.00421348
0 0.206623 0.565836 0.00746269 0.0150983
0 0.202775 0.559691 0.00536381 0.00491573
0 0.4375 0.559691 0.00233209 0.00561798
0 0.192281 0.557584 0.00396455 0.00351124
0 0.206856 0.555653 0.00139925 0.00245787
0 0.437034 0.555302 0.00186567 0.00245787
0 0.429688 0.555478 0.00303172 0.00351124
0 0.212337 0.555829 0.00722948 0.00561798
0 0.416161 0.552844 0.00303172 0.00456461
0 0.424324 0.552317 0.0025653 0.00421348
0 0.410331 0.551966 0.00303172 0.00351124
0 0.448344 0.54986 0.00163246 0.00210674
0 0.44368 0.552844 0.00722948 0.00807584
0 0.191348 0.550562 0.00536381 0.00632022
0 0.234841 0.551791 0.00419776 0.0115871
0 0.198577 0.548631 0.00676306 0.0101826
0 0.196479 0.547928 0.000699627 0.00105337
0 0.371735 0.544417 0.00326493 0.00245787
0 0.448461 0.54389 0.00186567 0.00280899
0 0.425956 0.544593 0.00303172 0.00561798
0 0.382696 0.545646 0.0163246 0.00842697
0 0.392724 0.54073 0.00233209 0.00351124
0 0.365555 0.541784 0.0076959 0.00702247
0 0.408815 0.542837 0.00886194 0.0105337
0 0.411031 0.541608 0.000699627 0.00105337
0 0.179104 0.538624 0.00186567 0.00351124
0 0.303638 0.538097 0.00139925 0.00316011
0 0.398321 0.543013 0.00839552 0.0136938
0 0.390975 0.537219 0.00209888 0.00210674
0 0.418144 0.541081 0.00886194 0.0154494
0 0.197062 0.533883 0.00139925 0.00316011
0 0.430387 0.53283 0.0025653 0.00386236
0 0.426189 0.533883 0.00536381 0.00667135
0 0.359258 0.530372 0.00303172 0.00386236
0 0.404618 0.53283 0.0125933 0.00948034
0 0.406483 0.527388 0.00466418 0.00491573
0 0.424674 0.525632 0.00186567 0.00280899
0 0.355061 0.521945 0.00163246 0.00245787
0 0.432603 0.521594 0.00326493 0.00456461
0 0.427589 0.522121 0.00303172 0.00561798
0 0.418493 0.520716 0.00209888 0.00280899
0 0.42479 0.520014 0.0025653 0.00351124
0 0.420592 0.516503 0.0025653 0.00561798
0 0.147854 0.515449 0.00326493 0.00351124
0 0.410098 0.512992 0.0076959 0.00421348
0 0.171642 0.507198 0.00326493 0.00386236
0 0.134445 0.507022 0.00349813 0.00421348
0 0.249184 0.505969 0.00209888 0.00280899
0 0.222015 0.504389 0.00279851 0.00316011
0 0.166278 0.504213 0.00186567 0.00351124
0 0.428405 0.516152 0.0391791 0.0287921
0 0.439715 0.525632 0.00349813 0.00280899
0 0.416395 0.497015 0.00116604 0.00175562
0 0.166161 0.498244 0.00489739 0.00421348
0 0.217817 0.498947 0.00373134 0.00632022
0 0.233092 0.517205 0.0221549 0.0456461
0 0.23216 0.500527 0.000699627 0.00105337
0 0.420476 0.498596 0.0079291 0.00912921
0 0.420709 0.497367 0.000932836 0.00105337
0 0.507929 0.495962 0.00233209 0.00456461
0 0.250583 0.493329 0.00163246 0.00210674
0 0.242304 0.494733 0.00466418 0.00632022
0 0.164879 0.492451 0.00466418 0.00456461
0 0.250466 0.490695 0.00139925 0.00245787
0 0.229478 0.493329 0.00373134 0.00842697
0 0.227729 0.483673 0.0104944 0.00877809
0 0.164762 0.482093 0.00676306 0.00561798
0 0.181553 0.478757 0.00303172 0.00316011
0 0.102845 0.477528 0.00419776 0.00702247
0 0.207673 0.474719 0.00489739 0.00772472
0 0.213969 0.47349 0.00396455 0.0101826
0 0.181437 0.471208 0.00559701 0.00632022
0 0.199743 0.467872 0.00396455 0.00316011
0 0.191814 0.470154 0.00443097 0.00842697
0 0.219566 0.471559 0.00583022 0.0161517
0 0.18097 0.464712 0.00419776 0.00456461
0 0.205924 0.459972 0.00279851 0.00561798
0 0.193097 0.455232 0.00373134 0.00526685
0 0.209422 0.441187 0.00326493 0.00456461
0 0.202659 0.44066 0.00279851 0.00561798
0 0.561567 0.438904 0.00419776 0.00491573
0 0.391325 0.396594 0.00279851 0.0059691
0 0.396105 0.391503 0.00209888 0.00351124
0 0.538713 0.393961 0.0130597 0.00983146
0 0.382579 0.386763 0.00209888 0.00245787
0 0.35541 0.378511 0.00186567 0.00210674
0 0.497085 0.375 0.00349813 0.00351124
0 0.361241 0.37184 0.00139925 0.00280899
0 0.353661 0.37342 0.0025653 0.0059691
0 0.504548 0.369909 0.0025653 0.00316011
0 0.420942 0.369733 0.00186567 0.00280899
0 0.451259 0.37026 0.00559701 0.00526685
0 0.514692 0.374473 0.00699627 0.0158006
0 0.515975 0.370611 0.000699627 0.00105337
0 0.527868 0.367626 0.00303172 0.00491573
0 0.507579 0.364291 0.00396455 0.00245787
0 0.48834 0.363588 0.00326493 0.00386236
0 0.399953 0.360955 0.00233209 0.00351124
0 0.501283 0.361833 0.0137593 0.0122893
0 0.442864 0.352528 0.00373134 0.00632022
0 0.524254 0.356215 0.011194 0.0165028
0 0.52472 0.356742 0.00186567 0.00140449
0 0.51784 0.351124 0.0025653 0.00702247
0 0.511311 0.347963 0.00349813 0.00491573
0 0.498601 0.347086 0.0051306 0.00877809
0 0.456273 0.344277 0.0025653 0.00386236
0 0.432719 0.344101 0.00303172 0.00351124
0 0.515159 0.34217 0.00279851 0.00316011
0 0.471315 0.338132 0.00279851 0.00421348
0 0.429104 0.337605 0.00279851 0.00456461
0 0.452892 0.336903 0.00652985 0.00667135
0 0.469333 0.33111 0.0025653 0.00421348
0 0.304921 0.330056 0.00396455 0.00421348
0 0.53673 0.338308 0.0174907 0.0263343
0 0.534865 0.336728 0.000699627 0.00140449
0 0.275653 0.317942 0.00559701 0.00526685
0 0.271339 0.313202 0.00489739 0.00351124
0 0.42549 0.312324 0.00396455 0.00667135
0 0.275886 0.310569 0.00279851 0.00386236
0 0.285798 0.304249 0.00349813 0.00386236
0 0.286147 0.296699 0.00652985 0.00842697
0 0.393424 0.288272 0.00373134 0.00351124
0 0.4059 0.285815 0.00349813 0.00491573
0 0.394473 0.283883 0.0025653 0.00316011
0 0.44298 0.255794 0.00536381 0.00526685
0 0.414179 0.255618 0.00419776 0.00561798
0 0.455107 0.252809 0.010028 0.00842697
0 0.439482 0.248771 0.00583022 0.00386236
0 0.427122 0.253862 0.0179571 0.0147472
0 0.417677 0.246313 0.00279851 0.00456461
0 0.450443 0.246489 0.00583022 0.00983146
0 0.377682 0.24052 0.00629664 0.00912921
0 0.451726 0.236657 0.0051306 0.00491573
0 0.463386 0.237535 0.00839552 0.00877809
0 0.423974 0.234199 0.00186567 0.00280899
0 0.345499 0.231917 0.00396455 0.00667135
0 0.459072 0.230864 0.00349813 0.00526685
0 0.414762 0.233497 0.00909515 0.011236
0 0.46222 0.227704 0.00279851 0.00245787
0 0.438316 0.225772 0.00209888 0.00421348
0 0.473064 0.224017 0.00349813 0.00351124
0 0.42444 0.222963 0.00279851 0.00421348
0 0.414179 0.221383 0.00373134 0.0073736
0 0.425606 0.216468 0.00279851 0.00316011
0 0.449394 0.220154 0.0116604 0.0161517
0 0.440648 0.213834 0.0025653 0.00421348
0 0.395056 0.211376 0.00419776 0.00421348
0 0.498018 0.211552 0.00303172 0.00526685
0 0.443797 0.208216 0.00466418 0.00561798
0 0.468517 0.208919 0.00839552 0.00772472
0 0.484492 0.205934 0.00536381 0.00316011
0 0.478778 0.208041 0.0102612 0.0115871
0 0.329641 0.127282 0.00583022 0.00877809
0 0.454524 0.0711025 0.0125933 0.0108848
0 0.464552 0.0481039 0.016791 0.00983146
1 0.423274 0.97507 0.0219216 0.0161517
1 0.375 0.942591 0.0130597 0.020014
1 0.38666 0.934515 0.0079291 0.00877809
1 0.58687 0.932233 0.0160914 0.0126404
1 0.226329 0.923455 0.00862873 0.00983146
1 0.298507 0.918364 0.00886194 0.0073736
1 0.540695 0.8829 0.0104944 0.0143961
1 0.209188 0.877107 0.00652985 0.0126404
1 0.448461 0.821629 0.0051306 0.00702247
1 0.43202 0.81724 0.00676306 0.0073736
1 0.354944 0.794242 0.00886194 0.0119382
1 0.215485 0.779143 0.00606343 0.00912921
1 0.14937 0.738588 0.00629664 0.0165028
1 0.302355 0.728757 0.0109608 0.0143961
1 0.245569 0.667837 0.0139925 0.0126404
1 0.178638 0.683989 0.0335821 0.0603933
1 0.306903 0.66889 0.0429104 0.0323034
1 0.103661 0.647647 0.0216884 0.042486
1 0.0853545 0.630969 0.0191231 0.0449438
1 0.16826 0.602177 0.00583022 0.00842697
1 0.177006 0.575316 0.00652985 0.0150983
1 0.107393 0.553897 0.00676306 0.0073736
1 0.34375 0.553371 0.0051306 0.011236
1 0.183535 0.547402 0.00746269 0.00912921
1 0.25 0.545295 0.00652985 0.0154494
1 0.381646 0.538975 0.00583022 0.00351124
1 0.118587 0.517556 0.021222 0.0252809
1 0.105993 0.500702 0.00862873 0.0133427
1 0.0915345 0.484551 0.0137593 0.0280899
1 0.339319 0.358497 0.00559701 0.0126404
1 0.193797 0.194347 0.0233209 0.0333567
1 0.417211 0.154494 0.00746269 0.00983146
1 0.603078 0.0574087 0.0559701 0.0438904
1 0.577542 0.0286166 0.00862873 0.0108848
3 0.626632 0.972437 0.00419776 0.00667135
3 0.653568 0.969277 0.00396455 0.0059691
3 0.213619 0.944347 0.00326493 0.00526685
3 0.70604 0.932233 0.00583022 0.00632022
3 0.367654 0.917837 0.00536381 0.00702247
3 0.551073 0.915204 0.00373134 0.00526685
3 0.361241 0.914326 0.00326493 0.00421348
3 0.181786 0.887992 0.00349813 0.00561798
3 0.409865 0.882549 0.00303172 0.00456461
3 0.380714 0.876053 0.00349813 0.00561798
3 0.403568 0.875878 0.00536381 0.0073736
3 0.372318 0.873947 0.00303172 0.00491573
3 0.189249 0.872718 0.00349813 0.00526685
3 0.422924 0.871664 0.0025653 0.00386236
3 0.181087 0.870962 0.00349813 0.00526685
3 0.432486 0.826369 0.0025653 0.00386236
3 0.409282 0.826369 0.00279851 0.00456461
3 0.238456 0.814782 0.00396455 0.0059691
3 0.243354 0.808989 0.00583022 0.00772472
3 0.252332 0.806706 0.00326493 0.00526685
3 0.194846 0.795822 0.0025653 0.00386236
3 0.393657 0.794417 0.00326493 0.00526685
3 0.403801 0.793715 0.0025653 0.00456461
3 0.1559 0.791433 0.00209888 0.00351124
3 0.398671 0.789501 0.00349813 0.0059691
3 0.38701 0.778792 0.00349813 0.00561798
3 0.14354 0.777388 0.00209888 0.00351124
3 0.1257 0.766854 0.00326493 0.00491573
3 0.322295 0.76264 0.00233209 0.00351124
3 0.133745 0.762816 0.00209888 0.00386236
3 0.415229 0.763694 0.00583022 0.00772472
3 0.493237 0.760534 0.00186567 0.00421348
3 0.326959 0.75 0.00373134 0.00561798
3 0.16278 0.733497 0.00606343 0.00772472
3 0.106227 0.698209 0.00209888 0.00386236
3 0.660448 0.680478 0.00233209 0.00351124
3 0.263643 0.671524 0.00443097 0.00526685
3 0.135961 0.649579 0.0051306 0.00842697
3 0.340019 0.605513 0.00699627 0.00948034
3 0.452425 0.606566 0.00699627 0.0122893
3 0.527868 0.586025 0.00303172 0.00421348
3 0.579874 0.577247 0.0025653 0.00351124
3 0.140392 0.57198 0.00559701 0.00842697
3 0.0819729 0.570927 0.00816231 0.0119382
3 0.672341 0.566362 0.00279851 0.00421348
3 0.298041 0.566362 0.0079291 0.0119382
3 0.509678 0.562149 0.00303172 0.00491573
3 0.32486 0.562676 0.00279851 0.00667135
3 0.282649 0.54986 0.00186567 0.00280899
3 0.131763 0.550211 0.00326493 0.00491573
3 0.412663 0.545997 0.00209888 0.00351124
3 0.302239 0.546699 0.00419776 0.00772472
3 0.348181 0.540906 0.00186567 0.00316011
3 0.183535 0.535815 0.00419776 0.00772472
3 0.0920009 0.534761 0.00349813 0.00632022
3 0.346082 0.53283 0.00279851 0.00386236
3 0.342118 0.528441 0.00419776 0.00632022
3 0.274837 0.525983 0.0025653 0.00491573
3 0.346549 0.522823 0.00373134 0.00632022
3 0.37535 0.517907 0.00163246 0.00280899
3 0.276936 0.518083 0.0025653 0.00386236
3 0.076959 0.507022 0.00233209 0.00351124
3 0.175023 0.491397 0.00209888 0.00316011
3 0.482393 0.477879 0.00303172 0.00561798
3 0.485075 0.472437 0.00279851 0.00386236
3 0.152519 0.472261 0.00559701 0.00842697
3 0.345266 0.456987 0.00443097 0.00667135
3 0.636194 0.449789 0.00373134 0.00561798
3 0.689132 0.443294 0.00326493 0.00526685
3 0.629198 0.433989 0.00186567 0.00351124
3 0.182486 0.433813 0.0025653 0.00456461
3 0.302822 0.433813 0.00349813 0.00526685
3 0.504548 0.434164 0.00536381 0.00667135
3 0.49417 0.43118 0.00186567 0.00280899
3 0.3743 0.433111 0.00652985 0.0073736
3 0.196945 0.428722 0.0025653 0.00421348
3 0.619053 0.39993 0.00349813 0.00491573
3 0.365555 0.392205 0.0025653 0.00421348
3 0.226796 0.386587 0.00303172 0.00491573
3 0.144473 0.386236 0.00303172 0.00491573
3 0.585238 0.385885 0.00396455 0.00632022
3 0.255131 0.376756 0.00326493 0.00491573
3 0.133512 0.372893 0.0025653 0.00421348
3 0.43715 0.372191 0.00209888 0.00351124
3 0.239272 0.369382 0.00326493 0.00561798
3 0.523554 0.344277 0.00419776 0.00526685
3 0.375583 0.33585 0.0025653 0.00456461
3 0.438549 0.324438 0.0025653 0.00421348
3 0.366604 0.319347 0.00279851 0.00456461
3 0.462803 0.311798 0.0025653 0.00421348
3 0.240672 0.267556 0.00466418 0.00702247
3 0.425606 0.246313 0.00233209 0.00386236
3 0.253382 0.240695 0.00349813 0.00456461
3 0.369403 0.241397 0.00466418 0.00667135
3 0.432952 0.233322 0.0025653 0.00386236
3 0.373134 0.22349 0.00233209 0.00386236
3 0.377565 0.221559 0.00233209 0.00351124
3 0.315415 0.212781 0.00349813 0.00561798
3 0.187383 0.190309 0.0025653 0.00351124
3 0.231343 0.18592 0.0116604 0.0165028
3 0.713503 0.172051 0.00816231 0.0133427
3 0.691115 0.160463 0.00583022 0.00912921
3 0.364739 0.0997191 0.00326493 0.00491573
3 0.472948 0.0751404 0.00326493 0.00491573
3 0.229594 0.042486 0.00629664 0.0105337
3 0.664529 0.0403792 0.00583022 0.00842697
