0 0.400653 0.943996 0.00139925 0.00316011
0 0.464436 0.915906 0.0025653 0.0059691
0 0.459538 0.898525 0.0025653 0.00351124
0 0.4684 0.848666 0.00349813 0.00702247
0 0.473647 0.845154 0.00652985 0.00632022
0 0.447295 0.841643 0.00279851 0.00421348
0 0.455224 0.844628 0.00979478 0.0108848
0 0.274487 0.838834 0.00233209 0.00351124
0 0.432253 0.830232 0.00303172 0.00456461
0 0.456973 0.822858 0.00443097 0.00667135
0 0.445546 0.821454 0.00536381 0.00807584
0 0.466301 0.822683 0.00396455 0.011236
0 0.48659 0.815485 0.0025653 0.00456461
0 0.435168 0.814431 0.00233209 0.00316011
0 0.460354 0.812676 0.00373134 0.00526685
0 0.45569 0.80618 0.00746269 0.00912921
0 0.48799 0.804424 0.00443097 0.00772472
0 0.483909 0.802317 0.00233209 0.00351124
0 0.478195 0.801615 0.00536381 0.00632022
0 0.428638 0.796348 0.00186567 0.00351124
0 0.231227 0.78757 0.0025653 0.00280899
0 0.46292 0.795997 0.00839552 0.0217697
0 0.228312 0.786692 0.00186567 0.00456461
0 0.26889 0.785463 0.00419776 0.00772472
0 0.484492 0.789677 0.00956157 0.0182584
0 0.471898 0.796348 0.0123601 0.0358146
0 0.258862 0.780372 0.00466418 0.00386236
0 0.221549 0.781777 0.00466418 0.00807584
0 0.458489 0.781426 0.00932836 0.0115871
0 0.189599 0.777037 0.00186567 0.00280899
0 0.253848 0.777388 0.00396455 0.00632022
0 0.232859 0.775105 0.00349813 0.00456461
0 0.199044 0.773876 0.0025653 0.00351124
0 0.21805 0.772472 0.00373134 0.00561798
0 0.258396 0.77019 0.00839552 0.00877809
0 0.236007 0.768083 0.0051306 0.00667135
0 0.485308 0.769312 0.00886194 0.00983146
0 0.243937 0.765976 0.00233209 0.00386236
0 0.472365 0.771594 0.0160914 0.0158006
0 0.207673 0.766503 0.00349813 0.00561798
0 0.473298 0.761763 0.00349813 0.0059691
0 0.465252 0.758427 0.00373134 0.00561798
0 0.205924 0.758603 0.0051306 0.0059691
0 0.213619 0.754916 0.00233209 0.00351124
0 0.40042 0.754916 0.00186567 0.00421348
0 0.203825 0.75158 0.0051306 0.00526685
0 0.454524 0.758427 0.00839552 0.0203652
0 0.255714 0.747015 0.00163246 0.00316011
0 0.211287 0.747718 0.0051306 0.00526685
0 0.210704 0.742802 0.00443097 0.00316011
0 0.445662 0.741397 0.0051306 0.0059691
0 0.492071 0.748771 0.0172575 0.022823
0 0.264226 0.736482 0.00606343 0.0101826
0 0.372551 0.72823 0.00536381 0.00702247
0 0.236124 0.727001 0.00303172 0.00526685
0 0.218284 0.723666 0.00233209 0.00421348
0 0.228428 0.726124 0.0114272 0.0133427
0 0.414879 0.72033 0.00233209 0.00316011
0 0.366488 0.721383 0.00303172 0.0059691
0 0.502799 0.719628 0.00186567 0.00316011
0 0.490089 0.719979 0.00209888 0.00456461
0 0.45604 0.720681 0.00676306 0.0059691
0 0.45056 0.718926 0.00186567 0.00526685
0 0.11159 0.721032 0.00583022 0.0101826
0 0.492421 0.715239 0.00303172 0.00280899
0 0.445896 0.716292 0.00186567 0.00491573
0 0.501166 0.715063 0.00233209 0.00316011
0 0.237407 0.718399 0.00373134 0.00983146
0 0.444846 0.712781 0.00163246 0.00210674
0 0.499883 0.709094 0.00303172 0.00456461
0 0.456507 0.707865 0.00116604 0.00210674
0 0.512826 0.708216 0.00233209 0.00351124
0 0.461287 0.711903 0.00606343 0.0115871
0 0.52542 0.70769 0.00186567 0.00526685
0 0.491604 0.709796 0.00606343 0.0101826
0 0.239972 0.706461 0.00233209 0.00351124
0 0.45534 0.703652 0.00209888 0.00421348
0 0.247785 0.703827 0.0076959 0.00667135
0 0.50548 0.702072 0.0025653 0.00386236
0 0.349813 0.703476 0.00419776 0.00807584
0 0.3757 0.701545 0.0051306 0.00983146
0 0.472715 0.706636 0.014459 0.0214185
0 0.497435 0.696103 0.00279851 0.00456461
0 0.489855 0.698912 0.00909515 0.0108848
0 0.54291 0.697858 0.00652985 0.0115871
0 0.482393 0.692065 0.00349813 0.00421348
0 0.540812 0.692416 0.00186567 0.00561798
0 0.495569 0.691889 0.00233209 0.00456461
0 0.450793 0.693996 0.00373134 0.0101826
0 0.260145 0.691889 0.00303172 0.0059691
0 0.457906 0.69066 0.00209888 0.00561798
0 0.549674 0.69382 0.00839552 0.0189607
0 0.537313 0.685042 0.00419776 0.00421348
0 0.461754 0.684867 0.00373134 0.0073736
0 0.636544 0.684515 0.00629664 0.00877809
0 0.545592 0.684691 0.00816231 0.011236
0 0.54466 0.686271 0.000699627 0.00105337
0 0.479011 0.688027 0.0107276 0.020014
0 0.45674 0.681531 0.00536381 0.00772472
0 0.529035 0.684691 0.0104944 0.0147472
0 0.458489 0.675386 0.00139925 0.00175562
0 0.364855 0.675562 0.0025653 0.00421348
0 0.473764 0.674333 0.00163246 0.00386236
0 0.527402 0.673104 0.00209888 0.00280899
0 0.608792 0.674333 0.00489739 0.0073736
0 0.373134 0.672928 0.00373134 0.00526685
0 0.240205 0.671348 0.00233209 0.00561798
0 0.594799 0.670119 0.00303172 0.00526685
0 0.468167 0.67802 0.0114272 0.0210674
0 0.436101 0.669944 0.00233209 0.00491573
0 0.489506 0.667486 0.00233209 0.00491573
0 0.301189 0.666959 0.00209888 0.00386236
0 0.591535 0.666257 0.0025653 0.0059691
0 0.498834 0.668364 0.00606343 0.0101826
0 0.455224 0.664501 0.00139925 0.00316011
0 0.627332 0.665555 0.00699627 0.00667135
0 0.622435 0.664326 0.00233209 0.00561798
0 0.277635 0.66415 0.0025653 0.0059691
0 0.618703 0.66257 0.00326493 0.00421348
0 0.573461 0.665906 0.0107276 0.0115871
0 0.647038 0.661341 0.00163246 0.00316011
0 0.459538 0.660639 0.00116604 0.00245787
0 0.583605 0.663272 0.00816231 0.0126404
0 0.242421 0.658357 0.00303172 0.00561798
0 0.511894 0.676088 0.0223881 0.0417837
0 0.265625 0.660463 0.0107276 0.0126404
0 0.622201 0.655197 0.00279851 0.00561798
0 0.226679 0.658883 0.00699627 0.0136938
0 0.558302 0.652739 0.00559701 0.00702247
0 0.583839 0.649754 0.00163246 0.00245787
0 0.257579 0.655899 0.00443097 0.0147472
0 0.581507 0.647647 0.00209888 0.00316011
0 0.48216 0.661517 0.0109608 0.0308989
0 0.481926 0.664853 0.000699627 0.00105337
0 0.291861 0.649052 0.00536381 0.0073736
0 0.395872 0.672402 0.041278 0.0561798
0 0.55014 0.646243 0.00373134 0.00667135
0 0.54326 0.657303 0.0221549 0.0301966
0 0.536031 0.651159 0.00163246 0.00386236
0 0.526936 0.647823 0.010028 0.011236
0 0.331157 0.644487 0.00373134 0.00526685
0 0.624767 0.641503 0.00326493 0.00280899
0 0.602729 0.65309 0.0179571 0.0259831
0 0.236241 0.642907 0.00699627 0.00632022
0 0.486474 0.641327 0.00326493 0.00386236
0 0.472715 0.644136 0.00699627 0.0101826
0 0.648787 0.639045 0.00186567 0.00421348
0 0.530201 0.640801 0.00862873 0.00842697
0 0.475047 0.637992 0.00326493 0.00351124
0 0.291861 0.637992 0.00209888 0.00351124
0 0.306903 0.636938 0.00233209 0.00210674
0 0.448811 0.635358 0.00209888 0.00316011
0 0.434935 0.63448 0.00326493 0.00421348
0 0.625117 0.633251 0.00209888 0.00316011
0 0.589436 0.643083 0.00676306 0.022823
0 0.466535 0.637289 0.00676306 0.011236
0 0.641558 0.631145 0.00186567 0.00386236
0 0.557836 0.637289 0.011194 0.0189607
0 0.296992 0.630267 0.00443097 0.00491573
0 0.491138 0.62816 0.00279851 0.00421348
0 0.336637 0.630442 0.00629664 0.00877809
0 0.598064 0.629389 0.00349813 0.0073736
0 0.498368 0.640274 0.0177239 0.0291433
0 0.56938 0.628862 0.00722948 0.00772472
0 0.498134 0.626404 0.00279851 0.00421348
0 0.589552 0.624824 0.00186567 0.00386236
0 0.616488 0.630794 0.0128265 0.0193118
0 0.631646 0.625176 0.00676306 0.00877809
0 0.538596 0.622367 0.0025653 0.00316011
0 0.31903 0.623771 0.0051306 0.0059691
0 0.316814 0.62184 0.00303172 0.00351124
0 0.2507 0.630969 0.00886194 0.0231742
0 0.619986 0.620084 0.00163246 0.00280899
0 0.6257 0.620787 0.00233209 0.00561798
0 0.571945 0.620611 0.0025653 0.00526685
0 0.314482 0.618504 0.00209888 0.00456461
0 0.488573 0.618504 0.00326493 0.00667135
0 0.628148 0.615695 0.00163246 0.00245787
0 0.578358 0.620962 0.0102612 0.0179073
0 0.59993 0.617275 0.010028 0.0133427
0 0.479478 0.6171 0.0125933 0.0136938
0 0.423507 0.63764 0.0345149 0.0561798
0 0.605527 0.610955 0.0025653 0.00351124
0 0.510028 0.616046 0.00839552 0.0158006
0 0.283699 0.618855 0.00909515 0.0221208
0 0.25618 0.609726 0.00396455 0.0059691
0 0.487174 0.609551 0.0051306 0.00632022
0 0.27507 0.607795 0.00443097 0.00702247
0 0.547575 0.622191 0.0163246 0.0365169
0 0.323811 0.605513 0.00209888 0.00386236
0 0.270056 0.609024 0.00419776 0.0115871
0 0.26201 0.611482 0.00862873 0.0172051
0 0.505364 0.604986 0.00279851 0.00632022
0 0.593867 0.608322 0.00396455 0.0143961
0 0.625117 0.602879 0.00303172 0.00421348
0 0.521922 0.627809 0.0317164 0.054073
0 0.330807 0.602528 0.0025653 0.00351124
0 0.598764 0.602353 0.00163246 0.00526685
0 0.546525 0.600421 0.00209888 0.00491573
0 0.416628 0.60165 0.00862873 0.00807584
0 0.496968 0.606742 0.0116604 0.0189607
0 0.593633 0.598315 0.00163246 0.00421348
0 0.635728 0.603055 0.0051306 0.0143961
0 0.629431 0.599192 0.00233209 0.00667135
0 0.575793 0.598315 0.00326493 0.00491573
0 0.566581 0.605688 0.0132929 0.0196629
0 0.521572 0.597612 0.00209888 0.00351124
0 0.525886 0.600421 0.00466418 0.00983146
0 0.506646 0.597788 0.0025653 0.00456461
0 0.588386 0.595506 0.00139925 0.00210674
0 0.559352 0.597788 0.00443097 0.00667135
0 0.511311 0.601826 0.00583022 0.0154494
0 0.0720616 0.597963 0.00419776 0.00842697
0 0.274953 0.59691 0.0051306 0.00772472
0 0.34923 0.594101 0.00209888 0.00280899
0 0.572994 0.593048 0.0051306 0.00491573
0 0.585821 0.591292 0.00139925 0.00280899
0 0.280667 0.592872 0.00443097 0.00667135
0 0.359608 0.591643 0.00233209 0.00632022
0 0.620452 0.593926 0.00722948 0.0143961
0 0.585588 0.586903 0.00139925 0.00245787
0 0.329641 0.586376 0.00209888 0.00351124
0 0.612873 0.591468 0.00932836 0.0143961
0 0.601329 0.589361 0.00489739 0.0108848
0 0.0771922 0.586552 0.00652985 0.00807584
0 0.55702 0.585147 0.00629664 0.0059691
0 0.29944 0.584094 0.00233209 0.00526685
0 0.583955 0.583919 0.00373134 0.00561798
0 0.312966 0.581987 0.00279851 0.0059691
0 0.526586 0.585323 0.0149254 0.0154494
0 0.546642 0.586201 0.00932836 0.0193118
0 0.592817 0.582865 0.0125933 0.0133427
0 0.303638 0.580934 0.00186567 0.0101826
0 0.622901 0.578125 0.00466418 0.00526685
0 0.567514 0.58269 0.00722948 0.0143961
0 0.36812 0.577247 0.00303172 0.00351124
0 0.572994 0.577247 0.00233209 0.00421348
0 0.515392 0.58111 0.0051306 0.0126404
0 0.615672 0.575667 0.00186567 0.00316011
0 0.586287 0.574438 0.00233209 0.00280899
0 0.54431 0.574614 0.00279851 0.00316011
0 0.537197 0.580934 0.00676306 0.0158006
0 0.61917 0.573912 0.00186567 0.00316011
0 0.573927 0.572331 0.00186567 0.00280899
0 0.591301 0.573736 0.00443097 0.00702247
0 0.3743 0.571629 0.00186567 0.00280899
0 0.078125 0.575492 0.0079291 0.0133427
0 0.610308 0.573736 0.00746269 0.0105337
0 0.563316 0.575843 0.00816231 0.0147472
0 0.570196 0.570576 0.00466418 0.00491573
0 0.591884 0.566362 0.00233209 0.00280899
0 0.57521 0.563202 0.00163246 0.00351124
0 0.598997 0.561622 0.0025653 0.00386236
0 0.163946 0.55934 0.00559701 0.00632022
0 0.288946 0.56566 0.0102612 0.0203652
0 0.0706623 0.562324 0.00932836 0.0207163
0 0.581273 0.557409 0.0076959 0.0129916
0 0.392024 0.550562 0.00186567 0.00561798
0 0.404035 0.548982 0.0025653 0.00316011
0 0.301073 0.547402 0.00233209 0.00351124
0 0.286031 0.546699 0.00536381 0.00702247
0 0.58069 0.546524 0.00559701 0.00948034
0 0.0796409 0.544242 0.00303172 0.00491573
0 0.279268 0.545119 0.00443097 0.00807584
0 0.567864 0.543013 0.00419776 0.0073736
0 0.161847 0.544593 0.00839552 0.0105337
0 0.332206 0.541433 0.00396455 0.00491573
0 0.267957 0.545295 0.0153918 0.0147472
0 0.0727612 0.539501 0.00233209 0.00456461
0 0.0679804 0.541257 0.00489739 0.00807584
0 0.282766 0.539326 0.00676306 0.00632022
0 0.301189 0.53441 0.0025653 0.00421348
0 0.589785 0.533357 0.00279851 0.00421348
0 0.379548 0.532128 0.0025653 0.00316011
0 0.291045 0.531601 0.00466418 0.00421348
0 0.377799 0.527037 0.00233209 0.00280899
0 0.346082 0.528792 0.00699627 0.0105337
0 0.378615 0.518434 0.00629664 0.0136938
0 0.285098 0.512992 0.00209888 0.00351124
0 0.270756 0.509831 0.00373134 0.00421348
0 0.36952 0.508427 0.00116604 0.00210674
0 0.372201 0.506145 0.00186567 0.00456461
0 0.334771 0.502458 0.00349813 0.00491573
0 0.248018 0.501404 0.0025653 0.00351124
0 0.338386 0.496313 0.00186567 0.00316011
0 0.235891 0.497015 0.00583022 0.00526685
0 0.309468 0.496489 0.00326493 0.00561798
0 0.521572 0.488413 0.00303172 0.00491573
0 0.524487 0.484024 0.00186567 0.00316011
0 0.525653 0.479459 0.00233209 0.00386236
0 0.308186 0.479284 0.0025653 0.00351124
0 0.304221 0.478757 0.00349813 0.00456461
0 0.215485 0.478581 0.00233209 0.00421348
0 0.369053 0.478757 0.00396455 0.0059691
0 0.417794 0.47665 0.00349813 0.00386236
0 0.203242 0.476475 0.00349813 0.00421348
0 0.256297 0.472963 0.00326493 0.00421348
0 0.416744 0.471208 0.00233209 0.00351124
0 0.363106 0.461025 0.0051306 0.00702247
0 0.254548 0.458392 0.00303172 0.00456461
0 0.416395 0.456636 0.00209888 0.00386236
0 0.348181 0.458919 0.0051306 0.00912921
0 0.269939 0.456461 0.0025653 0.00421348
0 0.376982 0.459445 0.00489739 0.0129916
0 0.336754 0.455056 0.00279851 0.00842697
0 0.361357 0.453827 0.00629664 0.0073736
0 0.213386 0.452598 0.00326493 0.00702247
0 0.397155 0.449438 0.00279851 0.00491573
0 0.372318 0.454529 0.00722948 0.0165028
0 0.382812 0.45927 0.00629664 0.0280899
0 0.347715 0.447156 0.0051306 0.00386236
0 0.337104 0.445225 0.00209888 0.00351124
0 0.141674 0.445751 0.00303172 0.00526685
0 0.335238 0.440836 0.00209888 0.00526685
0 0.357859 0.438553 0.00303172 0.00210674
0 0.32486 0.43908 0.00326493 0.0059691
0 0.152285 0.438027 0.0051306 0.0059691
0 0.355177 0.433287 0.00139925 0.00210674
0 0.171992 0.432409 0.0151586 0.0122893
0 0.21292 0.428195 0.00279851 0.00456461
0 0.180271 0.426615 0.00233209 0.00421348
0 0.347248 0.424508 0.00373134 0.00561798
0 0.347715 0.419417 0.000932836 0.00175562
0 0.189832 0.423455 0.00886194 0.0119382
0 0.177589 0.416081 0.0160914 0.0161517
0 0.196945 0.407128 0.0025653 0.0059691
0 0.183419 0.395716 0.00862873 0.00842697
0 0.136777 0.372542 0.00163246 0.00210674
0 0.470732 0.292662 0.00536381 0.00877809
0 0.456507 0.256496 0.00163246 0.00245787
0 0.114622 0.244031 0.00396455 0.00561798
0 0.371035 0.182233 0.00326493 0.00491573
0 0.415578 0.149754 0.00186567 0.00526685
0 0.24452 0.140449 0.00396455 0.00702247
0 0.488223 0.0351124 0.00396455 0.00702247
1 0.459538 0.949789 0.00583022 0.0105337
1 0.177822 0.850597 0.00629664 0.00948034
1 0.58139 0.840239 0.00559701 0.011236
1 0.161264 0.823385 0.0249534 0.0449438
1 0.548274 0.796524 0.00979478 0.0129916
1 0.567631 0.787746 0.0223881 0.022823
1 0.552239 0.706812 0.0130597 0.0280899
1 0.16896 0.652212 0.0109608 0.0165028
1 0.147854 0.568294 0.0125933 0.0221208
1 0.51166 0.541433 0.00606343 0.00772472
1 0.521105 0.36868 0.00583022 0.00772472
1 0.659865 0.268258 0.0170243 0.0294944
1 0.559701 0.207338 0.00979478 0.0122893
1 0.397038 0.148876 0.0165578 0.0161517
1 0.204874 0.131847 0.00909515 0.0158006
1 0.562617 0.0165028 0.010028 0.0175562
3 0.464785 0.939431 0.0051306 0.0073736
3 0.48146 0.938729 0.00489739 0.0073736
3 0.44986 0.91889 0.00373134 0.00421348
3 0.507346 0.876053 0.00349813 0.00491573
3 0.208489 0.873596 0.00652985 0.00983146
3 0.164529 0.857971 0.00629664 0.0101826
3 0.546758 0.852528 0.00303172 0.00491573
3 0.542094 0.846559 0.00303172 0.00561798
3 0.569613 0.845681 0.00303172 0.00456461
3 0.565065 0.84217 0.00419776 0.00456461
3 0.213619 0.828125 0.00326493 0.0059691
3 0.207789 0.820751 0.00279851 0.00456461
3 0.200793 0.81724 0.00326493 0.0059691
3 0.558769 0.773876 0.00326493 0.00561798
3 0.133162 0.747191 0.00326493 0.00561798
3 0.211987 0.696278 0.00559701 0.011236
3 0.112873 0.632022 0.00279851 0.00491573
3 0.615672 0.591292 0.00233209 0.00280899
3 0.395989 0.574263 0.00419776 0.0073736
3 0.197178 0.543013 0.00349813 0.00456461
3 0.641674 0.525105 0.00722948 0.0073736
3 0.19403 0.524403 0.00419776 0.00667135
3 0.233209 0.512992 0.00606343 0.00772472
3 0.222948 0.508954 0.00466418 0.00667135
3 0.122785 0.502809 0.00443097 0.00702247
3 0.237523 0.501931 0.00489739 0.00807584
3 0.478895 0.340765 0.00489739 0.00667135
3 0.184468 0.329529 0.00326493 0.00526685
3 0.446245 0.310042 0.00722948 0.0119382
3 0.401936 0.306004 0.00583022 0.00877809
3 0.454757 0.279846 0.00326493 0.00561798
3 0.423041 0.273525 0.00466418 0.00632022
3 0.401003 0.257022 0.00489739 0.00702247
3 0.298741 0.254565 0.00186567 0.00280899
3 0.11917 0.237711 0.0051306 0.00772472
3 0.54431 0.227353 0.00326493 0.00667135
3 0.203708 0.192767 0.00396455 0.00632022
3 0.367304 0.182584 0.00279851 0.00421348
3 0.335005 0.166433 0.00489739 0.00772472
3 0.578825 0.158708 0.00652985 0.00702247
3 0.316814 0.155372 0.00303172 0.00456461
3 0.581273 0.0732093 0.00489739 0.00667135
3 0.552822 0.0247542 0.00396455 0.00667135
