0 0.23181 0.854986 0.00326493 0.00912921
0 0.41243 0.840063 0.00489739 0.0158006
0 0.467467 0.834621 0.0076959 0.0119382
0 0.463969 0.813027 0.0146922 0.0122893
0 0.382463 0.808813 0.00419776 0.00667135
0 0.340835 0.805302 0.00722948 0.00948034
0 0.416395 0.805302 0.00722948 0.0172051
0 0.358092 0.794242 0.00862873 0.00842697
0 0.331157 0.793364 0.00652985 0.00667135
0 0.379314 0.80144 0.0370802 0.03125
0 0.440065 0.784586 0.0051306 0.00807584
0 0.460471 0.782128 0.010028 0.0158006
0 0.693563 0.778617 0.00979478 0.0108848
0 0.274137 0.774579 0.00443097 0.00772472
0 0.33792 0.771067 0.00886194 0.0168539
0 0.307369 0.767907 0.00419776 0.0133427
0 0.437617 0.765274 0.0076959 0.0101826
0 0.315882 0.760534 0.00443097 0.00983146
0 0.446945 0.764221 0.010028 0.0179073
0 0.416045 0.749473 0.00886194 0.0108848
0 0.33139 0.740169 0.00466418 0.00632022
0 0.419893 0.734551 0.00536381 0.00912921
0 0.435984 0.741924 0.0202892 0.0294944
0 0.359608 0.72033 0.00886194 0.0122893
0 0.371502 0.718399 0.014459 0.0161517
0 0.345616 0.715765 0.0125933 0.0270365
0 0.354594 0.704881 0.00722948 0.0108848
0 0.334072 0.707338 0.00862873 0.0165028
0 0.388176 0.686622 0.0179571 0.0150983
0 0.352495 0.678897 0.00396455 0.0073736
0 0.427705 0.692942 0.0130597 0.0403792
0 0.441814 0.677493 0.00676306 0.0129916
0 0.359958 0.675562 0.00489739 0.00912921
0 0.333022 0.66731 0.00559701 0.00807584
0 0.354944 0.660639 0.00559701 0.0101826
0 0.215135 0.673631 0.0179571 0.0410815
0 0.344799 0.656426 0.00583022 0.0073736
0 0.364506 0.660288 0.00652985 0.0179073
0 0.254314 0.650105 0.00489739 0.00807584
0 0.216301 0.64519 0.0123601 0.0242275
0 0.233326 0.655372 0.0207556 0.0459972
0 0.230993 0.647999 0.000699627 0.00105337
0 0.278568 0.633076 0.0146922 0.0245787
0 0.293377 0.619558 0.00559701 0.00948034
0 0.243237 0.623596 0.0121269 0.0182584
0 0.364039 0.622718 0.0158582 0.0249298
0 0.317864 0.593399 0.0079291 0.00912921
0 0.560168 0.583919 0.00466418 0.00772472
0 0.296059 0.591468 0.0109608 0.0298455
0 0.332789 0.575316 0.0079291 0.0108848
0 0.315998 0.573385 0.0102612 0.0154494
0 0.269706 0.566011 0.00909515 0.0140449
0 0.341535 0.560042 0.00536381 0.00702247
0 0.296175 0.559164 0.0102612 0.0235253
0 0.26236 0.551088 0.00419776 0.00877809
0 0.284398 0.555829 0.0109608 0.0203652
0 0.454757 0.548631 0.00699627 0.0115871
0 0.31868 0.546699 0.00676306 0.0126404
0 0.208955 0.581987 0.0494403 0.10007
0 0.435634 0.533357 0.0102612 0.00912921
0 0.248368 0.533532 0.0079291 0.0108848
0 0.350163 0.522121 0.00583022 0.00842697
0 0.342701 0.518083 0.00536381 0.0073736
0 0.376399 0.559691 0.048041 0.0955056
0 0.39424 0.551088 0.000699627 0.00105337
0 0.395173 0.550737 0.000699627 0.00105337
0 0.421758 0.512465 0.00583022 0.00948034
0 0.251516 0.512289 0.00722948 0.00912921
0 0.283349 0.525456 0.0363806 0.036868
0 0.372201 0.506671 0.00233209 0.00280899
0 0.181087 0.518083 0.0128265 0.0277388
0 0.220616 0.50948 0.00606343 0.011236
0 0.195079 0.52019 0.0174907 0.0354635
0 0.375 0.502107 0.00466418 0.00280899
0 0.470849 0.503511 0.00466418 0.00983146
0 0.141441 0.503511 0.00722948 0.0119382
0 0.354827 0.50474 0.0151586 0.0172051
0 0.150653 0.498596 0.00373134 0.00491573
0 0.368004 0.497367 0.00326493 0.00456461
0 0.460005 0.494206 0.0128265 0.0122893
0 0.439949 0.492275 0.00583022 0.0119382
0 0.371968 0.484902 0.00373134 0.00491573
0 0.402519 0.49526 0.0191231 0.034059
0 0.585821 0.48139 0.0051306 0.00842697
0 0.550023 0.480162 0.00396455 0.0059691
0 0.487873 0.484375 0.00699627 0.0143961
0 0.429221 0.480162 0.00676306 0.0101826
0 0.472598 0.481039 0.00862873 0.0133427
0 0.335821 0.475772 0.00466418 0.00772472
0 0.454641 0.47981 0.0226213 0.0179073
0 0.383979 0.471559 0.00489739 0.00772472
0 0.608559 0.47033 0.00489739 0.00948034
0 0.601679 0.468223 0.00606343 0.0108848
0 0.241954 0.463834 0.00722948 0.011236
0 0.396455 0.458567 0.00373134 0.00491573
0 0.225163 0.45611 0.00443097 0.00491573
0 0.592118 0.449965 0.0051306 0.00526685
0 0.225047 0.448385 0.00279851 0.00280899
0 0.337337 0.451018 0.00583022 0.0136938
0 0.273438 0.455934 0.0128265 0.025632
0 0.39389 0.445751 0.00652985 0.0143961
0 0.391908 0.43592 0.00396455 0.0059691
0 0.39459 0.425737 0.00233209 0.00316011
0 0.166395 0.450843 0.0184235 0.0547753
0 0.411381 0.448912 0.0242537 0.0544242
0 0.345266 0.423631 0.00443097 0.0059691
0 0.32591 0.420646 0.00396455 0.00772472
0 0.336987 0.419768 0.00419776 0.0073736
0 0.445079 0.436973 0.0193563 0.0452949
0 0.45534 0.408181 0.00629664 0.0101826
0 0.40007 0.400983 0.010028 0.0168539
0 0.387127 0.390976 0.0051306 0.00526685
0 0.364272 0.423455 0.0405784 0.0744382
0 0.489855 0.394838 0.0221549 0.0207163
0 0.193913 0.388518 0.00629664 0.00877809
0 0.472598 0.386236 0.0114272 0.0147472
0 0.298041 0.367802 0.011194 0.0172051
0 0.263993 0.363588 0.00839552 0.0122893
0 0.248717 0.358322 0.010028 0.0122893
0 0.593633 0.358848 0.00583022 0.0140449
0 0.476213 0.35481 0.00746269 0.0122893
0 0.541045 0.344979 0.0107276 0.0129916
0 0.244286 0.341117 0.00862873 0.0136938
0 0.385028 0.317591 0.0163246 0.0193118
0 0.49312 0.308813 0.00489739 0.00456461
0 0.307603 0.308287 0.00606343 0.00632022
0 0.362174 0.304073 0.00699627 0.0105337
0 0.397971 0.301966 0.00629664 0.00912921
0 0.322062 0.292837 0.00559701 0.00702247
0 0.389576 0.293188 0.00536381 0.00842697
0 0.494869 0.292486 0.00886194 0.0119382
0 0.344216 0.300386 0.0153918 0.0277388
0 0.429338 0.286868 0.00746269 0.0147472
0 0.418027 0.282654 0.00676306 0.00772472
0 0.350396 0.273701 0.00816231 0.0122893
0 0.400536 0.27335 0.0114272 0.0179073
0 0.4375 0.268258 0.00839552 0.00842697
0 0.426656 0.267556 0.0076959 0.011236
0 0.338503 0.265274 0.00909515 0.0143961
0 0.394473 0.255091 0.010028 0.0143961
0 0.351096 0.252985 0.0076959 0.0150983
0 0.339902 0.243504 0.00956157 0.0129916
0 0.221432 0.236131 0.00536381 0.0101826
0 0.325676 0.231917 0.0146922 0.0150983
0 0.375466 0.221735 0.00559701 0.00877809
0 0.280201 0.203301 0.00583022 0.00632022
1 0.267724 0.972261 0.0051306 0.00561798
1 0.63188 0.961552 0.0286847 0.0242275
1 0.538479 0.941889 0.0079291 0.00807584
1 0.473997 0.900983 0.0123601 0.0119382
1 0.582323 0.897647 0.014459 0.022823
1 0.520173 0.887465 0.0076959 0.0143961
1 0.299324 0.699614 0.00862873 0.00948034
1 0.254314 0.699087 0.00536381 0.0189607
1 0.42479 0.587079 0.0151586 0.0308989
1 0.257929 0.562676 0.0135261 0.0136938
1 0.579874 0.562324 0.0160914 0.0186096
1 0.51306 0.471208 0.00979478 0.0161517
1 0.36194 0.385534 0.0139925 0.0196629
1 0.571945 0.375702 0.0179571 0.0210674
1 0.164646 0.376756 0.0139925 0.0238764
1 0.4382 0.370962 0.0396455 0.0270365
1 0.186101 0.344452 0.0177239 0.0379213
1 0.203242 0.326018 0.00956157 0.0186096
1 0.222715 0.314782 0.014459 0.0326545
1 0.284981 0.282479 0.0181903 0.0354635
1 0.271339 0.254565 0.0179571 0.0316011
1 0.117771 0.240169 0.0205224 0.0589888
1 0.209538 0.160288 0.0151586 0.0143961
1 0.182603 0.120084 0.0102612 0.0182584
1 0.25583 0.0958567 0.048041 0.051264
3 0.51236 0.982268 0.00606343 0.00948034
3 0.520522 0.974895 0.0051306 0.0115871
3 0.607626 0.933989 0.00583022 0.00842697
3 0.603428 0.920646 0.00489739 0.00702247
3 0.382463 0.918539 0.00606343 0.00912921
3 0.599697 0.90783 0.00676306 0.00877809
3 0.200093 0.900105 0.00326493 0.0059691
3 0.219216 0.891152 0.0079291 0.011236
3 0.36882 0.856215 0.00536381 0.0073736
3 0.383279 0.830407 0.00443097 0.00632022
3 0.234375 0.813202 0.00652985 0.00983146
3 0.396339 0.80776 0.00629664 0.00807584
3 0.231693 0.75632 0.00629664 0.00983146
3 0.495802 0.732093 0.00606343 0.00772472
3 0.542094 0.71717 0.00862873 0.0136938
3 0.288013 0.696103 0.00652985 0.00877809
3 0.270639 0.694698 0.00396455 0.00667135
3 0.3125 0.695225 0.00606343 0.00983146
3 0.261194 0.693645 0.00466418 0.00667135
3 0.469566 0.642205 0.00583022 0.00842697
3 0.602495 0.589888 0.00862873 0.011236
3 0.408582 0.580934 0.00839552 0.00807584
3 0.602262 0.574263 0.00722948 0.0115871
3 0.234958 0.561447 0.00676306 0.0105337
3 0.33209 0.560218 0.00746269 0.0101826
3 0.306903 0.523876 0.0079291 0.0126404
3 0.834422 0.510709 0.00746269 0.0108848
3 0.266091 0.500527 0.00466418 0.00526685
3 0.331973 0.49684 0.00443097 0.00912921
3 0.191581 0.494733 0.00816231 0.011236
3 0.266908 0.484902 0.00443097 0.00842697
3 0.286614 0.469979 0.00373134 0.00526685
3 0.559935 0.461552 0.00466418 0.0073736
3 0.50618 0.461025 0.00443097 0.00702247
3 0.267724 0.459621 0.0051306 0.00842697
3 0.139925 0.458567 0.00839552 0.0133427
3 0.570079 0.450667 0.00629664 0.00807584
3 0.132346 0.441011 0.00629664 0.011236
3 0.48729 0.426615 0.00676306 0.00912921
3 0.240672 0.418013 0.00886194 0.00807584
3 0.282882 0.41731 0.00652985 0.0129916
3 0.212803 0.397121 0.00583022 0.00842697
3 0.294076 0.351826 0.00886194 0.0147472
3 0.303871 0.335674 0.011194 0.00912921
3 0.405084 0.322156 0.00606343 0.00877809
3 0.253615 0.300035 0.00909515 0.0143961
3 0.132579 0.21559 0.00676306 0.00983146
3 0.733326 0.173279 0.00816231 0.0158006
3 0.758046 0.153617 0.00536381 0.0108848
3 0.752332 0.148701 0.00373134 0.00526685
3 0.691931 0.0879565 0.00886194 0.0150983
3 0.472715 0.070927 0.00606343 0.00772472
3 0.388293 0.0263343 0.0125933 0.0168539
3 0.438433 0.0214185 0.00839552 0.011236
