0 0.314949 0.943996 0.00443097 0.0073736
0 0.572528 0.571454 0.00746269 0.0136938
0 0.577425 0.566362 0.00466418 0.00983146
0 0.559935 0.562851 0.00186567 0.00491573
0 0.561451 0.557409 0.00489739 0.00807584
0 0.583722 0.557409 0.00746269 0.0101826
0 0.551772 0.553722 0.00559701 0.00561798
0 0.553638 0.544944 0.00279851 0.00561798
0 0.568447 0.552142 0.0240205 0.0207163
0 0.5625 0.539501 0.00466418 0.0059691
0 0.13048 0.284761 0.00489739 0.00632022
0 0.326143 0.0684691 0.00722948 0.00912921
1 0.183769 0.8125 0.011194 0.0238764
1 0.577425 0.538624 0.011194 0.0126404
1 0.321012 0.378511 0.0146922 0.0119382
1 0.679454 0.207338 0.0384795 0.0558287
1 0.715718 0.162921 0.0121269 0.0196629
1 0.197878 0.138343 0.0146922 0.0287921
1 0.658699 0.0472261 0.00862873 0.00667135
3 0.782416 0.945751 0.00326493 0.00526685
3 0.506646 0.922753 0.00396455 0.00632022
3 0.468517 0.861482 0.00326493 0.00316011
3 0.810051 0.842697 0.0025653 0.00421348
3 0.716185 0.833041 0.0051306 0.00667135
3 0.808069 0.818469 0.00326493 0.00491573
3 0.530667 0.81092 0.00349813 0.00456461
3 0.183769 0.780021 0.00699627 0.0108848
3 0.710354 0.749122 0.00373134 0.00526685
3 0.729711 0.614817 0.00466418 0.00632022
3 0.588036 0.484902 0.00443097 0.00561798
3 0.64354 0.468048 0.00396455 0.00842697
3 0.713386 0.176088 0.00233209 0.00316011
3 0.70709 0.177317 0.00373134 0.00632022
3 0.702892 0.172402 0.00373134 0.00491573
3 0.732743 0.170822 0.00279851 0.00456461
3 0.652519 0.0510885 0.00373134 0.00526685
