0 0.202659 0.572156 0.00326493 0.00456461
0 0.88666 0.532128 0.00233209 0.00316011
0 0.871035 0.492978 0.00233209 0.00351124
0 0.278568 0.447507 0.00163246 0.00316011
0 0.878148 0.44224 0.0025653 0.00386236
0 0.803755 0.435218 0.00349813 0.0059691
0 0.700793 0.416433 0.00466418 0.00632022
0 0.674907 0.413975 0.00326493 0.00491573
0 0.071945 0.41257 0.00349813 0.00632022
0 0.339436 0.390976 0.00303172 0.00245787
0 0.348414 0.374824 0.00186567 0.00316011
0 0.3441 0.374649 0.00209888 0.00351124
0 0.306553 0.367978 0.00629664 0.00632022
0 0.246618 0.36552 0.00163246 0.00280899
0 0.360424 0.35639 0.00209888 0.00280899
0 0.255714 0.353757 0.00209888 0.00316011
0 0.890159 0.349719 0.00186567 0.00351124
0 0.275886 0.347963 0.00279851 0.00561798
0 0.665812 0.317591 0.00419776 0.00807584
0 0.292677 0.310218 0.00233209 0.00386236
0 0.321362 0.301615 0.00139925 0.00421348
0 0.719333 0.287219 0.00209888 0.00561798
0 0.255597 0.286341 0.00373134 0.0059691
0 0.236474 0.234902 0.00746269 0.00772472
0 0.235191 0.216468 0.00349813 0.0059691
0 0.274837 0.209972 0.00209888 0.00210674
0 0.262826 0.209445 0.00139925 0.00316011
0 0.301073 0.202423 0.00186567 0.00386236
0 0.350746 0.199789 0.00279851 0.00280899
0 0.280201 0.200843 0.00209888 0.00491573
0 0.297341 0.1954 0.00279851 0.00245787
0 0.288596 0.189431 0.00116604 0.00316011
0 0.299557 0.187324 0.0025653 0.00456461
0 0.350863 0.184164 0.00209888 0.00316011
0 0.228195 0.183989 0.00163246 0.00632022
0 0.279851 0.184691 0.00233209 0.00983146
0 0.338386 0.173806 0.00279851 0.00561798
0 0.283582 0.169944 0.00279851 0.00351124
0 0.319963 0.165906 0.00233209 0.0059691
0 0.253965 0.163272 0.00233209 0.00702247
0 0.241838 0.162746 0.00186567 0.0059691
0 0.248834 0.159235 0.00279851 0.00456461
0 0.301772 0.139923 0.00139925 0.00526685
0 0.278918 0.134831 0.00233209 0.00632022
0 0.266208 0.130794 0.0025653 0.0059691
1 0.135145 0.784937 0.00722948 0.0101826
1 0.177938 0.831812 0.0550373 0.132022
1 0.125117 0.728933 0.010028 0.0231742
1 0.134095 0.695576 0.0116604 0.0203652
1 0.282299 0.658532 0.00816231 0.0129916
1 0.236824 0.613413 0.0352146 0.0470506
1 0.256763 0.375176 0.0195896 0.025632
1 0.746735 0.288097 0.00886194 0.0108848
1 0.761194 0.274228 0.00699627 0.00842697
1 0.740322 0.272121 0.00489739 0.0175562
3 0.160331 0.70927 0.00349813 0.00491573
3 0.689249 0.558638 0.00443097 0.00491573
3 0.267957 0.530548 0.00606343 0.00632022
