0 0.232276 0.933989 0.00466418 0.0147472
0 0.249417 0.927317 0.00349813 0.00491573
0 0.236007 0.926966 0.00186567 0.00421348
0 0.229361 0.917837 0.0025653 0.00561798
0 0.253032 0.912219 0.00466418 0.0140449
0 0.231576 0.902914 0.00233209 0.00316011
0 0.255947 0.89993 0.00303172 0.00491573
0 0.223647 0.89677 0.00419776 0.00561798
0 0.22563 0.888343 0.0025653 0.00491573
0 0.235191 0.893083 0.0076959 0.0150983
0 0.251283 0.888343 0.010028 0.0140449
0 0.246618 0.882022 0.00443097 0.00491573
0 0.244753 0.859375 0.0025653 0.00456461
0 0.231926 0.858673 0.00303172 0.00386236
0 0.307952 0.841292 0.00209888 0.00351124
0 0.437383 0.830056 0.00489739 0.00983146
0 0.228778 0.801088 0.00186567 0.00316011
0 0.276936 0.769312 0.00629664 0.00842697
0 0.282882 0.767381 0.00233209 0.0073736
0 0.28813 0.762992 0.00489739 0.00912921
0 0.388759 0.755794 0.00279851 0.00807584
0 0.269823 0.749649 0.00233209 0.00351124
0 0.274487 0.75632 0.011194 0.0182584
0 0.30632 0.747893 0.00349813 0.00421348
0 0.272388 0.745611 0.00326493 0.00526685
0 0.292211 0.737008 0.00233209 0.00561798
0 0.275303 0.736131 0.00489739 0.0108848
0 0.300956 0.733146 0.0104944 0.00772472
0 0.266674 0.735779 0.0109608 0.0158006
0 0.278918 0.729986 0.00326493 0.00491573
0 0.285098 0.729635 0.00536381 0.00702247
0 0.283349 0.725597 0.0051306 0.00667135
0 0.139809 0.722086 0.00489739 0.0073736
0 0.53125 0.719979 0.00326493 0.00386236
0 0.264109 0.717521 0.00629664 0.00877809
0 0.529035 0.714712 0.00489739 0.00948034
0 0.286264 0.711903 0.00396455 0.00667135
0 0.301539 0.709972 0.00233209 0.00421348
0 0.306553 0.713308 0.00396455 0.0115871
0 0.311567 0.709621 0.00466418 0.00983146
0 0.292211 0.706636 0.00279851 0.00386236
0 0.300723 0.700492 0.00349813 0.00421348
0 0.561101 0.699965 0.00373134 0.00526685
0 0.285098 0.700667 0.00443097 0.0073736
0 0.215951 0.699263 0.00373134 0.00526685
0 0.109258 0.70014 0.0025653 0.00842697
0 0.309118 0.699438 0.00676306 0.00842697
0 0.292211 0.695751 0.00699627 0.00877809
0 0.279851 0.697683 0.016791 0.0252809
0 0.114272 0.685042 0.00419776 0.00632022
0 0.311917 0.686622 0.00816231 0.0122893
0 0.29944 0.683989 0.00326493 0.00772472
0 0.149604 0.688378 0.0137593 0.0249298
0 0.105877 0.682935 0.00839552 0.0245787
0 0.161264 0.664501 0.0025653 0.00386236
0 0.23076 0.663448 0.00536381 0.00526685
0 0.21875 0.661341 0.00746269 0.0101826
0 0.20709 0.655372 0.00279851 0.00316011
0 0.237407 0.656777 0.00466418 0.00877809
0 0.241954 0.650808 0.0025653 0.00386236
0 0.130247 0.65783 0.0118937 0.0186096
0 0.218284 0.648174 0.00279851 0.00280899
0 0.189482 0.647121 0.0025653 0.00280899
0 0.125816 0.649052 0.00303172 0.00807584
0 0.157766 0.646243 0.0025653 0.00456461
0 0.132929 0.641152 0.00326493 0.00491573
0 0.229711 0.642732 0.011194 0.0214185
0 0.210238 0.640625 0.0151586 0.020014
0 0.154035 0.625351 0.0025653 0.00351124
0 0.198577 0.624473 0.00163246 0.00245787
0 0.190765 0.618504 0.00233209 0.00386236
0 0.217234 0.618504 0.0025653 0.00526685
0 0.440765 0.616573 0.00233209 0.00421348
0 0.20534 0.613413 0.0025653 0.00421348
0 0.153801 0.611482 0.00536381 0.00807584
0 0.203708 0.605513 0.0025653 0.00316011
0 0.366838 0.606039 0.00279851 0.00561798
0 0.159282 0.606742 0.00746269 0.0147472
0 0.139576 0.599192 0.00536381 0.00526685
0 0.190648 0.602528 0.010028 0.0126404
0 0.17584 0.599192 0.00559701 0.0073736
0 0.295359 0.598666 0.00629664 0.00772472
0 0.204991 0.593399 0.0153918 0.0154494
0 0.185168 0.584796 0.00139925 0.00245787
0 0.215135 0.583216 0.0025653 0.00421348
0 0.207556 0.583216 0.00326493 0.00421348
0 0.211521 0.579705 0.00373134 0.00351124
0 0.298741 0.581987 0.0116604 0.0136938
0 0.219566 0.578301 0.00443097 0.00912921
0 0.214785 0.574965 0.00186567 0.00316011
0 0.179454 0.574087 0.0151586 0.0161517
0 0.166978 0.566011 0.00466418 0.00491573
0 0.209072 0.565133 0.00349813 0.00526685
0 0.215019 0.562676 0.0079291 0.00667135
0 0.174907 0.558287 0.00606343 0.00491573
0 0.401936 0.557233 0.00209888 0.00351124
0 0.157416 0.55934 0.00699627 0.00983146
0 0.431786 0.554073 0.0025653 0.00351124
0 0.209305 0.553371 0.0025653 0.00351124
0 0.217351 0.55302 0.00466418 0.00561798
0 0.211754 0.550035 0.00279851 0.00386236
0 0.229594 0.543188 0.00303172 0.00491573
0 0.235541 0.541433 0.00279851 0.00351124
0 0.381297 0.545646 0.011194 0.0140449
0 0.371269 0.538624 0.00233209 0.00421348
0 0.221549 0.538272 0.00279851 0.00421348
0 0.364156 0.532128 0.00163246 0.00316011
0 0.361007 0.531952 0.00233209 0.00280899
0 0.367304 0.530899 0.00186567 0.00280899
0 0.149487 0.536341 0.0079291 0.0179073
0 0.363806 0.526861 0.00233209 0.00316011
0 0.173391 0.525983 0.00303172 0.00491573
0 0.367071 0.524403 0.00139925 0.00245787
0 0.232509 0.526861 0.00373134 0.0101826
0 0.223064 0.526159 0.0118937 0.0101826
0 0.403568 0.52019 0.0025653 0.00456461
0 0.39459 0.519487 0.00233209 0.00316011
0 0.164296 0.525808 0.00862873 0.0214185
0 0.359025 0.515449 0.00209888 0.00280899
0 0.219916 0.509305 0.00979478 0.00948034
0 0.362523 0.503511 0.00209888 0.00351124
0 0.168727 0.510709 0.0118937 0.0221208
0 0.234025 0.510709 0.0179571 0.028441
0 0.336637 0.496664 0.00303172 0.00386236
0 0.159282 0.498069 0.0051306 0.0101826
0 0.351562 0.493504 0.0025653 0.00386236
0 0.0864039 0.493855 0.0025653 0.00526685
0 0.217817 0.488237 0.011194 0.0073736
0 0.206273 0.486833 0.00583022 0.0143961
0 0.17479 0.479986 0.00443097 0.00491573
0 0.171758 0.475421 0.0025653 0.00280899
0 0.180387 0.476475 0.00722948 0.00632022
0 0.374534 0.472963 0.00326493 0.00491573
0 0.213036 0.474544 0.00583022 0.00807584
0 0.326143 0.474192 0.0025653 0.00807584
0 0.376749 0.467521 0.0025653 0.00386236
0 0.355177 0.46559 0.00419776 0.00842697
0 0.374067 0.463308 0.00279851 0.00526685
0 0.257229 0.465765 0.00932836 0.0108848
0 0.163713 0.461903 0.00699627 0.00807584
0 0.426423 0.457163 0.0025653 0.00421348
0 0.379431 0.460323 0.00839552 0.0126404
0 0.341068 0.456812 0.00489739 0.0105337
0 0.368587 0.461728 0.00722948 0.0224719
0 0.385261 0.450843 0.0051306 0.011236
0 0.396222 0.448385 0.00373134 0.00772472
0 0.361241 0.451018 0.00979478 0.0129916
0 0.333955 0.444698 0.00839552 0.0221208
0 0.23694 0.458216 0.0251866 0.0505618
0 0.234258 0.430829 0.00583022 0.00912921
0 0.18097 0.433813 0.020056 0.0165028
0 0.227729 0.429073 0.00396455 0.00912921
0 0.195196 0.427142 0.00606343 0.0059691
0 0.243587 0.427142 0.00536381 0.0073736
0 0.345266 0.425737 0.00349813 0.00667135
0 0.469566 0.424333 0.00303172 0.00667135
0 0.233209 0.415555 0.00326493 0.00456461
0 0.157766 0.411868 0.00209888 0.00351124
0 0.383396 0.412395 0.0107276 0.0165028
0 0.382579 0.411341 0.000699627 0.00105337
0 0.358092 0.406074 0.00862873 0.00877809
0 0.457789 0.393258 0.00373134 0.00632022
0 0.386194 0.395014 0.0051306 0.00983146
0 0.380947 0.377633 0.00489739 0.00526685
0 0.333955 0.372893 0.00419776 0.00842697
0 0.391674 0.379389 0.0109608 0.0235253
0 0.342701 0.367802 0.00583022 0.00807584
0 0.328008 0.368504 0.00676306 0.00948034
0 0.378848 0.367626 0.00536381 0.00983146
0 0.357509 0.360253 0.00326493 0.00632022
0 0.323228 0.359375 0.00606343 0.0101826
0 0.351329 0.356742 0.00722948 0.00983146
0 0.314949 0.356917 0.00583022 0.0101826
0 0.409865 0.343574 0.00443097 0.00807584
0 0.355527 0.340414 0.00722948 0.0122893
0 0.408815 0.330934 0.0079291 0.0073736
0 0.21187 0.304073 0.010028 0.0245787
0 0.188666 0.285815 0.00279851 0.00702247
0 0.197062 0.295295 0.0237873 0.0294944
0 0.249184 0.282128 0.0025653 0.00386236
0 0.177705 0.276159 0.00699627 0.0101826
0 0.142724 0.268258 0.00419776 0.00842697
0 0.214086 0.262465 0.0051306 0.0073736
0 0.142141 0.251404 0.00583022 0.00842697
0 0.190182 0.25632 0.0188899 0.0238764
0 0.203591 0.251229 0.00466418 0.0165028
0 0.177239 0.246489 0.00373134 0.00842697
0 0.806437 0.241749 0.00326493 0.0059691
0 0.785564 0.233322 0.00396455 0.00386236
0 0.794543 0.224719 0.00326493 0.00702247
0 0.809818 0.224368 0.0076959 0.00912921
0 0.816581 0.21243 0.00209888 0.00351124
0 0.791978 0.207514 0.0051306 0.00561798
0 0.800956 0.201721 0.00303172 0.00456461
0 0.598764 0.0763694 0.00676306 0.0073736
0 0.604478 0.0602177 0.00466418 0.00807584
0 0.598997 0.0533708 0.00629664 0.00983146
0 0.686334 0.0373947 0.00839552 0.0059691
0 0.505597 0.0345857 0.0051306 0.00807584
0 0.609841 0.0280899 0.00886194 0.0189607
0 0.602379 0.0217697 0.00279851 0.00632022
0 0.434002 0.0191362 0.00419776 0.00667135
0 0.698461 0.0198385 0.00699627 0.0129916
0 0.588853 0.0224719 0.0125933 0.0203652
0 0.421642 0.0142205 0.00699627 0.0108848
0 0.661031 0.0129916 0.00816231 0.0126404
0 0.43132 0.0036868 0.00536381 0.0059691
0 0.40695 0.00403792 0.0051306 0.0073736
0 0.421059 0.00333567 0.00443097 0.00667135
1 0.619986 0.990344 0.0104944 0.0059691
1 0.26201 0.870435 0.00676306 0.011236
1 0.174907 0.813378 0.00839552 0.0179073
1 0.794893 0.799508 0.0076959 0.0175562
1 0.14284 0.8046 0.0216884 0.028441
1 0.183885 0.785112 0.0104944 0.00842697
1 0.146688 0.777037 0.025653 0.0224719
1 0.260961 0.759656 0.00466418 0.00316011
1 0.123134 0.765449 0.00979478 0.0168539
1 0.246152 0.753336 0.0109608 0.0158006
1 0.140392 0.755091 0.0209888 0.025632
1 0.296642 0.746664 0.00932836 0.0136938
1 0.10611 0.716819 0.00886194 0.0122893
1 0.146455 0.631671 0.00652985 0.0175562
1 0.342817 0.610604 0.0102612 0.0168539
1 0.842701 0.612184 0.0123601 0.036868
1 0.276819 0.599544 0.00886194 0.0270365
1 0.264692 0.57514 0.00746269 0.00772472
1 0.243703 0.568294 0.00979478 0.0193118
1 0.194846 0.542486 0.00396455 0.00421348
1 0.168377 0.541081 0.0107276 0.00912921
1 0.213619 0.530899 0.00419776 0.00561798
1 0.123018 0.504213 0.0076959 0.0119382
1 0.436451 0.501756 0.010028 0.00842697
1 0.275536 0.501931 0.00722948 0.0136938
1 0.216185 0.498244 0.0158582 0.0168539
1 0.185051 0.49526 0.0151586 0.022823
1 0.453825 0.485253 0.011194 0.0105337
1 0.128498 0.479459 0.00373134 0.00807584
1 0.125117 0.477353 0.00629664 0.0129916
1 0.410331 0.472437 0.0184235 0.022823
1 0.188549 0.465239 0.0076959 0.00842697
1 0.140858 0.463483 0.00839552 0.0147472
1 0.442514 0.455934 0.0132929 0.0207163
1 0.0706623 0.445576 0.00466418 0.0161517
1 0.20639 0.441538 0.0270522 0.0291433
1 0.418377 0.428722 0.0223881 0.0344101
1 0.326842 0.394312 0.00676306 0.011236
1 0.360075 0.382725 0.0158582 0.0196629
1 0.187617 0.386763 0.0244869 0.0291433
1 0.197178 0.365695 0.00349813 0.0108848
1 0.364855 0.347086 0.010028 0.0193118
1 0.281017 0.338834 0.00839552 0.00912921
1 0.574743 0.27809 0.0076959 0.0126404
1 0.51306 0.221735 0.020056 0.0249298
1 0.284632 0.216819 0.0118937 0.0150983
1 0.14972 0.215765 0.00886194 0.0242275
1 0.328008 0.198385 0.00629664 0.00702247
1 0.270639 0.141327 0.00816231 0.0108848
1 0.648438 0.0405548 0.0104944 0.0186096
1 0.46327 0.0358146 0.0128265 0.0140449
1 0.631063 0.0447683 0.0233209 0.0481039
1 0.465252 0.00421348 0.0139925 0.00842697
2 0.423274 0.759831 0.0228545 0.0617978
2 0.788829 0.473315 0.032416 0.0463483
2 0.710938 0.114466 0.0338153 0.070927
3 0.355294 0.977353 0.00303172 0.00526685
3 0.361707 0.977177 0.00559701 0.00983146
3 0.613923 0.974192 0.00583022 0.00948034
3 0.548974 0.967346 0.00279851 0.00421348
3 0.620802 0.95611 0.00419776 0.00632022
3 0.63701 0.939607 0.00629664 0.00561798
3 0.274137 0.93118 0.00443097 0.00561798
3 0.239739 0.90309 0.00279851 0.00421348
3 0.24452 0.899579 0.0025653 0.00351124
3 0.426306 0.893785 0.00279851 0.00456461
3 0.265042 0.891327 0.00536381 0.0073736
3 0.217351 0.854986 0.0051306 0.00842697
3 0.239506 0.841994 0.00419776 0.00561798
3 0.214785 0.83269 0.00233209 0.00386236
3 0.484958 0.825316 0.00396455 0.00456461
3 0.154151 0.820576 0.00652985 0.00912921
3 0.431553 0.812676 0.00443097 0.0059691
3 0.437966 0.810042 0.00326493 0.00491573
3 0.719216 0.787395 0.00419776 0.00667135
3 0.650303 0.772296 0.00303172 0.00526685
3 0.506646 0.764747 0.00629664 0.00912921
3 0.554921 0.751931 0.00303172 0.00526685
3 0.113806 0.739291 0.00466418 0.00667135
3 0.554688 0.734902 0.0025653 0.00421348
3 0.11917 0.725246 0.00466418 0.0073736
3 0.564949 0.71243 0.00536381 0.00912921
3 0.139576 0.682935 0.00536381 0.00983146
3 0.133046 0.679249 0.00349813 0.00526685
3 0.112407 0.637816 0.00373134 0.00526685
3 0.413013 0.627633 0.00419776 0.00526685
3 0.242771 0.627458 0.0051306 0.011236
3 0.720849 0.619206 0.00419776 0.0059691
3 0.173507 0.615695 0.00279851 0.00456461
3 0.324394 0.59691 0.00699627 0.0105337
3 0.586521 0.578476 0.00839552 0.0108848
3 0.222831 0.57198 0.00209888 0.00351124
3 0.267491 0.547051 0.00279851 0.00421348
3 0.221199 0.546699 0.00349813 0.00491573
3 0.217351 0.535288 0.00233209 0.00456461
3 0.194263 0.532654 0.00233209 0.00421348
3 0.436451 0.522999 0.00396455 0.00667135
3 0.215485 0.518961 0.00233209 0.00351124
3 0.15007 0.512465 0.00443097 0.00877809
3 0.446012 0.508603 0.00396455 0.00667135
3 0.225863 0.491924 0.0025653 0.00421348
3 0.285798 0.492626 0.00489739 0.00842697
3 0.115205 0.49052 0.00419776 0.00632022
3 0.139459 0.484551 0.00373134 0.00702247
3 0.198344 0.473139 0.00349813 0.00456461
3 0.568214 0.455934 0.00722948 0.00948034
3 0.51306 0.432058 0.00326493 0.00526685
3 0.502332 0.429249 0.00326493 0.00456461
3 0.185518 0.413975 0.00396455 0.00632022
3 0.365089 0.396419 0.00349813 0.00491573
3 0.108559 0.38764 0.00443097 0.00632022
3 0.438316 0.386412 0.00443097 0.0073736
3 0.258046 0.375351 0.00443097 0.00772472
3 0.366838 0.37184 0.00233209 0.00561798
3 0.19951 0.319522 0.00536381 0.00772472
3 0.765625 0.31566 0.00466418 0.00702247
3 0.229128 0.291959 0.00536381 0.00807584
3 0.150653 0.285815 0.00652985 0.00983146
3 0.586171 0.268785 0.00303172 0.00526685
3 0.204058 0.228055 0.00233209 0.00386236
3 0.277052 0.200667 0.00466418 0.00667135
3 0.167561 0.181882 0.00396455 0.00632022
3 0.243237 0.17802 0.00373134 0.00491573
3 0.788013 0.167135 0.00466418 0.00702247
3 0.73181 0.158006 0.00279851 0.00351124
3 0.223997 0.14993 0.00116604 0.00210674
3 0.521688 0.140625 0.00699627 0.0101826
3 0.266441 0.123771 0.00676306 0.0108848
3 0.696595 0.121138 0.0051306 0.00912921
3 0.330924 0.0876053 0.00559701 0.00667135
3 0.664412 0.0869031 0.0051306 0.00667135
3 0.240322 0.085323 0.00443097 0.00702247
3 0.188783 0.0749649 0.00722948 0.0101826
3 0.696712 0.0640801 0.00536381 0.00807584
3 0.389809 0.0600421 0.00396455 0.00561798
3 0.489506 0.00421348 0.00559701 0.00842697
