0 0.625933 0.897999 0.00606343 0.0136938
0 0.372785 0.847788 0.00163246 0.00245787
0 0.379081 0.849017 0.00396455 0.00632022
0 0.579524 0.834621 0.00466418 0.00912921
0 0.600863 0.80934 0.00349813 0.00912921
0 0.560051 0.82198 0.0179571 0.0358146
0 0.448228 0.807935 0.00699627 0.011236
0 0.590951 0.805126 0.00326493 0.00702247
0 0.461521 0.804951 0.00279851 0.0073736
0 0.540812 0.799157 0.00699627 0.0105337
0 0.427822 0.794417 0.00209888 0.00456461
0 0.498134 0.794242 0.00233209 0.00702247
0 0.547108 0.804073 0.00699627 0.0273876
0 0.451493 0.791784 0.00186567 0.00561798
0 0.432369 0.793364 0.0051306 0.00877809
0 0.47458 0.789501 0.00326493 0.00667135
0 0.463036 0.79073 0.00396455 0.0147472
0 0.454058 0.786692 0.00326493 0.00667135
0 0.594683 0.784235 0.00233209 0.00456461
0 0.566115 0.783883 0.0025653 0.0059691
0 0.458139 0.783357 0.0025653 0.00702247
0 0.440998 0.785815 0.00932836 0.0126404
0 0.548741 0.777212 0.00466418 0.0101826
0 0.334188 0.773876 0.00606343 0.00421348
0 0.557719 0.775983 0.00443097 0.00912921
0 0.539179 0.776861 0.00699627 0.0136938
0 0.572528 0.772999 0.00279851 0.00667135
0 0.48834 0.777563 0.00559701 0.025632
0 0.602612 0.77493 0.00979478 0.0238764
0 0.402985 0.757022 0.00419776 0.011236
0 0.58069 0.753511 0.00279851 0.0126404
0 0.309002 0.748596 0.00233209 0.00351124
0 0.358092 0.747893 0.00349813 0.00561798
0 0.296175 0.747718 0.00419776 0.00667135
0 0.462803 0.764572 0.0338153 0.042486
0 0.302472 0.74368 0.00279851 0.00351124
0 0.4368 0.747015 0.00466418 0.0108848
0 0.303405 0.733673 0.00373134 0.0059691
0 0.621269 0.735428 0.00466418 0.0108848
0 0.475163 0.73139 0.00536381 0.00772472
0 0.290462 0.71717 0.00489739 0.0059691
0 0.607043 0.722086 0.0116604 0.0207163
0 0.615555 0.71559 0.00443097 0.00842697
0 0.348064 0.713483 0.0025653 0.00561798
0 0.623601 0.712254 0.00652985 0.0073736
0 0.299674 0.709445 0.00279851 0.00386236
0 0.583372 0.710323 0.00303172 0.00632022
0 0.595266 0.708392 0.00349813 0.00526685
0 0.490788 0.708743 0.0025653 0.00667135
0 0.323344 0.701018 0.00303172 0.00456461
0 0.604594 0.695751 0.0025653 0.0073736
0 0.370919 0.696805 0.00443097 0.0108848
0 0.32556 0.69382 0.00233209 0.00702247
0 0.470965 0.684867 0.0025653 0.0059691
0 0.646572 0.681706 0.0025653 0.00386236
0 0.479361 0.682233 0.00349813 0.00842697
0 0.578242 0.6954 0.021222 0.0354635
0 0.379781 0.678371 0.00303172 0.00842697
0 0.36847 0.680126 0.00326493 0.0133427
0 0.559352 0.681004 0.0146922 0.0158006
0 0.602379 0.678722 0.0079291 0.0126404
0 0.595266 0.675737 0.00489739 0.00807584
0 0.477962 0.671699 0.00349813 0.00772472
0 0.609025 0.668364 0.00349813 0.00526685
0 0.33722 0.668364 0.00233209 0.00667135
0 0.331157 0.665555 0.00233209 0.0059691
0 0.393773 0.660463 0.00163246 0.00632022
0 0.678405 0.665906 0.00979478 0.0179073
0 0.473647 0.657654 0.00373134 0.00702247
0 0.398204 0.659235 0.00349813 0.0101826
0 0.289646 0.65151 0.00373134 0.0059691
0 0.635728 0.647472 0.00279851 0.00421348
0 0.622668 0.646945 0.00466418 0.0122893
0 0.508162 0.647823 0.00559701 0.0154494
0 0.503965 0.641678 0.00186567 0.00316011
0 0.644939 0.639923 0.0025653 0.00386236
0 0.607393 0.641327 0.0244869 0.0319522
0 0.584188 0.630618 0.00373134 0.0147472
0 0.396339 0.627809 0.00209888 0.00912921
0 0.443214 0.619558 0.00349813 0.00316011
0 0.494636 0.638343 0.0261194 0.0470506
0 0.409398 0.616573 0.00209888 0.00421348
0 0.303521 0.613588 0.00209888 0.0059691
0 0.448927 0.612711 0.00279851 0.00632022
0 0.333256 0.609902 0.00373134 0.00772472
0 0.473647 0.608146 0.0079291 0.0140449
0 0.463503 0.604108 0.00303172 0.0059691
0 0.63736 0.611482 0.00932836 0.022823
0 0.41313 0.60165 0.00349813 0.0101826
0 0.571945 0.613588 0.0394123 0.0354635
0 0.447994 0.60007 0.00326493 0.0105337
0 0.76924 0.597788 0.00489739 0.00667135
0 0.452425 0.596383 0.00186567 0.00456461
0 0.52577 0.602001 0.00816231 0.0235253
0 0.341185 0.593574 0.0051306 0.0136938
0 0.392957 0.600948 0.0158582 0.0319522
0 0.367071 0.603757 0.0377799 0.0403792
0 0.577192 0.586728 0.00373134 0.00772472
0 0.346082 0.581461 0.0125933 0.0126404
0 0.410098 0.580934 0.00396455 0.0122893
0 0.38153 0.576018 0.00279851 0.0059691
0 0.446362 0.574087 0.00279851 0.0105337
0 0.588969 0.569171 0.00349813 0.00561798
0 0.383046 0.565309 0.00536381 0.00632022
0 0.35063 0.562676 0.0025653 0.00386236
0 0.564949 0.572156 0.0137593 0.0235253
0 0.312267 0.562676 0.0051306 0.0108848
0 0.398088 0.561271 0.00606343 0.0136938
0 0.458372 0.556882 0.00862873 0.0119382
0 0.607276 0.590765 0.0340485 0.0804073
0 0.470499 0.547402 0.0025653 0.00561798
0 0.391325 0.564607 0.016791 0.0400281
0 0.508512 0.552317 0.00583022 0.0161517
0 0.503965 0.576369 0.0489739 0.0663624
0 0.501866 0.596032 0.00233209 0.00667135
0 0.51924 0.571805 0.000699627 0.00105337
0 0.519007 0.571454 0.000699627 0.00105337
0 0.496852 0.563729 0.000699627 0.00105337
0 0.497551 0.563027 0.000699627 0.00105337
0 0.465718 0.547928 0.00279851 0.0108848
0 0.338619 0.546699 0.00699627 0.00842697
0 0.516558 0.548982 0.0051306 0.0158006
0 0.488223 0.54073 0.00163246 0.00280899
0 0.53743 0.563904 0.0254198 0.0498596
0 0.4684 0.535815 0.0025653 0.00421348
0 0.503615 0.544593 0.00396455 0.0245787
0 0.575793 0.536868 0.00419776 0.0119382
0 0.60576 0.533181 0.00349813 0.00526685
0 0.686567 0.533532 0.00373134 0.0073736
0 0.613573 0.534586 0.00466418 0.00948034
0 0.484608 0.531952 0.00186567 0.00561798
0 0.379897 0.536341 0.0051306 0.0172051
0 0.375117 0.530372 0.00303172 0.00526685
0 0.333139 0.532479 0.0230877 0.0172051
0 0.598881 0.528265 0.00932836 0.0143961
0 0.329991 0.516678 0.00279851 0.0059691
0 0.510961 0.518083 0.00186567 0.00948034
0 0.617654 0.513518 0.00303172 0.0073736
0 0.50618 0.513167 0.00536381 0.00948034
0 0.408699 0.502809 0.00629664 0.011236
0 0.408232 0.500878 0.000699627 0.00105337
0 0.408465 0.500176 0.000699627 0.00105337
0 0.620802 0.499824 0.00373134 0.00667135
0 0.606926 0.494909 0.00443097 0.00667135
0 0.672924 0.510358 0.010028 0.039677
0 0.40555 0.491222 0.00466418 0.00842697
0 0.453242 0.509656 0.0165578 0.0551264
0 0.452775 0.50632 0.000699627 0.00140449
0 0.472015 0.501931 0.0228545 0.0417837
0 0.317164 0.483497 0.00559701 0.0140449
0 0.583372 0.48736 0.0132929 0.0238764
0 0.655667 0.493153 0.0230877 0.0361657
0 0.30562 0.47823 0.00536381 0.00912921
0 0.620219 0.47823 0.0118937 0.0287921
0 0.536847 0.465063 0.00139925 0.00386236
0 0.467701 0.471032 0.00489739 0.0158006
0 0.651236 0.466819 0.00956157 0.0122893
0 0.63153 0.465941 0.0116604 0.0140449
0 0.462104 0.461728 0.00349813 0.00632022
0 0.330574 0.459796 0.0025653 0.00316011
0 0.36812 0.460674 0.0076959 0.00772472
0 0.564132 0.460323 0.00839552 0.0140449
0 0.629664 0.454178 0.00419776 0.0059691
0 0.420476 0.452774 0.00326493 0.00667135
0 0.423041 0.504038 0.0559701 0.12184
0 0.6257 0.446278 0.00279851 0.00702247
0 0.43202 0.447331 0.00349813 0.0105337
0 0.620802 0.444171 0.00326493 0.00561798
0 0.440532 0.447858 0.00746269 0.0136938
0 0.336404 0.452949 0.0123601 0.0238764
0 0.36812 0.444698 0.00349813 0.00877809
0 0.633862 0.444874 0.00419776 0.0140449
0 0.384795 0.449614 0.020056 0.0242275
0 0.483326 0.441538 0.00722948 0.00877809
0 0.554104 0.446103 0.0139925 0.0214185
0 0.60681 0.436973 0.00233209 0.00386236
0 0.419893 0.439431 0.0076959 0.00877809
0 0.303405 0.451545 0.0158582 0.0351124
0 0.465252 0.443118 0.0079291 0.0210674
0 0.523554 0.441889 0.0107276 0.0207163
0 0.510261 0.433813 0.0079291 0.0115871
0 0.366138 0.430126 0.00419776 0.00491573
0 0.279967 0.43276 0.0123601 0.0129916
0 0.503848 0.445049 0.0244869 0.0382725
0 0.453358 0.431882 0.00419776 0.0119382
0 0.531133 0.429073 0.00303172 0.00983146
0 0.473881 0.431355 0.0079291 0.0158006
0 0.720149 0.423982 0.00699627 0.0115871
0 0.533699 0.421348 0.0025653 0.00702247
0 0.529268 0.419242 0.00209888 0.00421348
0 0.642374 0.419242 0.00209888 0.00491573
0 0.542211 0.428722 0.0163246 0.0252809
0 0.358675 0.423279 0.00699627 0.0165028
0 0.658232 0.414501 0.00209888 0.00316011
0 0.485191 0.415204 0.00209888 0.0073736
0 0.471199 0.416081 0.00349813 0.011236
0 0.532299 0.411692 0.0025653 0.00877809
0 0.355993 0.408532 0.00209888 0.00316011
0 0.288013 0.411517 0.00652985 0.0119382
0 0.528568 0.407128 0.00489739 0.0059691
0 0.34375 0.405899 0.00233209 0.00351124
0 0.328941 0.409059 0.00676306 0.011236
0 0.420009 0.40941 0.0051306 0.0126404
0 0.396805 0.40309 0.00163246 0.00421348
0 0.407183 0.412219 0.016791 0.0266854
0 0.394356 0.399754 0.00139925 0.00316011
0 0.496385 0.400808 0.00396455 0.0059691
0 0.61882 0.399228 0.0025653 0.00632022
0 0.397038 0.397472 0.00163246 0.00280899
0 0.350163 0.396945 0.00396455 0.00667135
0 0.306786 0.394136 0.00303172 0.00386236
0 0.38736 0.397296 0.00559701 0.0108848
0 0.284282 0.390449 0.00326493 0.00491573
0 0.593167 0.393434 0.00816231 0.0115871
0 0.664646 0.388869 0.00279851 0.00526685
0 0.299324 0.388343 0.00583022 0.00561798
0 0.383046 0.389045 0.00536381 0.00912921
0 0.292094 0.386587 0.0025653 0.00421348
0 0.386194 0.383954 0.00279851 0.00386236
0 0.331856 0.385007 0.00419776 0.00667135
0 0.583489 0.384831 0.00373134 0.0133427
0 0.520522 0.377458 0.00326493 0.00561798
0 0.313549 0.383076 0.00909515 0.0168539
0 0.341651 0.377107 0.00373134 0.00561798
0 0.347831 0.374824 0.0025653 0.00386236
0 0.419193 0.384831 0.010028 0.0252809
0 0.627915 0.375176 0.00583022 0.00877809
0 0.654035 0.371664 0.00209888 0.00386236
0 0.568097 0.377809 0.0265858 0.0217697
0 0.412663 0.372367 0.00816231 0.0108848
0 0.421292 0.366046 0.00396455 0.0059691
0 0.506763 0.364291 0.00186567 0.00316011
0 0.314599 0.363413 0.00186567 0.00421348
0 0.491838 0.365871 0.00559701 0.00983146
0 0.323111 0.365169 0.00349813 0.00912921
0 0.31868 0.361657 0.00116604 0.00210674
0 0.601562 0.36236 0.00303172 0.00632022
0 0.391091 0.3671 0.00886194 0.0158006
0 0.41278 0.360955 0.00373134 0.00772472
0 0.721782 0.359902 0.00419776 0.00772472
0 0.53125 0.359551 0.00419776 0.00772472
0 0.716068 0.358146 0.00583022 0.00702247
0 0.404618 0.359902 0.00559701 0.0119382
0 0.542327 0.355162 0.00209888 0.00456461
0 0.559468 0.358497 0.0051306 0.0126404
0 0.547575 0.355162 0.00186567 0.00667135
0 0.551073 0.354459 0.00186567 0.00667135
0 0.315299 0.353581 0.00419776 0.00632022
0 0.508046 0.350772 0.00163246 0.00280899
0 0.581623 0.352704 0.00559701 0.00948034
0 0.75653 0.349192 0.00326493 0.00456461
0 0.533349 0.348841 0.00373134 0.0059691
0 0.566931 0.350246 0.0102612 0.0143961
0 0.457323 0.344628 0.00233209 0.00456461
0 0.592584 0.345681 0.00979478 0.0115871
0 0.577076 0.343048 0.00396455 0.011236
0 0.516908 0.339537 0.00396455 0.00632022
0 0.534981 0.335674 0.00233209 0.00421348
0 0.643657 0.333743 0.00326493 0.00807584
0 0.446479 0.335674 0.0104944 0.0140449
0 0.72423 0.327423 0.00303172 0.00386236
0 0.450793 0.328301 0.00233209 0.00561798
0 0.603078 0.33427 0.00932836 0.0196629
0 0.432253 0.323209 0.00209888 0.00386236
0 0.467001 0.328827 0.0114272 0.0172051
0 0.5934 0.323385 0.0025653 0.00842697
0 0.614039 0.324438 0.00466418 0.011236
0 0.629548 0.330583 0.0076959 0.025632
0 0.415112 0.31882 0.00233209 0.00421348
0 0.825443 0.318469 0.00349813 0.00772472
0 0.628382 0.315485 0.00163246 0.00386236
0 0.622668 0.315309 0.00419776 0.00421348
0 0.637943 0.313378 0.0025653 0.00316011
0 0.602379 0.313027 0.00839552 0.00877809
0 0.609958 0.311622 0.00629664 0.00667135
0 0.640858 0.308287 0.00233209 0.00280899
0 0.44986 0.307935 0.00373134 0.00491573
0 0.401353 0.305302 0.00326493 0.00456461
0 0.371035 0.305829 0.00419776 0.00632022
0 0.817631 0.300737 0.00186567 0.00245787
0 0.813899 0.301088 0.00373134 0.00316011
0 0.415695 0.304249 0.00862873 0.0101826
0 0.584888 0.301088 0.00233209 0.00526685
0 0.631063 0.297051 0.00186567 0.00351124
0 0.802006 0.299157 0.0051306 0.00842697
0 0.58139 0.296173 0.00373134 0.00526685
0 0.435751 0.295997 0.00209888 0.00491573
0 0.366488 0.297051 0.0025653 0.00772472
0 0.376749 0.298104 0.00722948 0.0105337
0 0.636777 0.294242 0.00209888 0.00351124
0 0.625 0.297753 0.00559701 0.011236
0 0.424557 0.293715 0.00209888 0.0059691
0 0.827192 0.294944 0.00652985 0.0105337
0 0.397738 0.291081 0.00303172 0.00421348
0 0.40555 0.287921 0.00279851 0.00421348
0 0.378615 0.28757 0.0025653 0.00421348
0 0.588386 0.277914 0.00466418 0.0073736
0 0.618237 0.274403 0.00419776 0.0059691
0 0.400886 0.272472 0.00139925 0.00632022
0 0.603312 0.270716 0.00279851 0.00421348
0 0.502565 0.268258 0.00559701 0.00772472
0 0.120686 0.270892 0.00536381 0.0165028
0 0.60681 0.263694 0.00466418 0.00351124
0 0.633396 0.262816 0.00373134 0.00456461
0 0.176306 0.24526 0.0079291 0.0101826
0 0.396805 0.235604 0.0025653 0.00351124
0 0.280317 0.238237 0.00886194 0.0108848
0 0.180854 0.235253 0.00862873 0.00702247
0 0.706273 0.233673 0.00349813 0.00526685
0 0.172808 0.232093 0.00326493 0.00491573
0 0.189599 0.227353 0.00606343 0.00667135
0 0.403801 0.224192 0.00629664 0.00948034
0 0.39354 0.220154 0.00303172 0.00491573
0 0.411964 0.219277 0.00583022 0.00948034
0 0.13153 0.211201 0.00373134 0.00526685
0 0.640975 0.208567 0.0025653 0.00421348
0 0.183885 0.206461 0.00349813 0.00421348
0 0.375816 0.206461 0.00489739 0.00842697
0 0.36917 0.202774 0.00746269 0.00807584
0 0.134911 0.198736 0.00303172 0.00421348
0 0.40555 0.202072 0.00979478 0.0122893
0 0.386311 0.196629 0.00396455 0.00632022
0 0.383512 0.187851 0.00209888 0.00280899
0 0.180737 0.188904 0.00466418 0.00561798
0 0.377099 0.188202 0.0051306 0.00561798
0 0.167794 0.184867 0.0025653 0.00386236
0 0.479361 0.182058 0.00443097 0.0059691
0 0.177239 0.18118 0.00559701 0.00491573
0 0.300373 0.181355 0.00652985 0.00948034
0 0.137477 0.167837 0.00303172 0.00491573
0 0.400886 0.150281 0.0079291 0.0105337
0 0.409748 0.143434 0.00233209 0.00316011
0 0.175257 0.13764 0.0025653 0.00561798
0 0.420243 0.120611 0.0079291 0.00667135
0 0.416744 0.114817 0.00233209 0.00421348
0 0.171875 0.114115 0.00419776 0.00491573
0 0.410448 0.101124 0.00699627 0.00561798
0 0.279967 0.100246 0.00349813 0.00456461
0 0.420592 0.100597 0.00443097 0.00667135
0 0.264459 0.09375 0.00326493 0.00702247
0 0.520756 0.0811096 0.00373134 0.00632022
0 0.278685 0.0812851 0.00932836 0.0122893
0 0.207206 0.058111 0.00303172 0.00316011
0 0.26959 0.0509129 0.00186567 0.00210674
0 0.667211 0.0405548 0.00326493 0.00456461
0 0.23216 0.0372191 0.00209888 0.00280899
0 0.274604 0.0298455 0.0025653 0.00421348
0 0.678755 0.0270365 0.0025653 0.00491573
0 0.393307 0.0266854 0.0076959 0.00491573
0 0.23216 0.0254565 0.00303172 0.00526685
0 0.281017 0.0259831 0.00606343 0.00702247
0 0.252449 0.0251053 0.00909515 0.00667135
0 0.223647 0.0222963 0.00373134 0.00456461
0 0.266908 0.0187851 0.00583022 0.00807584
0 0.498834 0.0154494 0.00979478 0.0105337
1 0.65007 0.987711 0.0123601 0.0105337
1 0.439016 0.975597 0.0165578 0.0073736
1 0.423391 0.953301 0.026819 0.0379213
1 0.395756 0.919066 0.0177239 0.0165028
1 0.517141 0.926264 0.0277519 0.0435393
1 0.364156 0.909059 0.0151586 0.0182584
1 0.74417 0.897823 0.0191231 0.0245787
1 0.334188 0.864817 0.0219216 0.0133427
1 0.385028 0.878511 0.076959 0.0470506
1 0.434235 0.850772 0.0186567 0.0147472
1 0.423041 0.836025 0.00373134 0.00491573
1 0.379548 0.822507 0.00722948 0.00526685
1 0.433885 0.817416 0.010028 0.0126404
1 0.345499 0.813553 0.0132929 0.0147472
1 0.353428 0.799684 0.00536381 0.00877809
1 0.322411 0.819698 0.0328825 0.0719803
1 0.406833 0.763869 0.00396455 0.00807584
1 0.601679 0.757725 0.00839552 0.0161517
1 0.757812 0.757549 0.0132929 0.0270365
1 0.412896 0.744909 0.0114272 0.0122893
1 0.414179 0.722261 0.00979478 0.0147472
1 0.428172 0.716643 0.00559701 0.00912921
1 0.68132 0.639045 0.00443097 0.00912921
1 0.40555 0.620611 0.00559701 0.0101826
1 0.673507 0.605513 0.00839552 0.0122893
1 0.543377 0.605688 0.00606343 0.0182584
1 0.321945 0.601826 0.0151586 0.0217697
1 0.551189 0.59691 0.00676306 0.0175562
1 0.295709 0.573385 0.00839552 0.00702247
1 0.664995 0.565485 0.0520056 0.0375702
1 0.556437 0.543188 0.00419776 0.00842697
1 0.56938 0.526334 0.00349813 0.00561798
1 0.547341 0.509831 0.00559701 0.00842697
1 0.614739 0.504565 0.00466418 0.00912921
1 0.355993 0.505442 0.00816231 0.0115871
1 0.576609 0.500527 0.0025653 0.0073736
1 0.532183 0.501756 0.00699627 0.0161517
1 0.602379 0.5 0.0139925 0.0154494
1 0.573111 0.457514 0.00816231 0.011236
1 0.526819 0.451545 0.0051306 0.0175562
1 0.451842 0.45014 0.0170243 0.0266854
1 0.352379 0.434515 0.00979478 0.00807584
1 0.782066 0.434867 0.00862873 0.0143961
1 0.675257 0.423455 0.0025653 0.00842697
1 0.260145 0.415906 0.00722948 0.00948034
1 0.477845 0.410815 0.00559701 0.00983146
1 0.749417 0.386587 0.0310168 0.0463483
1 0.654151 0.365871 0.00652985 0.011236
1 0.61847 0.364291 0.00559701 0.00877809
1 0.745452 0.362184 0.00536381 0.0129916
1 0.102379 0.359551 0.00652985 0.00772472
1 0.73694 0.359902 0.00606343 0.00912921
1 0.610774 0.358848 0.00746269 0.0154494
1 0.65625 0.355337 0.00373134 0.00983146
1 0.743937 0.349544 0.00699627 0.00948034
1 0.392607 0.341117 0.0076959 0.0122893
1 0.456273 0.292662 0.0128265 0.0165028
1 0.454757 0.280723 0.00139925 0.00667135
1 0.602962 0.290555 0.0174907 0.03125
1 0.173041 0.249298 0.00932836 0.0147472
1 0.151353 0.224544 0.0107276 0.0136938
1 0.390625 0.170295 0.00419776 0.00351124
1 0.400187 0.162746 0.00886194 0.0122893
1 0.357859 0.154319 0.0207556 0.03125
1 0.699044 0.143961 0.00489739 0.0161517
1 0.391908 0.142556 0.0114272 0.0147472
1 0.415695 0.137816 0.00862873 0.0101826
1 0.707323 0.143961 0.0153918 0.0238764
1 0.457673 0.134831 0.00816231 0.011236
1 0.469333 0.12816 0.0109608 0.00912921
1 0.640975 0.1329 0.0249534 0.0354635
1 0.678288 0.125 0.021222 0.0330056
1 0.662197 0.0976124 0.0128265 0.0238764
1 0.69951 0.0474017 0.00443097 0.00632022
1 0.69951 0.0482795 0.000699627 0.00105337
1 0.554688 0.039677 0.0076959 0.0140449
1 0.688316 0.0389747 0.0137593 0.0189607
1 0.567514 0.0323034 0.00722948 0.00842697
2 0.350746 0.944171 0.0139925 0.0259831
3 0.26854 0.91889 0.00583022 0.00772472
3 0.609142 0.882374 0.00279851 0.00491573
3 0.516908 0.796348 0.0025653 0.00421348
3 0.115905 0.769136 0.00373134 0.0059691
3 0.50548 0.763869 0.00349813 0.00526685
3 0.279035 0.747015 0.00396455 0.0059691
3 0.459188 0.706636 0.00233209 0.00386236
3 0.321712 0.704881 0.0025653 0.00316011
3 0.408815 0.693645 0.00419776 0.0059691
3 0.307486 0.684164 0.00303172 0.00526685
3 0.275303 0.675913 0.0025653 0.00421348
3 0.416978 0.675035 0.00419776 0.0059691
3 0.458955 0.675386 0.0051306 0.0073736
3 0.54431 0.654319 0.00419776 0.00667135
3 0.481576 0.653617 0.00326493 0.00526685
3 0.70056 0.633251 0.00279851 0.00386236
3 0.423158 0.625351 0.00349813 0.00491573
3 0.332206 0.619382 0.00396455 0.00702247
3 0.69368 0.606039 0.0025653 0.00280899
3 0.757696 0.591643 0.00279851 0.00421348
3 0.304104 0.589537 0.00419776 0.00702247
3 0.667094 0.588483 0.00396455 0.00561798
3 0.478661 0.54389 0.0025653 0.00351124
3 0.720266 0.537746 0.0025653 0.00386236
3 0.58034 0.521243 0.00443097 0.0059691
3 0.569963 0.518961 0.00326493 0.00351124
3 0.627332 0.517029 0.00373134 0.0059691
3 0.579174 0.504565 0.00209888 0.00351124
3 0.309935 0.505091 0.00373134 0.00667135
3 0.311334 0.485428 0.00419776 0.00526685
3 0.570779 0.477001 0.00349813 0.0059691
3 0.544426 0.472086 0.00583022 0.00877809
3 0.803755 0.41415 0.00443097 0.00667135
3 0.382696 0.40151 0.000932836 0.00175562
3 0.704757 0.394136 0.00139925 0.00245787
3 0.604361 0.384129 0.00209888 0.00351124
3 0.605993 0.373947 0.00396455 0.00561798
3 0.661147 0.361657 0.00233209 0.00351124
3 0.736007 0.343048 0.00279851 0.00351124
3 0.106227 0.342346 0.00396455 0.00561798
3 0.660448 0.338132 0.00233209 0.00351124
3 0.661031 0.326896 0.00303172 0.00421348
3 0.653218 0.324087 0.00233209 0.00351124
3 0.229361 0.319347 0.0025653 0.00456461
3 0.648904 0.316011 0.00349813 0.00421348
3 0.778801 0.312676 0.00303172 0.00456461
3 0.555037 0.304775 0.00419776 0.00632022
3 0.576609 0.301264 0.00349813 0.00561798
3 0.279384 0.266854 0.00373134 0.00561798
3 0.147971 0.241046 0.00303172 0.00526685
3 0.156833 0.24052 0.00396455 0.00632022
3 0.385145 0.228406 0.00536381 0.00667135
3 0.743937 0.222788 0.00373134 0.0059691
3 0.270289 0.217697 0.00279851 0.00421348
3 0.453708 0.203476 0.0025653 0.00386236
3 0.439599 0.15309 0.00233209 0.00351124
3 0.668144 0.144312 0.00466418 0.00842697
3 0.669543 0.117275 0.00186567 0.00351124
3 0.635611 0.108673 0.00209888 0.00316011
3 0.417561 0.102704 0.0025653 0.00386236
3 0.632929 0.0998947 0.00326493 0.00456461
3 0.498251 0.0726826 0.00303172 0.00421348
3 0.692281 0.0646067 0.00349813 0.00561798
