0 0.640975 0.795295 0.0025653 0.00491573
0 0.29291 0.771945 0.00139925 0.00245787
0 0.660448 0.756145 0.00279851 0.00526685
0 0.327542 0.524403 0.0104944 0.0305478
0 0.333372 0.487008 0.00303172 0.00561798
1 0.75583 0.692065 0.00606343 0.0154494
1 0.73799 0.592697 0.00722948 0.0147472
1 0.740089 0.396067 0.00583022 0.00632022
1 0.663596 0.101124 0.00349813 0.0105337
3 0.703125 0.863062 0.00373134 0.00561798
3 0.254081 0.817942 0.0025653 0.00456461
3 0.266208 0.797402 0.00303172 0.00561798
3 0.700793 0.794242 0.00279851 0.00421348
3 0.468867 0.767732 0.00489739 0.00667135
3 0.722948 0.75948 0.00233209 0.00351124
3 0.726213 0.703652 0.00233209 0.00351124
3 0.469566 0.693118 0.00349813 0.00491573
3 0.671642 0.641503 0.00186567 0.00351124
3 0.359725 0.547051 0.00349813 0.00561798
3 0.526236 0.501053 0.00303172 0.00421348
3 0.514925 0.441362 0.0051306 0.00842697
3 0.616838 0.365695 0.00373134 0.0059691
3 0.76201 0.355513 0.0025653 0.00386236
3 0.610308 0.342346 0.00326493 0.00491573
3 0.57521 0.287746 0.00209888 0.00316011
3 0.572994 0.270014 0.00419776 0.00702247
3 0.609725 0.196629 0.00396455 0.00561798
3 0.667677 0.105162 0.00279851 0.00386236
3 0.340951 0.068118 0.00233209 0.00351124
3 0.340602 0.0579354 0.00349813 0.00561798
3 0.346432 0.052493 0.00303172 0.00456461
3 0.613223 0.0470506 0.00396455 0.00632022
3 0.371269 0.0310744 0.00419776 0.00667135
3 0.407649 0.0215941 0.00279851 0.00456461
3 0.632696 0.0138694 0.00186567 0.00316011
