0 0.676892 0.841003 0.004090 0.002585
0 0.667178 0.823681 0.003067 0.002068
0 0.610174 0.822906 0.003579 0.005688
0 0.647239 0.816701 0.002045 0.002585
0 0.696575 0.809204 0.003579 0.003102
0 0.664366 0.807911 0.004601 0.003619
0 0.673313 0.804033 0.007157 0.011375
0 0.668456 0.790072 0.003579 0.004137
0 0.653374 0.795502 0.010225 0.017063
0 0.676125 0.786194 0.003579 0.003619
0 0.691973 0.779214 0.003579 0.003102
0 0.676125 0.777921 0.003579 0.005688
0 0.668200 0.775078 0.003067 0.002068
0 0.620654 0.775595 0.010225 0.008273
0 0.654908 0.779473 0.009202 0.017063
0 0.706288 0.769131 0.004601 0.005688
0 0.661299 0.769648 0.007669 0.006722
0 0.631135 0.766029 0.006646 0.006722
0 0.654908 0.764219 0.009202 0.005171
0 0.714724 0.747156 0.001022 0.001034
0 0.698620 0.751034 0.013804 0.013961
0 0.695808 0.748707 0.002045 0.003102
0 0.692229 0.726474 0.001022 0.001034
0 0.705266 0.734488 0.020961 0.024302
0 0.667178 0.721562 0.001022 0.001551
0 0.637781 0.724922 0.014826 0.008273
0 0.652607 0.723113 0.004601 0.006722
0 0.631391 0.717425 0.009202 0.004654
0 0.834356 0.711479 0.001022 0.001034
0 0.757157 0.711737 0.003067 0.002585
0 0.656442 0.710703 0.002045 0.001551
0 0.604550 0.708376 0.001534 0.002068
0 0.888548 0.706308 0.002045 0.002068
0 0.600971 0.705274 0.001534 0.001034
0 0.897751 0.703206 0.007157 0.006205
0 0.770194 0.701396 0.002556 0.002585
0 0.928425 0.698552 0.002045 0.005171
0 0.635225 0.697518 0.003579 0.003102
0 0.589980 0.696225 0.001022 0.001551
0 0.856339 0.700362 0.019427 0.011892
0 0.682260 0.699586 0.015849 0.010341
0 0.867076 0.693899 0.002045 0.001034
0 0.754346 0.703206 0.027096 0.019648
0 0.843047 0.693899 0.002045 0.003102
0 0.676892 0.693640 0.004090 0.002585
0 0.625256 0.698552 0.010225 0.014478
0 0.898773 0.691055 0.009202 0.006722
0 0.886759 0.689504 0.003579 0.003619
0 0.878067 0.689504 0.005624 0.003619
0 0.934305 0.683557 0.002556 0.005171
0 0.890082 0.680196 0.001022 0.001551
0 0.862219 0.682006 0.025051 0.018614
0 0.932515 0.668304 0.003067 0.002585
0 0.556493 0.667787 0.003579 0.004654
0 0.572597 0.664168 0.005112 0.003619
0 0.536554 0.658738 0.002556 0.002068
0 0.890337 0.653051 0.003579 0.007239
0 0.873722 0.653568 0.007157 0.008273
0 0.824387 0.650207 0.001534 0.001551
0 0.921524 0.646070 0.002556 0.002585
0 0.842536 0.645553 0.001022 0.001551
0 0.824898 0.643226 0.008691 0.010341
0 0.566973 0.645036 0.012270 0.013961
0 0.858384 0.647880 0.021472 0.021717
0 0.864008 0.635471 0.001022 0.001034
0 0.930726 0.635729 0.002556 0.004654
0 0.843303 0.638573 0.006646 0.010341
0 0.856084 0.634178 0.003579 0.003619
0 0.826431 0.633144 0.003579 0.003619
0 0.804959 0.628232 0.001534 0.001034
0 0.780930 0.636505 0.016871 0.017580
0 0.834356 0.630558 0.008180 0.007756
0 0.540133 0.630558 0.004601 0.007756
0 0.955266 0.627198 0.001534 0.006205
0 0.777607 0.624871 0.001022 0.001551
0 0.942229 0.625388 0.007157 0.004654
0 0.916155 0.624095 0.002045 0.002068
0 0.881391 0.624354 0.003067 0.002585
0 0.934816 0.620993 0.001534 0.002068
0 0.765593 0.619183 0.002556 0.003619
0 0.550613 0.632368 0.020450 0.036194
0 0.921012 0.615822 0.007669 0.010341
0 0.533998 0.627198 0.016871 0.033092
0 0.862986 0.616081 0.017382 0.016029
0 0.862474 0.618407 0.003067 0.003102
0 0.808538 0.614012 0.012781 0.018097
0 0.766104 0.606515 0.003579 0.003102
0 0.776329 0.606774 0.005624 0.004654
0 0.819018 0.604188 0.002045 0.001551
0 0.673824 0.604447 0.003067 0.002068
0 0.890337 0.608325 0.016871 0.011892
0 0.850971 0.603671 0.004601 0.004654
0 0.706544 0.601861 0.002045 0.001034
0 0.905419 0.601344 0.001022 0.002068
0 0.790133 0.600827 0.001534 0.001034
0 0.509458 0.601861 0.004601 0.003102
0 0.726483 0.600569 0.001022 0.001551
0 0.901840 0.600569 0.003067 0.003619
0 0.582311 0.599535 0.002045 0.001551
0 0.877045 0.604188 0.013804 0.012927
0 0.870399 0.599535 0.002556 0.003619
0 0.918967 0.598501 0.003579 0.003619
0 0.503323 0.597208 0.001534 0.001034
0 0.510481 0.596691 0.002556 0.002068
0 0.533231 0.594881 0.004090 0.003619
0 0.610429 0.593071 0.001022 0.002068
0 0.596626 0.593588 0.003067 0.003102
0 0.920757 0.592037 0.002045 0.002068
0 0.697342 0.591520 0.002045 0.001034
0 0.775051 0.593330 0.009202 0.006722
0 0.756646 0.604447 0.029652 0.029990
0 0.605828 0.590228 0.001022 0.001551
0 0.799847 0.592554 0.008691 0.008273
0 0.629601 0.589193 0.001534 0.001551
0 0.892638 0.592037 0.015337 0.011375
0 0.598671 0.588159 0.003067 0.003619
0 0.506391 0.587642 0.003579 0.004654
0 0.589724 0.585315 0.001534 0.002068
0 0.731339 0.589710 0.006646 0.011892
0 0.854294 0.587901 0.009202 0.010341
0 0.821575 0.586608 0.011247 0.014995
0 0.741820 0.579886 0.002045 0.001551
0 0.837423 0.579369 0.004090 0.002585
0 0.555982 0.590745 0.034254 0.025336
0 0.887526 0.579369 0.005112 0.006722
0 0.813395 0.579369 0.007157 0.008790
0 0.903119 0.570838 0.005624 0.003102
0 0.910276 0.570062 0.002556 0.002585
0 0.654141 0.570062 0.002556 0.002585
0 0.546524 0.568252 0.001022 0.001034
0 0.900818 0.566701 0.001022 0.002068
0 0.638292 0.567994 0.004601 0.004654
0 0.537832 0.566184 0.002045 0.001034
0 0.748722 0.574199 0.034254 0.019131
0 0.561094 0.565926 0.003579 0.005688
0 0.785020 0.564891 0.004601 0.005688
0 0.599182 0.563082 0.002045 0.002068
0 0.863497 0.567218 0.011247 0.012410
0 0.726483 0.560238 0.001022 0.001551
0 0.747444 0.560755 0.005112 0.004654
0 0.778119 0.572906 0.018405 0.031024
0 0.802658 0.562565 0.014315 0.014478
0 0.668967 0.557653 0.004601 0.004654
0 0.646728 0.555843 0.003067 0.003102
0 0.564673 0.554809 0.001534 0.001034
0 0.688395 0.558945 0.006646 0.010341
0 0.901329 0.553775 0.002045 0.002068
0 0.828988 0.553516 0.001534 0.001551
0 0.605061 0.554550 0.002556 0.003619
0 0.557260 0.553516 0.002045 0.001551
0 0.811350 0.552223 0.002045 0.003102
0 0.797802 0.551706 0.004601 0.004137
0 0.711912 0.560238 0.034254 0.026370
0 0.702454 0.561531 0.009202 0.007239
0 0.823875 0.547828 0.004601 0.003619
0 0.638804 0.554292 0.014826 0.018614
0 0.835634 0.544984 0.001534 0.002068
0 0.804448 0.544726 0.006646 0.004654
0 0.754857 0.541882 0.001534 0.001034
0 0.827710 0.541365 0.001022 0.002068
0 0.688906 0.544984 0.007669 0.009307
0 0.774284 0.542141 0.005624 0.005688
0 0.724182 0.540589 0.003579 0.003619
0 0.612730 0.541882 0.005624 0.006205
0 0.915644 0.538263 0.001022 0.001034
0 0.880624 0.539555 0.004601 0.003619
0 0.770961 0.535677 0.001022 0.002068
0 0.663599 0.551706 0.037832 0.034126
0 0.745143 0.536453 0.004601 0.004654
0 0.622444 0.535677 0.005624 0.004137
0 0.764059 0.535419 0.005624 0.006722
0 0.794734 0.532058 0.001534 0.002068
0 0.831544 0.532058 0.006646 0.007239
0 0.816973 0.529214 0.002045 0.001551
0 0.739008 0.525853 0.001534 0.001034
0 0.802403 0.527146 0.005624 0.005688
0 0.842025 0.516546 0.002045 0.001034
0 0.826176 0.514995 0.002045 0.002068
0 0.796012 0.514219 0.001022 0.001551
0 0.816718 0.513185 0.006646 0.007756
0 0.826943 0.504395 0.004601 0.006722
0 0.811861 0.502327 0.006135 0.004654
0 0.791667 0.504912 0.013804 0.012927
0 0.815440 0.483195 0.001022 0.001551
0 0.821319 0.482161 0.002556 0.003619
0 0.814673 0.465357 0.004601 0.004137
0 0.861963 0.462771 0.010225 0.011375
0 0.872955 0.445708 0.004601 0.007239
3 0.653374 0.816184 0.006135 0.003619
3 0.875511 0.736556 0.001534 0.001551
3 0.882413 0.734230 0.001022 0.001034
3 0.872699 0.730352 0.004090 0.006722
3 0.854039 0.725181 0.003579 0.003619
3 0.878067 0.724147 0.003579 0.003619
3 0.821830 0.723113 0.004601 0.004654
3 0.821063 0.715874 0.008180 0.009824
3 0.630624 0.623320 0.021984 0.025336
3 0.585123 0.560238 0.001534 0.001551
3 0.603016 0.547828 0.006646 0.005688
3 0.598671 0.545502 0.001022 0.001034
3 0.594325 0.552482 0.018916 0.014995