0 0.851563 0.434028 0.005208 0.004630
0 0.847801 0.427373 0.011574 0.015625
1 0.787037 0.689815 0.009259 0.008102
1 0.830150 0.520544 0.007523 0.012153
1 0.853877 0.482350 0.006366 0.008681
1 0.570602 0.491319 0.027778 0.027778
1 0.674769 0.429398 0.012731 0.010417
1 0.819734 0.353877 0.001736 0.002894
1 0.825231 0.344907 0.004630 0.005787
1 0.820313 0.344618 0.002894 0.008681
1 0.797743 0.323785 0.010995 0.010995
1 0.826100 0.307292 0.006366 0.004630
1 0.754340 0.279514 0.006366 0.008102
1 0.749711 0.269387 0.002894 0.002894
1 0.625000 0.259838 0.019676 0.019676
1 0.446181 0.162905 0.002315 0.002894
1 0.480903 0.129340 0.005787 0.004051
1 0.453993 0.100694 0.031829 0.023148
3 0.576968 0.790799 0.005787 0.004051
3 0.135995 0.727431 0.004630 0.005787
3 0.078414 0.535301 0.006366 0.004630
3 0.117766 0.527488 0.006366 0.007523
3 0.830440 0.438657 0.004630 0.004630
3 0.877025 0.424479 0.006366 0.006366
3 0.851273 0.407407 0.004630 0.005787
3 0.837674 0.383391 0.001736 0.001736