0 0.752441 0.763672 0.001953 0.003906
0 0.728271 0.752604 0.002441 0.003906
0 0.610352 0.746419 0.002930 0.003255
0 0.723633 0.717773 0.000977 0.001953
0 0.647949 0.717773 0.003906 0.005859
0 0.740234 0.697266 0.003906 0.005208
0 0.822998 0.680339 0.003418 0.003906
0 0.736572 0.669271 0.001465 0.002604
0 0.729980 0.666016 0.003906 0.003906
0 0.743408 0.659505 0.003418 0.003906
0 0.824707 0.658203 0.004883 0.002604
0 0.743408 0.652669 0.016113 0.012370
0 0.778564 0.647786 0.003418 0.006510
0 0.768311 0.645182 0.001465 0.001302
0 0.787354 0.643229 0.001465 0.001302
0 0.728760 0.645508 0.003418 0.005859
0 0.760498 0.638021 0.006348 0.013021
0 0.771240 0.631836 0.004395 0.004557
0 0.758789 0.625977 0.004883 0.005859
0 0.433838 0.614909 0.002441 0.003255
0 0.419922 0.612956 0.002930 0.003255
0 0.413086 0.605143 0.002930 0.003255
0 0.418701 0.603190 0.001465 0.001953
0 0.406982 0.604492 0.006348 0.004557
0 0.424316 0.597331 0.005859 0.012370
0 0.387939 0.591471 0.002441 0.004557
0 0.437256 0.591797 0.003418 0.007813
0 0.375244 0.577148 0.002441 0.001953
0 0.457520 0.568359 0.002930 0.003906
0 0.363281 0.564779 0.000977 0.001953
0 0.686279 0.563151 0.002441 0.002604
0 0.376709 0.558594 0.002441 0.002604
0 0.372803 0.556641 0.001465 0.002604
0 0.800537 0.555990 0.003418 0.007813
0 0.707764 0.551107 0.002441 0.004557
0 0.421143 0.558594 0.009277 0.022135
0 0.698242 0.549154 0.004883 0.008464
0 0.660400 0.543620 0.001465 0.001302
0 0.406250 0.552083 0.011719 0.019531
0 0.448975 0.555664 0.024902 0.042318
0 0.452393 0.546549 0.002441 0.003255
0 0.451416 0.543294 0.001465 0.003255
0 0.673340 0.539714 0.022461 0.027344
0 0.412598 0.528320 0.004883 0.004557
0 0.683105 0.525391 0.002930 0.003906
0 0.653320 0.518555 0.002930 0.003255
0 0.385010 0.516276 0.001465 0.005208
0 0.686768 0.516276 0.006348 0.006510
0 0.674072 0.513997 0.001465 0.001953
0 0.609863 0.515625 0.009766 0.009115
0 0.643799 0.513997 0.003418 0.007161
0 0.669189 0.509766 0.001465 0.001302
0 0.638672 0.509766 0.000977 0.001302
0 0.739502 0.509440 0.004395 0.004557
0 0.635498 0.520833 0.045410 0.027344
0 0.433838 0.511068 0.006348 0.007813
0 0.696289 0.502604 0.010742 0.011719
0 0.412109 0.497396 0.001953 0.002604
0 0.370850 0.496419 0.004395 0.004557
0 0.417969 0.495117 0.003906 0.009766
0 0.599854 0.490885 0.002441 0.002604
0 0.622314 0.502930 0.017090 0.029297
0 0.620605 0.511719 0.002930 0.003906
0 0.596191 0.489258 0.002930 0.005859
0 0.635742 0.485352 0.009766 0.012370
0 0.372070 0.480143 0.003906 0.005859
0 0.632324 0.473633 0.005859 0.005859
0 0.595459 0.474609 0.006348 0.010417
0 0.559326 0.471354 0.002441 0.003906
0 0.822266 0.468750 0.001953 0.001302
0 0.661377 0.460938 0.001465 0.001302
0 0.627441 0.459310 0.000977 0.001953
0 0.565918 0.466471 0.015625 0.016276
0 0.816895 0.456055 0.001953 0.003255
0 0.544189 0.456055 0.001465 0.003255
0 0.558105 0.453125 0.001953 0.002604
0 0.644043 0.450521 0.007813 0.010417
0 0.633789 0.447266 0.003906 0.003906
0 0.628418 0.445313 0.003906 0.005208
0 0.674316 0.443034 0.001953 0.003255
0 0.729248 0.443034 0.003418 0.004557
0 0.806641 0.438477 0.002930 0.005859
0 0.706787 0.444336 0.010254 0.017578
0 0.536133 0.436198 0.001953 0.002604
0 0.651855 0.438802 0.007813 0.011719
0 0.566895 0.440430 0.015625 0.014974
0 0.780029 0.433919 0.002441 0.003255
0 0.690186 0.429036 0.001465 0.003906
0 0.626953 0.430339 0.004883 0.007813
0 0.559326 0.427409 0.002441 0.003255
0 0.676270 0.431641 0.014648 0.019531
0 0.597168 0.424479 0.002930 0.007813
0 0.793945 0.424479 0.012695 0.009115
0 0.548096 0.418945 0.002441 0.003255
0 0.751465 0.426107 0.021484 0.021484
0 0.679932 0.416667 0.002441 0.002604
0 0.597900 0.417318 0.001465 0.003906
0 0.718262 0.433919 0.015625 0.041016
0 0.510986 0.414714 0.002441 0.005208
0 0.648926 0.410807 0.001953 0.002604
0 0.577393 0.412760 0.005371 0.006510
0 0.608398 0.446289 0.029297 0.077474
0 0.603027 0.459635 0.002930 0.003906
0 0.546387 0.412760 0.002930 0.010417
0 0.645508 0.408203 0.001953 0.002604
0 0.637451 0.410482 0.009277 0.013672
0 0.739990 0.404297 0.003418 0.005208
0 0.559570 0.402669 0.002930 0.004557
0 0.534424 0.401367 0.001465 0.001953
0 0.755127 0.394857 0.004395 0.008464
0 0.559814 0.393555 0.008301 0.005859
0 0.541260 0.390625 0.007324 0.009115
0 0.580811 0.389323 0.008301 0.010417
0 0.611328 0.385091 0.002930 0.003255
0 0.704102 0.385091 0.004883 0.009766
0 0.566650 0.382813 0.004395 0.006510
0 0.820313 0.378255 0.003906 0.006510
0 0.547119 0.370117 0.001465 0.001953
0 0.782227 0.370117 0.005859 0.007161
0 0.729736 0.369141 0.008301 0.009115
0 0.565674 0.365885 0.003418 0.005208
0 0.807617 0.364583 0.001953 0.003906
0 0.553223 0.363932 0.001953 0.002604
0 0.655273 0.361654 0.004883 0.005859
0 0.678467 0.369792 0.015137 0.023438
0 0.662598 0.360677 0.006836 0.007813
0 0.806152 0.355469 0.001953 0.002604
0 0.616699 0.355469 0.002930 0.006510
0 0.818848 0.353516 0.004883 0.005208
0 0.566406 0.355143 0.004883 0.009766
0 0.532715 0.351237 0.002930 0.003255
0 0.650391 0.349935 0.001953 0.003255
0 0.718750 0.346354 0.001953 0.002604
0 0.542480 0.343099 0.001953 0.002604
0 0.509033 0.347005 0.005371 0.010417
0 0.745850 0.341471 0.001465 0.003255
0 0.531738 0.340820 0.001953 0.003255
0 0.528809 0.341797 0.002930 0.005208
0 0.628418 0.338542 0.000977 0.001302
0 0.725830 0.342773 0.010254 0.022786
0 0.724854 0.333008 0.004395 0.003255
0 0.623779 0.333984 0.004395 0.006510
0 0.786377 0.331055 0.002441 0.003255
0 0.668457 0.321289 0.001953 0.001953
0 0.650635 0.323242 0.004395 0.005859
0 0.727539 0.315755 0.012695 0.006510
0 0.545166 0.314453 0.002441 0.003906
0 0.602783 0.308919 0.001465 0.001953
0 0.593018 0.308594 0.001465 0.001302
0 0.528320 0.311198 0.004883 0.006510
0 0.541016 0.304688 0.000977 0.001302
0 0.559082 0.306966 0.005859 0.007161
0 0.513184 0.307617 0.008789 0.016276
0 0.673096 0.301107 0.004395 0.004557
0 0.574219 0.300130 0.001953 0.002604
0 0.570313 0.301432 0.002930 0.005208
0 0.530029 0.298828 0.005371 0.009115
0 0.718018 0.295573 0.005371 0.006510
0 0.680176 0.299154 0.006836 0.013672
0 0.521729 0.296875 0.005371 0.009115
0 0.571289 0.292643 0.001953 0.004557
0 0.708496 0.289714 0.002930 0.005208
0 0.545898 0.287109 0.003906 0.003906
0 0.727783 0.287109 0.003418 0.006510
0 0.560059 0.280273 0.003906 0.008464
0 0.637939 0.273438 0.001465 0.002604
0 0.566162 0.272786 0.001465 0.001302
0 0.633545 0.271810 0.003418 0.004557
0 0.586426 0.277995 0.016602 0.016927
0 0.600098 0.270182 0.007813 0.013021
0 0.637939 0.265299 0.005371 0.004557
0 0.574463 0.267253 0.004395 0.008464
0 0.567139 0.258138 0.003418 0.003255
0 0.621094 0.268555 0.015625 0.030599
0 0.643555 0.254883 0.003906 0.007161
0 0.515625 0.252604 0.001953 0.003906
0 0.798340 0.253255 0.007813 0.013021
0 0.638672 0.248372 0.003906 0.007161
0 0.544189 0.242839 0.004395 0.006510
0 0.796875 0.241211 0.004883 0.005859
0 0.537842 0.239909 0.001465 0.004557
0 0.578613 0.239258 0.002930 0.004557
0 0.542236 0.235352 0.001465 0.001953
0 0.521973 0.236003 0.001953 0.004557
0 0.574463 0.231771 0.002441 0.005208
0 0.567139 0.229167 0.002441 0.003906
1 0.482666 0.810221 0.019043 0.011068
1 0.545654 0.789714 0.008301 0.010417
1 0.625732 0.783529 0.006348 0.005859
1 0.614014 0.779622 0.005371 0.004557
1 0.634766 0.774740 0.005859 0.006510
1 0.597412 0.784180 0.015137 0.025391
1 0.557373 0.775065 0.009277 0.009766
1 0.569580 0.781250 0.011230 0.023438
1 0.647705 0.770182 0.006348 0.006510
1 0.579346 0.764974 0.004395 0.003906
1 0.573730 0.755534 0.005859 0.005859
1 0.682129 0.759440 0.011719 0.014974
1 0.588623 0.753906 0.005371 0.010417
1 0.683105 0.728841 0.022461 0.034505
1 0.688721 0.735677 0.003418 0.009115
1 0.434326 0.712891 0.029785 0.016927
1 0.439209 0.717773 0.002441 0.003255
1 0.739014 0.705729 0.006348 0.011719
1 0.673584 0.703125 0.015137 0.006510
1 0.703125 0.700846 0.004883 0.005859
1 0.548340 0.695313 0.006836 0.009115
1 0.715088 0.680664 0.021973 0.020182
1 0.712402 0.685872 0.002930 0.003255
1 0.787842 0.617839 0.006348 0.015625
1 0.741699 0.633138 0.029297 0.052734
1 0.524414 0.555013 0.009766 0.008464
1 0.734619 0.593099 0.064941 0.097656
1 0.707764 0.521484 0.008301 0.011719
1 0.739258 0.524414 0.013672 0.018880
1 0.808838 0.527018 0.028809 0.041016
1 0.828369 0.479818 0.004395 0.006510
1 0.785645 0.467122 0.011719 0.025391
1 0.431396 0.454753 0.007324 0.005859
1 0.744873 0.459635 0.013184 0.031250
1 0.586182 0.446289 0.009277 0.024089
1 0.410400 0.376628 0.010254 0.014974
1 0.707031 0.305990 0.006836 0.005208
1 0.697754 0.286784 0.006836 0.008464
1 0.771973 0.281250 0.009766 0.010417
3 0.362061 0.765299 0.001465 0.003255
3 0.419678 0.758464 0.002441 0.003906
3 0.591064 0.729818 0.003418 0.002604
3 0.586182 0.720052 0.003418 0.002604
3 0.408691 0.559896 0.002930 0.003906
3 0.527588 0.553711 0.003418 0.004557
3 0.646973 0.267578 0.002930 0.003906
3 0.680420 0.253581 0.001465 0.001953
3 0.683838 0.248372 0.002441 0.004557
3 0.719482 0.238607 0.002441 0.001953