0 0.625772 0.532986 0.007716 0.008102
0 0.595293 0.490162 0.002315 0.008102
0 0.630787 0.484954 0.003858 0.006944
0 0.773148 0.476852 0.001543 0.004630
0 0.766975 0.472222 0.001543 0.002315
0 0.793210 0.474537 0.006173 0.011574
0 0.775077 0.468750 0.000772 0.002315
0 0.775463 0.464120 0.003086 0.004630
0 0.792052 0.451968 0.003858 0.005787
0 0.761188 0.443287 0.000772 0.002315
0 0.766590 0.434606 0.003858 0.005787
0 0.600694 0.337384 0.013117 0.017361
0 0.545525 0.265625 0.003086 0.008102
0 0.652778 0.254630 0.003086 0.004630
0 0.549769 0.247106 0.000772 0.001157
0 0.542052 0.251157 0.005401 0.009259
1 0.435957 0.434606 0.024691 0.052083
3 0.609182 0.170718 0.005401 0.008102