0 0.256135 0.733713 0.001022 0.002068
0 0.231595 0.730610 0.002045 0.001034
0 0.277352 0.729317 0.004601 0.004654
0 0.271472 0.719235 0.007157 0.006205
0 0.221370 0.715357 0.007157 0.006722
0 0.225716 0.709411 0.006646 0.007239
0 0.183793 0.705274 0.002556 0.003102
0 0.197342 0.686918 0.005112 0.003619
0 0.135736 0.685109 0.006646 0.009307
0 0.316207 0.676577 0.002556 0.001551
0 0.243609 0.666753 0.010736 0.008790
0 0.305215 0.646587 0.005112 0.003619
0 0.166922 0.642968 0.003579 0.003619
0 0.311605 0.641417 0.002556 0.004654
0 0.281953 0.637797 0.002556 0.002585
0 0.309049 0.633919 0.002556 0.003102
0 0.302403 0.631075 0.004601 0.002585
0 0.306493 0.628749 0.003579 0.004137
0 0.258180 0.633402 0.019427 0.013444
0 0.291667 0.627973 0.003579 0.003619
0 0.296779 0.628490 0.004601 0.006722
0 0.320297 0.625905 0.003579 0.003619
0 0.316718 0.621251 0.003579 0.005688
0 0.309305 0.612461 0.007157 0.004654
0 0.325665 0.603154 0.003067 0.002585
0 0.213190 0.575233 0.007157 0.005688
0 0.215746 0.560238 0.007157 0.005688
0 0.230573 0.550155 0.002045 0.002068
0 0.135225 0.548345 0.005624 0.003619
0 0.218047 0.545243 0.004601 0.004654
0 0.392382 0.498707 0.002556 0.003619
0 0.478783 0.331437 0.001534 0.001034
0 0.417689 0.328594 0.004090 0.004654
0 0.478783 0.327301 0.001534 0.004137
0 0.464980 0.327818 0.003579 0.005171
0 0.260225 0.302740 0.009202 0.006722
0 0.475204 0.300155 0.003579 0.003619
0 0.261247 0.294467 0.004090 0.003619
0 0.209356 0.266029 0.003579 0.004654
0 0.253834 0.212254 0.001534 0.003619
0 0.334867 0.205791 0.006135 0.011375
0 0.224949 0.203723 0.009202 0.011375
0 0.256135 0.198552 0.003067 0.003102
0 0.233384 0.196225 0.005624 0.005688
0 0.216513 0.194416 0.004601 0.004137
0 0.159765 0.196225 0.004601 0.007756
0 0.243609 0.191055 0.007669 0.006722
0 0.256902 0.184333 0.002556 0.004654
0 0.192740 0.172441 0.004090 0.004654
0 0.247699 0.158480 0.004601 0.006722
0 0.213446 0.151241 0.002556 0.005688
0 0.234407 0.149690 0.003579 0.004654
0 0.220859 0.141417 0.008180 0.006722
0 0.230317 0.139607 0.004601 0.008273
1 0.548569 0.860134 0.028630 0.031541
1 0.329243 0.796794 0.017382 0.026887
1 0.777607 0.779214 0.001022 0.001034
1 0.781186 0.805067 0.017382 0.069286
1 0.402863 0.766805 0.020450 0.028956
1 0.289877 0.740176 0.016360 0.017063
1 0.575409 0.630300 0.014826 0.014478
1 0.593303 0.615305 0.013804 0.012410
1 0.100971 0.389607 0.019939 0.016029
1 0.314928 0.330662 0.018405 0.030507
1 0.468303 0.253361 0.010225 0.009307
1 0.524540 0.252844 0.008180 0.010341
1 0.822086 0.231386 0.003067 0.002585
1 0.871421 0.230869 0.005624 0.005688
1 0.828732 0.225440 0.009202 0.011375
1 0.551892 0.223371 0.012781 0.007239
1 0.773262 0.179938 0.003579 0.005171
1 0.577454 0.094364 0.008691 0.012927
1 0.526074 0.110910 0.036810 0.054292