0 0.666667 0.292695 0.016975 0.027778
0 0.670910 0.264918 0.002315 0.005144
1 0.333333 0.351852 0.015432 0.020576
1 0.266975 0.316358 0.010802 0.013374
1 0.391590 0.291152 0.014660 0.012346
1 0.682099 0.265947 0.018519 0.019547
2 0.428241 0.222737 0.016975 0.023663
3 0.631173 0.584362 0.003086 0.004115
3 0.363426 0.449074 0.001543 0.003086
3 0.362654 0.432099 0.003086 0.004115
3 0.351080 0.432099 0.003086 0.006173
3 0.667824 0.213477 0.003858 0.005144
3 0.434799 0.213477 0.008488 0.009259
3 0.471451 0.193416 0.006173 0.006173
3 0.430170 0.172840 0.002315 0.004115