0 0.729167 0.439134 0.013528 0.012255
0 0.456710 0.150735 0.002165 0.005719
0 0.448864 0.146242 0.005952 0.006536
0 0.439665 0.110703 0.005952 0.007353
0 0.449405 0.111520 0.005952 0.012255
0 0.452922 0.083333 0.005411 0.008170
1 0.811959 0.571078 0.007035 0.013072
1 0.751353 0.554330 0.008117 0.005719
1 0.751353 0.540850 0.011364 0.009804
1 0.204004 0.411765 0.008658 0.006536
1 0.500000 0.269199 0.011905 0.010621
1 0.448593 0.129902 0.022727 0.021242
1 0.447240 0.133987 0.002165 0.002451
1 0.447781 0.129493 0.001082 0.001634
1 0.446158 0.068219 0.008117 0.010621
3 0.498918 0.891340 0.003247 0.004902
3 0.498918 0.845997 0.002165 0.002451
3 0.548972 0.715278 0.003788 0.005719
3 0.667208 0.523284 0.003247 0.005719
3 0.573593 0.381127 0.005411 0.007353
3 0.675595 0.304330 0.001623 0.002451