0 0.348958 0.739873 0.005208 0.008681
0 0.316189 0.736979 0.002170 0.002894
0 0.338108 0.738137 0.004340 0.008681
0 0.330295 0.733218 0.004340 0.004630
0 0.358290 0.726852 0.004774 0.008102
0 0.245443 0.645544 0.003038 0.004051
0 0.299696 0.607639 0.003038 0.008102
0 0.276910 0.610532 0.012153 0.013889
0 0.307726 0.607350 0.004340 0.008681
0 0.324436 0.605613 0.005642 0.009838
0 0.309245 0.591435 0.017795 0.019676
0 0.307509 0.589410 0.003038 0.005208
0 0.302951 0.581308 0.003472 0.002894
0 0.246094 0.583333 0.011285 0.011574
0 0.318359 0.576678 0.006510 0.007523
0 0.328993 0.570023 0.004340 0.003472
0 0.303385 0.568576 0.002604 0.005208
0 0.233073 0.570313 0.006076 0.008681
0 0.301215 0.561921 0.004340 0.006944
0 0.302734 0.553530 0.003038 0.004051
0 0.246094 0.553530 0.002604 0.004051
0 0.315755 0.550926 0.008247 0.006944
0 0.332899 0.548900 0.009549 0.009838
0 0.294054 0.551215 0.012587 0.020255
0 0.262370 0.541667 0.012587 0.011574
0 0.278212 0.536458 0.004340 0.006944
0 0.269748 0.532697 0.002170 0.002894
0 0.287326 0.535012 0.008681 0.009838
0 0.348090 0.528356 0.001736 0.002315
0 0.253038 0.528935 0.009549 0.012731
0 0.303819 0.528935 0.011285 0.016204
0 0.289280 0.522569 0.003906 0.005787
0 0.273438 0.525174 0.012153 0.014468
0 0.232639 0.537616 0.022569 0.053241
0 0.363498 0.509259 0.006510 0.005787
0 0.236328 0.485243 0.004774 0.006366
0 0.264757 0.481771 0.000868 0.001736
0 0.260851 0.480903 0.000868 0.002315
0 0.495443 0.322049 0.004774 0.007523
0 0.495660 0.313947 0.004340 0.005208
0 0.436415 0.223380 0.001302 0.002315
0 0.432726 0.222512 0.002604 0.004051
0 0.420356 0.220486 0.003038 0.003472
0 0.440972 0.216725 0.000868 0.001736
0 0.414497 0.215567 0.002604 0.004051
0 0.411458 0.204861 0.004340 0.005787
0 0.434462 0.208912 0.022569 0.017361
0 0.450521 0.191262 0.001736 0.002894
0 0.452040 0.199942 0.010851 0.021412
0 0.430990 0.192419 0.005208 0.007523
0 0.412326 0.190104 0.004340 0.005208
0 0.413845 0.184896 0.001302 0.002894
0 0.456814 0.180845 0.002170 0.004051
0 0.412977 0.177951 0.003038 0.004051
0 0.457031 0.160301 0.007813 0.011574
0 0.407335 0.152778 0.001302 0.002315
0 0.408637 0.149306 0.001302 0.001157
0 0.453776 0.149884 0.003038 0.003472
0 0.403646 0.140914 0.010417 0.015625
0 0.434462 0.131076 0.000868 0.002894
0 0.453776 0.131076 0.007378 0.014468
0 0.432292 0.120660 0.000868 0.001736
0 0.423828 0.120660 0.007378 0.013310
0 0.409722 0.121238 0.009549 0.020255
0 0.480903 0.109664 0.005208 0.006366
1 0.605686 0.945023 0.010851 0.010417
1 0.272135 0.877894 0.004340 0.008102
1 0.283203 0.876157 0.007378 0.011574
1 0.456163 0.831308 0.009549 0.007523
1 0.347005 0.829861 0.007378 0.010417
1 0.531467 0.818287 0.037760 0.018519
1 0.301215 0.796586 0.006944 0.013310
1 0.321615 0.780671 0.006076 0.010417
1 0.482856 0.776620 0.007378 0.012731
1 0.389323 0.760127 0.004340 0.005208
1 0.316840 0.759259 0.007813 0.012731
1 0.500868 0.755498 0.036458 0.016782
1 0.571615 0.741898 0.009549 0.018519
1 0.468967 0.731771 0.009983 0.015625
1 0.396050 0.724537 0.008247 0.012731
1 0.416667 0.699074 0.010417 0.006944
1 0.244575 0.708044 0.033420 0.034144
1 0.250434 0.692419 0.023438 0.028356
1 0.362630 0.665799 0.009115 0.012153
1 0.393880 0.665509 0.013455 0.018519
1 0.395616 0.649306 0.018663 0.017361
1 0.298611 0.648438 0.013889 0.017940
1 0.224175 0.645255 0.016059 0.018519
1 0.231337 0.640046 0.001736 0.002315
1 0.341146 0.629630 0.006944 0.010417
1 0.144748 0.618056 0.006510 0.016204
1 0.291233 0.622396 0.021701 0.038773
1 0.141493 0.600116 0.004340 0.008102
1 0.252387 0.615451 0.036892 0.044560
1 0.272786 0.572627 0.050781 0.051505
1 0.176649 0.543981 0.005208 0.011574
1 0.475260 0.543692 0.009549 0.013310
1 0.143663 0.546296 0.021701 0.038194
1 0.326823 0.520833 0.008681 0.023148
1 0.223307 0.506944 0.008247 0.013889
1 0.231337 0.495660 0.003472 0.009838
1 0.483507 0.494213 0.006076 0.012731
1 0.194661 0.475984 0.003038 0.007523
1 0.170139 0.487269 0.020833 0.041667
1 0.189887 0.456308 0.006510 0.014468
1 0.295139 0.441840 0.012153 0.016782
1 0.554253 0.413773 0.007813 0.016204
1 0.380425 0.374421 0.005642 0.009259
1 0.608073 0.354167 0.031250 0.019676
1 0.600260 0.341435 0.013021 0.017361
1 0.217014 0.325810 0.011285 0.011574
1 0.187066 0.318866 0.003472 0.004630
1 0.269531 0.298322 0.008681 0.014468
1 0.186198 0.302662 0.013889 0.025463
1 0.197483 0.289931 0.006944 0.006944
1 0.456163 0.279514 0.009549 0.008102
1 0.379123 0.262442 0.015191 0.014468
1 0.406033 0.258970 0.010851 0.008681
1 0.248698 0.242766 0.005208 0.006366
1 0.287977 0.235243 0.006510 0.008681
1 0.278212 0.226852 0.008681 0.010417
1 0.259549 0.237558 0.016493 0.034144
1 0.263455 0.236690 0.002604 0.002315
1 0.248264 0.223380 0.008681 0.017361
1 0.291233 0.219907 0.017361 0.018519
1 0.279297 0.208044 0.015191 0.021412
1 0.253255 0.189525 0.007378 0.009838
1 0.427734 0.181134 0.005642 0.010417
1 0.357856 0.127894 0.005642 0.006944
1 0.628689 0.128762 0.011719 0.009838
1 0.369141 0.122685 0.012587 0.011574
1 0.459852 0.060764 0.008247 0.008102
1 0.514757 0.054398 0.004340 0.004630
1 0.453776 0.050347 0.005642 0.005787
1 0.422309 0.053530 0.031250 0.012153
1 0.420356 0.040220 0.014323 0.009838
1 0.512370 0.043981 0.010851 0.018519
1 0.447917 0.036748 0.002604 0.004051
1 0.441840 0.034722 0.003472 0.003472
1 0.419922 0.031829 0.002170 0.003472
2 0.548828 0.841146 0.018663 0.019097
2 0.476345 0.645833 0.020399 0.024306
3 0.578125 0.953414 0.003472 0.004051
3 0.365017 0.854167 0.004340 0.004630
3 0.355035 0.836806 0.002604 0.004630
3 0.315321 0.828993 0.002170 0.002894
3 0.347005 0.827257 0.003038 0.002894
3 0.478299 0.801505 0.004340 0.005787
3 0.310113 0.791956 0.001302 0.002894
3 0.422309 0.791088 0.005208 0.004630
3 0.322700 0.783275 0.002170 0.002894
3 0.550998 0.769387 0.003038 0.004051
3 0.593967 0.761285 0.003038 0.002894
3 0.389974 0.758391 0.003038 0.005208
3 0.276042 0.737847 0.004340 0.004630
3 0.281467 0.680845 0.002170 0.002894
3 0.478950 0.660012 0.002170 0.004051
3 0.496745 0.657986 0.002170 0.002315
3 0.218099 0.644387 0.002170 0.004051
3 0.158203 0.616609 0.003038 0.004051
3 0.385200 0.614005 0.004774 0.006944
3 0.158203 0.584780 0.003038 0.002894
3 0.333984 0.581308 0.001302 0.002894
3 0.467882 0.574942 0.003472 0.004051
3 0.386285 0.571470 0.004340 0.002894
3 0.464627 0.563368 0.003906 0.004051
3 0.434896 0.563079 0.002604 0.005787
3 0.615451 0.559896 0.004340 0.005208
3 0.406467 0.540509 0.001302 0.004630
3 0.429688 0.531250 0.002604 0.003472
3 0.406033 0.528356 0.002170 0.003472
3 0.264974 0.523438 0.005642 0.007523
3 0.409505 0.516782 0.001302 0.002315
3 0.330946 0.493924 0.003038 0.002894
3 0.299045 0.475984 0.002604 0.004051
3 0.246094 0.457465 0.002604 0.002894
3 0.478733 0.455729 0.003472 0.004051
3 0.319010 0.431424 0.003472 0.004051
3 0.479167 0.421007 0.001736 0.001736
3 0.215061 0.397280 0.002170 0.002894
3 0.215929 0.307002 0.002170 0.002894
3 0.219835 0.298322 0.001302 0.002894
3 0.522786 0.295428 0.003038 0.005208
3 0.633464 0.290799 0.002170 0.002894
3 0.615234 0.290799 0.002170 0.002894
3 0.525608 0.287905 0.004340 0.005208
3 0.445747 0.288194 0.002604 0.005787
3 0.428385 0.274016 0.004340 0.002894
3 0.618707 0.273148 0.003038 0.004630
3 0.252604 0.269965 0.002604 0.004051
3 0.274740 0.261285 0.003472 0.004051
3 0.451172 0.258391 0.002170 0.004051
3 0.266927 0.256944 0.003472 0.004630
3 0.256293 0.250579 0.003038 0.003472
3 0.283203 0.245660 0.003038 0.004051
3 0.308377 0.245660 0.006510 0.007523
3 0.275608 0.236400 0.005208 0.005208
3 0.301215 0.232639 0.002604 0.004630
3 0.445530 0.186632 0.002170 0.004051
3 0.434245 0.184317 0.001302 0.005208
3 0.594184 0.105903 0.003472 0.004630