1 0.580247 0.814815 0.030864 0.039352
1 0.379244 0.791667 0.016204 0.020833
1 0.403164 0.769097 0.002315 0.005787
1 0.572531 0.784144 0.027778 0.040509
1 0.547454 0.770833 0.050154 0.046296
1 0.659722 0.627894 0.001543 0.010417
1 0.663194 0.603588 0.003858 0.012731
1 0.717978 0.545718 0.034722 0.047454
1 0.735725 0.496528 0.006944 0.009259
1 0.720679 0.453704 0.018519 0.020833
2 0.549383 0.802662 0.027778 0.070602
3 0.456019 0.925347 0.004630 0.008102
3 0.545139 0.711806 0.006944 0.011574
3 0.635802 0.689815 0.003086 0.004630
3 0.589120 0.652199 0.003858 0.005787
3 0.615355 0.607060 0.002315 0.005787