1 0.456790 0.936921 0.006173 0.005787
1 0.452160 0.875000 0.007716 0.004630
1 0.427855 0.818287 0.003858 0.004630
1 0.410880 0.769097 0.006944 0.005787
1 0.746528 0.715856 0.017747 0.038194
1 0.522377 0.558449 0.016975 0.012731
1 0.272762 0.297454 0.005401 0.006944
1 0.601852 0.278356 0.004630 0.005787
1 0.625386 0.270255 0.002315 0.005787
1 0.290895 0.240741 0.007716 0.004630
1 0.608025 0.228009 0.001543 0.006944
1 0.611497 0.214120 0.002315 0.004630
1 0.591049 0.204282 0.003086 0.005787
1 0.659722 0.202546 0.004630 0.004630
1 0.586034 0.196759 0.003858 0.002315
1 0.569830 0.200810 0.011574 0.017361
1 0.667438 0.162037 0.015432 0.037037
1 0.496914 0.120949 0.004630 0.008102
1 0.471836 0.097801 0.005401 0.008102
1 0.458719 0.090856 0.008488 0.008102
3 0.511188 0.942708 0.002315 0.003472
3 0.388117 0.895255 0.003086 0.003472
3 0.379630 0.883681 0.004630 0.005787
3 0.529707 0.880787 0.003858 0.004630
3 0.454861 0.873264 0.002315 0.003472
3 0.506944 0.867477 0.003086 0.003472
3 0.360725 0.864005 0.005401 0.005787
3 0.587191 0.840856 0.003086 0.003472
3 0.449846 0.840856 0.003086 0.003472
3 0.582176 0.830440 0.002315 0.003472
3 0.337191 0.823495 0.003086 0.005787
3 0.427855 0.817708 0.002315 0.003472
3 0.388503 0.810764 0.002315 0.003472
3 0.333719 0.800926 0.000772 0.002315
3 0.498071 0.799769 0.002315 0.004630
3 0.375772 0.787037 0.001543 0.002315
3 0.427469 0.780093 0.003086 0.004630
3 0.492670 0.730324 0.002315 0.004630
3 0.478395 0.721644 0.004630 0.003472
3 0.504630 0.707755 0.004630 0.005787
3 0.260031 0.706597 0.004630 0.003472
3 0.273534 0.703704 0.002315 0.002315
3 0.241898 0.693287 0.003858 0.002315
3 0.536651 0.693287 0.002315 0.004630
3 0.611883 0.684606 0.001543 0.003472
3 0.484568 0.671875 0.003086 0.003472
3 0.766975 0.662616 0.003086 0.003472
3 0.471065 0.661458 0.003858 0.003472
3 0.756944 0.656829 0.001543 0.003472
3 0.660108 0.649306 0.002315 0.004630
3 0.523534 0.606481 0.002315 0.002315
3 0.271605 0.592593 0.001543 0.002315
3 0.533179 0.591435 0.003086 0.002315
3 0.564815 0.589699 0.001543 0.003472
3 0.707176 0.564236 0.002315 0.005787
3 0.255401 0.498264 0.001543 0.001157
3 0.270448 0.481481 0.002315 0.004630
3 0.537809 0.473380 0.001543 0.002315
3 0.452932 0.414931 0.001543 0.001157
3 0.288194 0.374421 0.000772 0.003472
3 0.284722 0.357639 0.001543 0.002315
3 0.501157 0.333333 0.005401 0.004630
3 0.464892 0.332755 0.002315 0.003472
3 0.456019 0.332176 0.003086 0.004630
3 0.422454 0.329861 0.003858 0.004630
3 0.525849 0.309606 0.002315 0.003472
3 0.490741 0.292824 0.003086 0.004630
3 0.304398 0.293981 0.002315 0.006944
3 0.417438 0.288194 0.001543 0.004630
3 0.489583 0.285301 0.002315 0.003472
3 0.602623 0.277199 0.003086 0.005787
3 0.295139 0.276620 0.003858 0.004630
3 0.625772 0.269097 0.003086 0.005787
3 0.255787 0.267361 0.003858 0.004630
3 0.682870 0.261574 0.003086 0.002315
3 0.668981 0.256944 0.003086 0.004630
3 0.264275 0.249421 0.002315 0.003472
3 0.459491 0.245370 0.002315 0.002315
3 0.308642 0.240741 0.001543 0.004630
3 0.609954 0.229745 0.002315 0.005787
3 0.613040 0.214120 0.002315 0.004630
3 0.495756 0.210648 0.005401 0.004630
3 0.591049 0.203125 0.003086 0.003472
3 0.447917 0.203125 0.003858 0.003472
3 0.317515 0.198495 0.002315 0.003472
3 0.586420 0.197338 0.004630 0.005787
3 0.540123 0.195023 0.001543 0.001157
3 0.529707 0.181134 0.002315 0.003472
3 0.337191 0.179977 0.003086 0.003472
3 0.518519 0.177662 0.003086 0.005787
3 0.417438 0.172454 0.003086 0.004630
3 0.360725 0.166667 0.002315 0.004630
3 0.496142 0.158565 0.001543 0.002315
3 0.334877 0.156829 0.003086 0.003472
3 0.506559 0.141782 0.003858 0.003472
3 0.665509 0.134838 0.002315 0.003472
3 0.529707 0.132523 0.002315 0.003472
3 0.495756 0.130787 0.002315 0.002315
3 0.456790 0.111690 0.001543 0.003472
3 0.457176 0.102431 0.002315 0.005787
3 0.447531 0.067708 0.003086 0.003472