0 0.460938 0.946691 0.001042 0.001838
0 0.462500 0.943934 0.001042 0.001838
0 0.472135 0.940717 0.002604 0.002757
0 0.446615 0.931066 0.004687 0.009191
0 0.462760 0.926471 0.003646 0.005515
0 0.448958 0.922794 0.004167 0.005515
0 0.450000 0.917279 0.001042 0.001838
0 0.447917 0.916360 0.001042 0.001838
0 0.482031 0.915441 0.003646 0.007353
0 0.497135 0.901654 0.009896 0.018382
0 0.498437 0.901654 0.002083 0.003676
0 0.451042 0.893382 0.002083 0.003676
0 0.482552 0.892004 0.001563 0.002757
0 0.436458 0.891544 0.004167 0.009191
0 0.477604 0.887408 0.002083 0.002757
0 0.472135 0.888327 0.004687 0.010110
0 0.457813 0.887408 0.004167 0.010110
0 0.441927 0.885110 0.004687 0.009191
0 0.487760 0.881893 0.001563 0.004596
0 0.492188 0.894761 0.012500 0.032169
0 0.449479 0.881434 0.008333 0.012868
0 0.455729 0.877757 0.003125 0.007353
0 0.454688 0.870404 0.001042 0.001838
0 0.521094 0.901654 0.048438 0.079044
0 0.450521 0.862592 0.001042 0.002757
0 0.444792 0.869485 0.006250 0.016544
0 0.433854 0.868107 0.013542 0.022978
0 0.513802 0.854320 0.002604 0.002757
0 0.460417 0.855699 0.006250 0.009191
0 0.467448 0.856618 0.005729 0.012868
0 0.462240 0.849724 0.001563 0.002757
0 0.469792 0.847426 0.001042 0.001838
0 0.456510 0.846967 0.002604 0.004596
0 0.466667 0.844210 0.002083 0.004596
0 0.521094 0.845588 0.004687 0.009191
0 0.471615 0.840533 0.001563 0.002757
0 0.448698 0.840074 0.002604 0.005515
0 0.468750 0.832721 0.001042 0.003676
0 0.457552 0.829044 0.001563 0.003676
0 0.472917 0.822610 0.001042 0.001838
0 0.451562 0.823070 0.002083 0.004596
0 0.456250 0.821232 0.004167 0.006434
0 0.466667 0.812500 0.002083 0.003676
0 0.394792 0.783548 0.001042 0.002757
0 0.388542 0.773897 0.005208 0.011029
0 0.391146 0.752757 0.001042 0.001838
0 0.400781 0.765625 0.016146 0.029412
0 0.518750 0.746783 0.001042 0.002757
0 0.514583 0.739890 0.001042 0.001838
0 0.407031 0.727941 0.002604 0.003676
0 0.390625 0.736673 0.019792 0.024816
0 0.390104 0.730239 0.002083 0.002757
0 0.361458 0.704963 0.001042 0.007353
0 0.361458 0.698070 0.001042 0.002757
0 0.390365 0.693015 0.013021 0.038603
0 0.399219 0.675092 0.002604 0.004596
0 0.390365 0.674173 0.001563 0.002757
0 0.375781 0.664522 0.003646 0.007353
0 0.445833 0.664522 0.006250 0.012868
0 0.403906 0.660386 0.004687 0.006434
0 0.400000 0.658548 0.001042 0.002757
0 0.376563 0.655331 0.001042 0.001838
0 0.378385 0.654412 0.001563 0.001838
0 0.385937 0.653952 0.001042 0.002757
0 0.386198 0.669118 0.020313 0.038603
0 0.370052 0.638787 0.001563 0.001838
0 0.409896 0.636949 0.001042 0.001838
0 0.408333 0.634651 0.001042 0.002757
0 0.376302 0.634651 0.001563 0.002757
0 0.652344 0.632353 0.001563 0.003676
0 0.369531 0.633272 0.003646 0.005515
0 0.371094 0.629596 0.001563 0.001838
0 0.382813 0.635570 0.006250 0.017463
0 0.375260 0.628217 0.003646 0.004596
0 0.475781 0.628676 0.004687 0.007353
0 0.475000 0.621783 0.003125 0.002757
0 0.657813 0.625460 0.008333 0.013787
0 0.398958 0.619485 0.001042 0.001838
0 0.662760 0.619485 0.002604 0.003676
0 0.474479 0.615809 0.001042 0.001838
0 0.388021 0.617647 0.004167 0.005515
0 0.382813 0.619026 0.005208 0.011949
0 0.388281 0.611213 0.003646 0.005515
0 0.406250 0.607996 0.004167 0.006434
0 0.476042 0.605239 0.003125 0.006434
0 0.380208 0.602941 0.008333 0.014706
0 0.372917 0.594669 0.001042 0.001838
0 0.399479 0.598805 0.008333 0.013787
0 0.397656 0.598805 0.001563 0.002757
0 0.390885 0.593750 0.005729 0.011029
0 0.391927 0.597886 0.001563 0.002757
0 0.528906 0.588695 0.004687 0.008272
0 0.692969 0.583180 0.001563 0.004596
0 0.384635 0.580423 0.001563 0.002757
0 0.365625 0.585478 0.009375 0.012868
0 0.362500 0.587316 0.002083 0.003676
0 0.380208 0.573070 0.001042 0.002757
0 0.414063 0.570313 0.001042 0.002757
0 0.372396 0.571232 0.001042 0.004596
0 0.364063 0.573529 0.004167 0.014706
0 0.510156 0.569393 0.006771 0.008272
0 0.411198 0.565257 0.002604 0.003676
0 0.255208 0.567555 0.005208 0.008272
0 0.299479 0.566176 0.005208 0.011029
0 0.482292 0.563879 0.003125 0.008272
0 0.671615 0.562500 0.003646 0.009191
0 0.277604 0.559743 0.002083 0.003676
0 0.461979 0.564798 0.006250 0.017463
0 0.473958 0.557904 0.003125 0.009191
0 0.262500 0.556066 0.005208 0.005515
0 0.504687 0.553309 0.002083 0.001838
0 0.664583 0.554688 0.003125 0.006434
0 0.288542 0.555607 0.011458 0.008272
0 0.287500 0.556066 0.002083 0.003676
0 0.480208 0.551930 0.002083 0.004596
0 0.357812 0.551011 0.002083 0.002757
0 0.404167 0.548713 0.001042 0.001838
0 0.498177 0.549632 0.005729 0.009191
0 0.408854 0.547335 0.003125 0.004596
0 0.502344 0.545496 0.001563 0.002757
0 0.415365 0.546415 0.001563 0.004596
0 0.270313 0.547335 0.003125 0.006434
0 0.675000 0.549632 0.005208 0.014706
0 0.366146 0.553768 0.008333 0.026654
0 0.447135 0.536765 0.001563 0.005515
0 0.480208 0.534007 0.001042 0.001838
0 0.384635 0.555607 0.022396 0.054228
0 0.380729 0.540901 0.002083 0.006434
0 0.379167 0.538603 0.002083 0.003676
0 0.457292 0.529412 0.003125 0.005515
0 0.409375 0.529412 0.003125 0.005515
0 0.463542 0.550551 0.016667 0.049632
0 0.460156 0.543658 0.003646 0.008272
0 0.631771 0.532169 0.005208 0.014706
0 0.403906 0.530790 0.005729 0.015625
0 0.431250 0.534467 0.006250 0.024816
0 0.502083 0.522518 0.001042 0.002757
0 0.401562 0.522059 0.001042 0.001838
0 0.248698 0.525276 0.003646 0.010110
0 0.419010 0.533548 0.011979 0.028493
0 0.516927 0.533548 0.026562 0.032169
0 0.271615 0.519301 0.001563 0.003676
0 0.400781 0.517463 0.002604 0.003676
0 0.459115 0.514706 0.001563 0.007353
0 0.495312 0.525735 0.010417 0.034926
0 0.428125 0.514246 0.007292 0.013787
0 0.441146 0.521140 0.014583 0.029412
0 0.507292 0.508732 0.005208 0.010110
0 0.357812 0.503217 0.002083 0.004596
0 0.348958 0.500000 0.001042 0.001838
0 0.507292 0.494026 0.002083 0.002757
0 0.272656 0.495404 0.003646 0.009191
0 0.263802 0.487592 0.001563 0.002757
0 0.275000 0.487592 0.003125 0.004596
0 0.392708 0.488971 0.007292 0.020221
0 0.283594 0.481618 0.004687 0.005515
0 0.344792 0.488051 0.010417 0.022059
0 0.260937 0.509191 0.015625 0.066176
0 0.267188 0.503217 0.002083 0.002757
0 0.293229 0.479779 0.008333 0.012868
0 0.462760 0.494026 0.017188 0.048713
0 0.316146 0.472426 0.003125 0.005515
0 0.604167 0.492188 0.017708 0.050551
0 0.358333 0.481158 0.012500 0.037684
0 0.357812 0.478401 0.003125 0.006434
0 0.320052 0.464154 0.002604 0.007353
0 0.282552 0.465074 0.003646 0.011029
0 0.319792 0.457721 0.001042 0.001838
0 0.269271 0.472886 0.013542 0.032169
0 0.515625 0.457261 0.004167 0.010110
0 0.358073 0.455882 0.003646 0.009191
0 0.562760 0.552390 0.092188 0.205882
0 0.451302 0.459099 0.010937 0.019301
0 0.323698 0.451287 0.002604 0.003676
0 0.664583 0.450827 0.004167 0.006434
0 0.346094 0.461857 0.015104 0.034007
0 0.347396 0.457261 0.003125 0.008272
0 0.348177 0.451287 0.001563 0.003676
0 0.290365 0.452665 0.008854 0.015625
0 0.511458 0.441176 0.001042 0.001838
0 0.665885 0.441176 0.004687 0.005515
0 0.272396 0.446232 0.009375 0.019301
0 0.332292 0.444853 0.007292 0.018382
0 0.296615 0.437040 0.001563 0.002757
0 0.288021 0.435202 0.003125 0.008272
0 0.312500 0.443015 0.028125 0.034926
0 0.303125 0.448989 0.002083 0.004596
0 0.302865 0.443015 0.002604 0.003676
0 0.337240 0.414982 0.013021 0.024816
0 0.333854 0.409007 0.002083 0.003676
0 0.545312 0.403033 0.001042 0.002757
0 0.370833 0.407629 0.008333 0.017463
0 0.300000 0.397978 0.002083 0.003676
0 0.377344 0.385110 0.005729 0.011029
0 0.316146 0.381434 0.004167 0.011029
0 0.565365 0.388327 0.010937 0.026654
0 0.335156 0.377298 0.003646 0.006434
0 0.597917 0.417279 0.048958 0.093750
0 0.533854 0.370404 0.012500 0.025735
0 0.556771 0.361673 0.005208 0.015625
0 0.369010 0.358456 0.002604 0.009191
0 0.374219 0.357996 0.003646 0.010110
0 0.529948 0.350643 0.001563 0.002757
0 0.271875 0.349265 0.001042 0.001838
0 0.366927 0.347426 0.003646 0.011029
0 0.269792 0.345129 0.004167 0.006434
0 0.500781 0.346048 0.006771 0.011949
0 0.271094 0.332261 0.002604 0.006434
0 0.360156 0.321232 0.001563 0.004596
0 0.287240 0.318934 0.001563 0.007353
0 0.367188 0.312040 0.002083 0.002757
0 0.599479 0.310662 0.001042 0.001838
0 0.353906 0.314338 0.003646 0.009191
0 0.370573 0.316636 0.006771 0.028493
0 0.601823 0.303768 0.003646 0.008272
0 0.528906 0.302390 0.007813 0.012868
0 0.282813 0.298713 0.011458 0.045956
0 0.267969 0.296415 0.026562 0.048713
0 0.277865 0.310202 0.001563 0.002757
0 0.266927 0.309743 0.002604 0.005515
0 0.471094 0.239890 0.001563 0.003676
0 0.510417 0.234375 0.001042 0.003676
0 0.505990 0.233915 0.001563 0.002757
0 0.490365 0.241268 0.023438 0.035846
1 0.683854 0.665901 0.027083 0.045037
1 0.462500 0.595129 0.005208 0.004596
1 0.657552 0.595129 0.027604 0.039522
1 0.701823 0.590074 0.016146 0.045956
1 0.396094 0.551011 0.013021 0.026654
1 0.670052 0.513787 0.008854 0.014706
1 0.420833 0.482077 0.009375 0.011949
1 0.686979 0.437500 0.006250 0.014706
1 0.324219 0.410846 0.013021 0.018382
1 0.321354 0.408088 0.002083 0.003676
1 0.358854 0.406250 0.011458 0.031250
1 0.437760 0.408088 0.058854 0.080882
1 0.304167 0.375000 0.010417 0.025735
1 0.463021 0.347426 0.015625 0.027574
1 0.357552 0.295496 0.004687 0.015625
1 0.356510 0.271599 0.014063 0.034007
1 0.609115 0.247702 0.025521 0.041360
3 0.664583 0.704044 0.006250 0.012868
3 0.646615 0.705423 0.008854 0.015625
3 0.392448 0.625460 0.009896 0.019301
3 0.390625 0.629136 0.003125 0.006434
3 0.392448 0.622702 0.001563 0.002757
3 0.433073 0.605699 0.011979 0.016544
3 0.430729 0.607537 0.002083 0.003676
3 0.682813 0.579504 0.006250 0.013787
3 0.625781 0.549632 0.004687 0.009191
3 0.334115 0.504596 0.006771 0.014706
3 0.504167 0.473805 0.007292 0.019301