0 0.590576 0.887044 0.005371 0.005859
0 0.258545 0.838867 0.004395 0.004557
0 0.263916 0.740234 0.013184 0.015625
0 0.768311 0.713542 0.003418 0.009115
0 0.247803 0.685872 0.003418 0.004557
0 0.223633 0.664714 0.003906 0.007813
0 0.827393 0.604167 0.005371 0.005208
0 0.181885 0.435221 0.007324 0.011068
0 0.507324 0.425456 0.006836 0.009766
0 0.642334 0.387044 0.004395 0.011068
0 0.323730 0.335286 0.002930 0.003906
0 0.591553 0.334310 0.003418 0.005859
0 0.312500 0.332031 0.016602 0.023438
0 0.312744 0.317057 0.003418 0.006510
0 0.306885 0.315430 0.001465 0.003255
0 0.314209 0.306966 0.002441 0.003255
0 0.342041 0.303060 0.005371 0.008464
0 0.227539 0.295573 0.004883 0.006510
0 0.703125 0.280273 0.001953 0.005859
0 0.739258 0.206380 0.006836 0.010417
0 0.752441 0.173503 0.005859 0.008464
0 0.589600 0.142578 0.003418 0.005208
0 0.571777 0.082357 0.003906 0.007161
0 0.454834 0.077799 0.004395 0.007161