0 0.492953 0.807598 0.011642 0.008987
0 0.700368 0.732026 0.001225 0.003268
0 0.702206 0.728350 0.001225 0.000817
0 0.478554 0.735703 0.014706 0.017157
0 0.697917 0.697304 0.003676 0.007353
0 0.526348 0.692402 0.001225 0.002451
0 0.681985 0.695670 0.013480 0.018791
0 0.550858 0.689134 0.009804 0.008987
0 0.724877 0.680147 0.002451 0.002451
0 0.526042 0.679739 0.000613 0.001634
0 0.674020 0.682598 0.012255 0.008987
0 0.530944 0.683824 0.014093 0.016340
0 0.753064 0.665850 0.002451 0.003268
0 0.523591 0.662990 0.009191 0.007353
0 0.665135 0.659722 0.009191 0.015523
0 0.678615 0.642974 0.017770 0.021242
0 0.717525 0.632353 0.004902 0.004902
0 0.684130 0.629493 0.001838 0.004085
0 0.729779 0.624183 0.001225 0.001634
0 0.692402 0.623366 0.011029 0.013072
0 0.723652 0.617239 0.003676 0.005719
0 0.505208 0.522059 0.005515 0.006536
0 0.491115 0.517157 0.007966 0.008170
0 0.303309 0.392565 0.001225 0.000817
0 0.294730 0.392157 0.003676 0.004902
0 0.302083 0.387663 0.002451 0.002451
0 0.294118 0.386029 0.007353 0.007353
0 0.303309 0.374592 0.001225 0.005719
0 0.421569 0.353350 0.001225 0.000817
0 0.278186 0.363971 0.019608 0.022059
0 0.275735 0.351716 0.001225 0.002451
0 0.419118 0.345997 0.009804 0.015523
0 0.542279 0.256536 0.001225 0.001634
0 0.432598 0.257761 0.006127 0.012255
0 0.365196 0.248775 0.004902 0.004085
0 0.359069 0.252042 0.011029 0.010621
0 0.396446 0.260621 0.022059 0.035948
0 0.404105 0.267974 0.001225 0.002451
0 0.532782 0.245098 0.012868 0.024510
0 0.509498 0.233252 0.001838 0.002451
0 0.546262 0.229575 0.001838 0.001634
0 0.771752 0.227533 0.005515 0.007353
0 0.281250 0.228350 0.009804 0.008987
0 0.568015 0.231209 0.009804 0.016340
0 0.559743 0.227533 0.005515 0.008987
0 0.318321 0.224265 0.001838 0.002451
0 0.578738 0.220588 0.001838 0.003268
0 0.317402 0.219363 0.001225 0.002451
0 0.368873 0.216095 0.002451 0.004085
0 0.608762 0.214461 0.001838 0.002451
0 0.374081 0.214461 0.004289 0.005719
0 0.300551 0.213235 0.003064 0.003268
0 0.612745 0.214052 0.003676 0.006536
0 0.416667 0.220588 0.029412 0.031046
0 0.403799 0.220997 0.001838 0.003268
0 0.294730 0.204248 0.001225 0.001634
0 0.585172 0.198938 0.001225 0.005719
0 0.327512 0.207516 0.017770 0.032680
0 0.321998 0.212010 0.001225 0.001634
0 0.343137 0.192402 0.001225 0.004085
0 0.334559 0.191585 0.001225 0.002451
0 0.345282 0.185049 0.005515 0.005719
0 0.595895 0.184232 0.004289 0.005719
0 0.343444 0.181781 0.001838 0.000817
0 0.344669 0.166667 0.001838 0.001634
0 0.354167 0.167075 0.006127 0.008987
0 0.472733 0.203023 0.074142 0.084150
0 0.395833 0.162582 0.002451 0.003268
0 0.339767 0.161356 0.001838 0.000817
0 0.347426 0.162173 0.002451 0.004085
0 0.342831 0.156454 0.003064 0.002451
0 0.721507 0.157680 0.005515 0.009804
0 0.377145 0.171977 0.036152 0.048203
0 0.367953 0.138889 0.000613 0.001634
0 0.711091 0.135212 0.005515 0.004085
0 0.633578 0.136438 0.008578 0.008170
0 0.651961 0.124592 0.006127 0.007353
0 0.636336 0.117647 0.006740 0.006536
0 0.619792 0.116830 0.010417 0.008170
0 0.584559 0.095180 0.001225 0.000817
0 0.581495 0.093546 0.002451 0.002451
0 0.601103 0.099265 0.024510 0.028595
0 0.620404 0.088235 0.014093 0.011438
0 0.636949 0.079657 0.009191 0.007353
0 0.633885 0.074755 0.003064 0.000817
0 0.534926 0.075980 0.025735 0.034314
0 0.578738 0.064542 0.030025 0.022876
1 0.183824 0.686683 0.018382 0.041667
1 0.513480 0.814542 0.617647 0.315359
1 0.333946 0.680147 0.001838 0.001634
1 0.190870 0.617647 0.010417 0.006536
1 0.461091 0.608252 0.015319 0.010621
1 0.431373 0.603758 0.023284 0.024510
1 0.162990 0.598448 0.014706 0.013889
1 0.175858 0.582516 0.015931 0.021242
1 0.154412 0.543709 0.009804 0.041667
1 0.418505 0.522059 0.028186 0.026144
1 0.340380 0.586193 0.155025 0.169118
1 0.437806 0.450572 0.015319 0.008987
1 0.402880 0.431373 0.000613 0.001634
1 0.411765 0.428105 0.015931 0.011438
1 0.504596 0.440768 0.075368 0.041667
1 0.346201 0.427696 0.044118 0.036765
1 0.345588 0.310458 0.004902 0.004902
1 0.340074 0.311275 0.004902 0.006536
1 0.482537 0.275327 0.072917 0.063725
1 0.547794 0.217729 0.018382 0.018791
1 0.523897 0.200163 0.015931 0.016340
1 0.486520 0.184641 0.014706 0.017974
1 0.576287 0.160948 0.055760 0.053922
1 0.341912 0.133578 0.011029 0.010621
1 0.393689 0.129085 0.009191 0.019608
1 0.609681 0.058824 0.030637 0.016340
3 0.606924 0.448121 0.007966 0.012255
3 0.724877 0.176879 0.001225 0.000817
3 0.694853 0.141340 0.004902 0.006536