0 0.412598 0.412760 0.004883 0.005208
0 0.426514 0.374023 0.001465 0.001953
0 0.403320 0.370768 0.002930 0.003255
0 0.408203 0.367839 0.002930 0.002604
0 0.415527 0.371745 0.007813 0.014323
0 0.429688 0.361654 0.000977 0.001953
0 0.402344 0.344076 0.001953 0.001953
0 0.416504 0.338216 0.002930 0.003255
0 0.512939 0.331055 0.003418 0.005859
0 0.392822 0.327799 0.005371 0.009766
0 0.397705 0.311523 0.002441 0.007161
0 0.428223 0.297852 0.004883 0.008464
0 0.406250 0.293945 0.004883 0.005859
0 0.435059 0.289063 0.000977 0.001302
0 0.413818 0.288086 0.001465 0.001953
0 0.405762 0.284180 0.003906 0.004557
0 0.427734 0.273763 0.005859 0.008464
0 0.402588 0.266276 0.002441 0.006510
1 0.213379 0.706055 0.006836 0.014974
1 0.226563 0.677409 0.007813 0.014974
1 0.304932 0.632161 0.025879 0.037760
1 0.250244 0.569987 0.021973 0.027995
1 0.220947 0.437500 0.009277 0.018229
1 0.519287 0.354818 0.019043 0.031250
1 0.473877 0.121094 0.020996 0.033854
2 0.238037 0.709635 0.001465 0.002604
2 0.244873 0.694987 0.020996 0.031901
3 0.470703 0.847005 0.004883 0.006510
3 0.458252 0.692383 0.006348 0.005859
3 0.433350 0.686198 0.002441 0.002604
3 0.631592 0.668294 0.001465 0.001953
3 0.637207 0.660156 0.009766 0.011719
3 0.544678 0.587240 0.002441 0.002604
3 0.511963 0.583659 0.004395 0.003255
3 0.519531 0.577474 0.005859 0.007813
3 0.467041 0.575521 0.002441 0.003906
3 0.397705 0.550456 0.007324 0.018880
3 0.600830 0.424154 0.004395 0.004557
3 0.526611 0.316081 0.004395 0.007161
3 0.633057 0.229818 0.002441 0.005208