3 0.369985 0.860532 0.003858 0.003472
3 0.391590 0.857639 0.002315 0.004630
3 0.341435 0.800926 0.002315 0.002315
3 0.697145 0.741319 0.002315 0.003472
3 0.704090 0.734375 0.002315 0.003472
3 0.476080 0.729745 0.003086 0.003472
3 0.379630 0.643519 0.001543 0.002315
3 0.533565 0.592593 0.002315 0.002315
3 0.408179 0.574074 0.001543 0.002315
3 0.432870 0.522569 0.003086 0.005787
3 0.350309 0.508102 0.001543 0.002315
3 0.324460 0.348958 0.002315 0.003472
3 0.454861 0.309606 0.002315 0.003472
3 0.638889 0.155671 0.003086 0.008102