0 0.595459 0.763346 0.002441 0.003255
0 0.640137 0.744141 0.002930 0.003906
0 0.619629 0.750326 0.027344 0.029297
0 0.644531 0.727214 0.002930 0.003906
0 0.599609 0.725586 0.004883 0.005859
0 0.602051 0.716797 0.001953 0.002604
0 0.635254 0.697591 0.002930 0.003255
0 0.651367 0.703776 0.019531 0.036458
0 0.646484 0.702474 0.003906 0.005208
0 0.630371 0.683919 0.006836 0.011068
0 0.270264 0.679036 0.003418 0.005208
0 0.603760 0.678385 0.013184 0.006510
0 0.605957 0.696615 0.029297 0.048177
0 0.642822 0.679362 0.011230 0.021484
0 0.281250 0.668620 0.005859 0.009115
0 0.304688 0.663086 0.000977 0.001953
0 0.268555 0.666992 0.006836 0.009766
0 0.292480 0.665690 0.014648 0.017578
0 0.282959 0.656576 0.002441 0.005859
0 0.276611 0.654622 0.003418 0.005859
0 0.286133 0.651042 0.002930 0.003906
0 0.275879 0.636068 0.010742 0.013021
0 0.339600 0.635742 0.010254 0.013672
0 0.281494 0.621745 0.010254 0.014323
0 0.279785 0.625000 0.001953 0.002604
0 0.290771 0.615885 0.006348 0.009115
0 0.714600 0.590169 0.007324 0.009766
0 0.331543 0.602539 0.055664 0.050130
0 0.711182 0.564453 0.009277 0.029948
0 0.448730 0.255534 0.003906 0.003255
0 0.425781 0.253255 0.002930 0.007813
0 0.450928 0.240560 0.004395 0.007161
0 0.454834 0.234049 0.003418 0.007161
0 0.448486 0.222982 0.002441 0.003255
0 0.455811 0.217773 0.002441 0.004557
0 0.452393 0.213216 0.002441 0.004557
0 0.422119 0.196615 0.001465 0.002604
0 0.408447 0.197266 0.004395 0.006510
1 0.326660 0.642578 0.009766 0.026042
1 0.327393 0.634440 0.002441 0.003255
3 0.517334 0.755859 0.002441 0.006510
3 0.605469 0.743164 0.004883 0.005859
3 0.673096 0.490560 0.007324 0.009766