0 0.323242 0.858073 0.022461 0.024740
0 0.481689 0.847656 0.007324 0.006510
0 0.330322 0.783529 0.013184 0.014974
0 0.253906 0.763021 0.004883 0.009115
0 0.353516 0.758464 0.001953 0.003906
0 0.313965 0.731120 0.008789 0.013021
0 0.326904 0.725911 0.009277 0.011719
0 0.274902 0.714193 0.007813 0.009115
0 0.315918 0.713216 0.005859 0.008464
0 0.208740 0.559896 0.004395 0.006510
0 0.283936 0.545247 0.001465 0.001953
0 0.182617 0.543945 0.003906 0.004557
0 0.176514 0.540690 0.005371 0.005859
0 0.184082 0.530924 0.001953 0.003255
0 0.269043 0.530924 0.003906 0.004557
0 0.257324 0.529948 0.002930 0.005208
0 0.181396 0.520508 0.018066 0.014974
0 0.261719 0.513346 0.008789 0.017578
0 0.168213 0.491211 0.005371 0.016276
0 0.283691 0.493815 0.035156 0.027995
0 0.295654 0.479167 0.002441 0.003906
0 0.786377 0.459635 0.009277 0.011719
0 0.282959 0.459961 0.008301 0.012370
0 0.491211 0.445638 0.005859 0.005859
0 0.300537 0.393555 0.005371 0.008464
0 0.344727 0.372396 0.000977 0.001302
0 0.336670 0.359701 0.003418 0.007161
0 0.339355 0.349935 0.004883 0.008464
0 0.350098 0.334310 0.001953 0.001953
0 0.337891 0.335286 0.006836 0.013021
0 0.345459 0.324870 0.007324 0.006510
0 0.262939 0.277344 0.008301 0.009115
0 0.284668 0.235677 0.009766 0.009115
3 0.227539 0.523438 0.007813 0.006510