0 0.592529 0.663411 0.009277 0.014323
0 0.712158 0.653646 0.003418 0.003906
0 0.584473 0.629883 0.003906 0.004557
0 0.724365 0.585612 0.007324 0.007161
0 0.704590 0.571289 0.009766 0.008464
0 0.523193 0.535482 0.002441 0.001953
0 0.517334 0.535807 0.005371 0.002604
0 0.528809 0.533854 0.001953 0.001302
0 0.535400 0.533854 0.002441 0.002604
0 0.542236 0.533529 0.003418 0.003255
0 0.677490 0.522135 0.005371 0.006510
0 0.687500 0.519531 0.001953 0.003906
0 0.678223 0.448242 0.002930 0.003255
0 0.703369 0.440430 0.002441 0.005859
0 0.736572 0.435547 0.003418 0.005208
0 0.718018 0.429362 0.001465 0.001953
0 0.670166 0.431641 0.003418 0.006510
0 0.739502 0.425781 0.003418 0.005208
0 0.678467 0.418945 0.003418 0.005859
0 0.772217 0.421224 0.009277 0.014323
0 0.804443 0.383789 0.002441 0.003255
0 0.713379 0.380534 0.004883 0.007161
0 0.688965 0.376628 0.003906 0.004557
0 0.693848 0.375000 0.001953 0.003906
0 0.720703 0.368490 0.002930 0.007813
1 0.731201 0.574544 0.011230 0.014974
3 0.201172 0.735026 0.004883 0.007813
3 0.576660 0.638997 0.003906 0.005859
3 0.758545 0.561523 0.002441 0.005859
3 0.733643 0.546549 0.006348 0.005859
3 0.832031 0.532552 0.002930 0.005208
3 0.793457 0.525391 0.003906 0.006510
3 0.825439 0.517578 0.003418 0.003906
3 0.781738 0.509766 0.003906 0.006510
3 0.829590 0.499674 0.003906 0.004557
3 0.632324 0.500651 0.005859 0.006510
3 0.758789 0.458984 0.004883 0.007813
3 0.657715 0.372396 0.002930 0.003906
3 0.802246 0.367188 0.001953 0.002604
3 0.617920 0.349284 0.004395 0.004557
3 0.555420 0.323568 0.006348 0.006510