0 0.505117 0.454496 0.005848 0.005482
0 0.454313 0.373355 0.000731 0.001096
0 0.454313 0.358553 0.005117 0.008772
0 0.440789 0.355263 0.001462 0.002193
0 0.421784 0.331140 0.002924 0.002193
0 0.469298 0.327851 0.002924 0.004386
0 0.466374 0.321820 0.004386 0.007675
0 0.427997 0.316886 0.002193 0.002193
0 0.419956 0.320724 0.010965 0.009868
0 0.418494 0.313596 0.000731 0.002193
0 0.428728 0.311952 0.000731 0.001096
0 0.456140 0.310855 0.001462 0.001096
0 0.425804 0.310855 0.002193 0.003289
2 0.579678 0.729167 0.008772 0.015351
2 0.440058 0.625548 0.005848 0.023026
2 0.370249 0.517544 0.009503 0.013158
2 0.346126 0.391447 0.031433 0.028509
2 0.532529 0.148026 0.015351 0.037281
2 0.533626 0.145833 0.002193 0.003289
3 0.275219 0.651316 0.003655 0.006579
3 0.299708 0.631579 0.004386 0.006579
3 0.677997 0.543311 0.000731 0.001096
3 0.349050 0.508224 0.002193 0.003289
3 0.758772 0.498904 0.001462 0.002193
3 0.360380 0.497807 0.002924 0.002193
3 0.354167 0.500000 0.008041 0.006579
3 0.362939 0.493969 0.000731 0.001096
3 0.406798 0.468750 0.002193 0.003289
3 0.368056 0.395285 0.003655 0.003289
3 0.433480 0.382127 0.001462 0.003289
3 0.409722 0.349232 0.003655 0.005482
3 0.426170 0.341557 0.001462 0.003289
3 0.464181 0.337719 0.001462 0.002193
3 0.446637 0.336075 0.001462 0.001096
3 0.460161 0.333882 0.003655 0.005482
3 0.373904 0.333333 0.002193 0.004386
3 0.441886 0.330592 0.000731 0.001096
3 0.439327 0.327303 0.002924 0.003289
3 0.372442 0.321272 0.003655 0.004386
3 0.412281 0.319079 0.001462 0.002193
3 0.478070 0.317982 0.001462 0.002193
3 0.438231 0.320724 0.009503 0.007675
3 0.434576 0.311952 0.003655 0.001096
3 0.467836 0.299342 0.001462 0.002193
3 0.437135 0.302083 0.005848 0.007675
3 0.540570 0.206140 0.002193 0.004386
3 0.539108 0.198465 0.002193 0.002193