1 0.658691 0.869792 0.011719 0.032552
1 0.387207 0.787760 0.003906 0.005208
1 0.513672 0.791341 0.019531 0.031901
1 0.382080 0.764323 0.006348 0.007813
1 0.287109 0.737305 0.029297 0.031901
1 0.381592 0.721354 0.024902 0.022135
1 0.352051 0.693359 0.023438 0.020833
1 0.515625 0.611328 0.004883 0.005208
1 0.338379 0.562826 0.002930 0.004557
1 0.790771 0.567708 0.026855 0.028646
1 0.175293 0.523763 0.007813 0.012370
1 0.589111 0.413737 0.019043 0.021484
1 0.830811 0.395833 0.007324 0.010417
1 0.488525 0.393555 0.024902 0.008464
1 0.450195 0.344401 0.004883 0.002604
1 0.221680 0.355469 0.036133 0.041667
1 0.212402 0.336914 0.001953 0.001953
1 0.463379 0.344727 0.016602 0.022786
1 0.410889 0.288737 0.022949 0.035807
1 0.680420 0.273112 0.021973 0.017578
1 0.411621 0.257813 0.011719 0.007813
1 0.431152 0.254557 0.024414 0.011719
1 0.423584 0.256836 0.001465 0.003255
1 0.719238 0.242188 0.009766 0.033854
1 0.540039 0.141927 0.004883 0.009115
1 0.524658 0.137370 0.012207 0.016927
1 0.525146 0.136719 0.002441 0.002604
1 0.524414 0.121094 0.005859 0.006510
1 0.577393 0.105469 0.013184 0.026042
3 0.333496 0.734049 0.003906 0.004557
3 0.306641 0.538086 0.001953 0.001953
3 0.652344 0.302409 0.003906 0.004557
3 0.515381 0.257487 0.003418 0.004557
3 0.391113 0.242839 0.005859 0.005208
3 0.524658 0.094076 0.003418 0.005859