0 0.468107 0.854552 0.001029 0.002315
0 0.443158 0.851080 0.001543 0.003086
0 0.464249 0.850694 0.002572 0.003858
0 0.470936 0.848380 0.004630 0.008488
0 0.441101 0.845679 0.003601 0.006173
0 0.460134 0.845293 0.004630 0.006944
0 0.449331 0.843364 0.003601 0.004630
0 0.474280 0.840278 0.001029 0.001543
0 0.466821 0.836420 0.001543 0.001543
0 0.448045 0.837577 0.002058 0.003858
0 0.424126 0.834105 0.001543 0.003086
0 0.390689 0.832176 0.001543 0.000772
0 0.432870 0.842207 0.012860 0.023920
0 0.471451 0.828704 0.001543 0.003086
0 0.453189 0.831019 0.006173 0.007716
0 0.466307 0.827160 0.000514 0.001543
0 0.395833 0.824460 0.001543 0.002315
0 0.453189 0.822145 0.005144 0.005401
0 0.456276 0.816358 0.001029 0.001543
0 0.386574 0.815972 0.001543 0.002315
0 0.400463 0.814043 0.000514 0.001543
0 0.412294 0.832176 0.028292 0.043981
0 0.458591 0.804012 0.001543 0.003086
0 0.470679 0.800540 0.008230 0.010031
0 0.424383 0.795525 0.001029 0.001543
0 0.472994 0.792052 0.003601 0.005401
0 0.468364 0.790123 0.001543 0.001543
0 0.369599 0.801698 0.018004 0.026235
0 0.491770 0.781250 0.002058 0.003858
0 0.483539 0.775849 0.001029 0.002315
0 0.479681 0.772377 0.004630 0.007716
0 0.362397 0.768904 0.008745 0.013117
0 0.370885 0.763117 0.006173 0.007716
0 0.359568 0.751157 0.004115 0.003858
0 0.343107 0.754630 0.016461 0.024691
0 0.355710 0.741127 0.005658 0.006944
0 0.495628 0.738812 0.002572 0.005401
0 0.495113 0.732639 0.003601 0.003858
0 0.355710 0.714506 0.001543 0.001543
0 0.542953 0.711034 0.001543 0.002315
0 0.365226 0.716821 0.007202 0.016975
0 0.478652 0.708719 0.001543 0.002315
0 0.488683 0.705633 0.002058 0.002315
0 0.500000 0.708333 0.005144 0.010802
0 0.500514 0.687114 0.002058 0.003858
0 0.373714 0.691358 0.016975 0.024691
0 0.362654 0.680941 0.003086 0.008488
0 0.376029 0.670525 0.003086 0.004630
0 0.484568 0.681713 0.020576 0.028549
0 0.483539 0.662037 0.004115 0.010802
0 0.375772 0.652006 0.000514 0.001543
0 0.380916 0.648148 0.001543 0.003086
0 0.470422 0.645833 0.001543 0.003086
0 0.670267 0.643519 0.001029 0.001543
0 0.480710 0.645833 0.003601 0.006173
0 0.378086 0.643519 0.001029 0.001543
0 0.474280 0.643904 0.004115 0.006944
0 0.684156 0.641590 0.005144 0.008488
0 0.654578 0.637346 0.001543 0.003086
0 0.471451 0.634259 0.002572 0.004630
0 0.698560 0.625000 0.002058 0.003086
0 0.396605 0.625386 0.003086 0.008488
0 0.476595 0.624614 0.008745 0.011574
0 0.496656 0.618827 0.001543 0.001543
0 0.489712 0.617670 0.001029 0.000772
0 0.636317 0.619213 0.008230 0.008488
0 0.453961 0.613812 0.002572 0.003858
0 0.403549 0.613040 0.001543 0.002315
0 0.687500 0.605324 0.000514 0.000772
0 0.690844 0.600694 0.003086 0.003858
0 0.643004 0.604167 0.013374 0.013889
0 0.399949 0.603781 0.015947 0.019290
0 0.403292 0.602238 0.001543 0.003086
0 0.509516 0.600309 0.011831 0.013889
0 0.462449 0.593750 0.001029 0.000772
0 0.413323 0.592978 0.003601 0.006944
0 0.515689 0.591049 0.004630 0.004630
0 0.418724 0.591435 0.003086 0.005401
0 0.455247 0.598380 0.010288 0.020833
0 0.398920 0.589120 0.001543 0.002315
0 0.638632 0.588349 0.001543 0.002315
0 0.412037 0.587577 0.001029 0.000772
0 0.469136 0.586806 0.003086 0.003858
0 0.440586 0.594522 0.014918 0.022377
0 0.450103 0.584877 0.004115 0.006173
0 0.409979 0.582948 0.002058 0.002315
0 0.406121 0.585262 0.003601 0.006944
0 0.515689 0.581790 0.001543 0.004630
0 0.480453 0.599151 0.021605 0.039352
0 0.413580 0.580633 0.002058 0.003858
0 0.430298 0.581790 0.003601 0.007716
0 0.401749 0.579475 0.004115 0.004630
0 0.641204 0.582562 0.011831 0.015432
0 0.634774 0.575617 0.001029 0.003086
0 0.439558 0.579090 0.005658 0.010031
0 0.630916 0.576003 0.005658 0.006944
0 0.525720 0.575231 0.003086 0.005401
0 0.462706 0.578318 0.008745 0.013117
0 0.409208 0.573302 0.001543 0.003086
0 0.416924 0.568673 0.001543 0.003086
0 0.530093 0.579090 0.014918 0.030093
0 0.480710 0.569830 0.005658 0.011574
0 0.448560 0.569444 0.007202 0.010802
0 0.468364 0.566358 0.003601 0.006173
0 0.455504 0.559414 0.001543 0.001543
0 0.481224 0.559028 0.002572 0.005401
0 0.455504 0.549769 0.000514 0.000772
0 0.465535 0.550540 0.002058 0.003858
0 0.425926 0.554398 0.009259 0.011574
0 0.643004 0.541281 0.003086 0.003858
0 0.637860 0.533951 0.002058 0.004630
0 0.516975 0.534336 0.004115 0.006944
0 0.439043 0.532407 0.001543 0.003086
0 0.434928 0.531636 0.000514 0.001543
0 0.631944 0.531250 0.001543 0.002315
0 0.408179 0.528935 0.005658 0.010031
0 0.618313 0.524306 0.003086 0.002315
0 0.627829 0.522762 0.001543 0.003858
0 0.644547 0.521991 0.002058 0.003858
0 0.495628 0.518133 0.003601 0.006944
0 0.608282 0.515818 0.002572 0.003858
0 0.640432 0.510802 0.003086 0.003086
0 0.645576 0.505787 0.002058 0.002315
0 0.629887 0.512346 0.013889 0.015432
0 0.439300 0.504244 0.001029 0.002315
0 0.618056 0.502701 0.000514 0.000772
0 0.518004 0.499614 0.001029 0.002315
0 0.643519 0.496528 0.001029 0.000772
0 0.664095 0.495756 0.003086 0.002315
0 0.461420 0.493441 0.002058 0.002315
0 0.670525 0.492284 0.001543 0.004630
0 0.753601 0.491127 0.003086 0.005401
0 0.717335 0.490355 0.001543 0.003858
0 0.652521 0.495756 0.012860 0.014660
0 0.679012 0.488812 0.001029 0.002315
0 0.624486 0.488812 0.001029 0.002315
0 0.619084 0.488040 0.001543 0.000772
0 0.636317 0.486883 0.007202 0.004630
0 0.646605 0.486883 0.002058 0.006173
0 0.649691 0.484954 0.002058 0.003858
0 0.643519 0.485340 0.001029 0.004630
0 0.736111 0.481096 0.003086 0.005401
0 0.677469 0.474151 0.001029 0.002315
0 0.728395 0.462577 0.001029 0.002315
0 0.734053 0.462191 0.002058 0.004630
0 0.729681 0.454861 0.002572 0.005401
0 0.565586 0.406250 0.003601 0.003858
0 0.557356 0.402778 0.001543 0.003086
0 0.571245 0.398920 0.002572 0.001543
0 0.550669 0.390818 0.001543 0.002315
0 0.591049 0.389275 0.008230 0.010031
0 0.576646 0.386960 0.002058 0.005401
0 0.586420 0.381173 0.003086 0.006173
0 0.568416 0.378858 0.008230 0.006173
0 0.578961 0.378858 0.004630 0.007716
0 0.578447 0.371914 0.001543 0.001543
0 0.567901 0.367284 0.001029 0.004630
0 0.563014 0.367284 0.002572 0.004630
0 0.612912 0.355710 0.001543 0.003086
0 0.610082 0.351852 0.003086 0.004630
0 0.617541 0.324074 0.006687 0.007716
0 0.523920 0.317515 0.001543 0.000772
0 0.502058 0.318287 0.001029 0.002315
0 0.507202 0.317901 0.005144 0.006173
0 0.533436 0.303241 0.001029 0.001543
0 0.520062 0.304012 0.002058 0.003086
0 0.491770 0.303241 0.004115 0.007716
0 0.525463 0.300540 0.002572 0.003858
0 0.560700 0.299769 0.002058 0.003858
0 0.598508 0.295525 0.001543 0.001543
0 0.484568 0.295139 0.002058 0.002315
0 0.594907 0.291281 0.003601 0.005401
0 0.606481 0.287423 0.002058 0.002315
0 0.555813 0.291281 0.004630 0.013117
0 0.537551 0.282793 0.003086 0.003858
0 0.491255 0.286651 0.011317 0.016204
0 0.492798 0.288966 0.001543 0.001543
0 0.614198 0.274306 0.004115 0.005401
0 0.495113 0.260417 0.004630 0.006944
0 0.458076 0.257330 0.000514 0.000772
0 0.600566 0.255015 0.007716 0.008488
0 0.569187 0.242670 0.000514 0.000772
0 0.506944 0.244985 0.004630 0.005401
0 0.599280 0.243827 0.003086 0.007716
0 0.577932 0.241512 0.003601 0.003086
0 0.495628 0.237269 0.002572 0.003858
0 0.574074 0.233796 0.002058 0.003086
0 0.460134 0.241898 0.016975 0.022377
0 0.449588 0.234954 0.005144 0.008488
0 0.571502 0.228395 0.001029 0.001543
0 0.534722 0.227238 0.002572 0.003858
0 0.478652 0.226466 0.000514 0.002315
0 0.563272 0.232253 0.010288 0.016975
0 0.441615 0.228395 0.005658 0.009259
0 0.527521 0.229938 0.009774 0.021605
0 0.581276 0.217978 0.004115 0.010031
0 0.447531 0.213735 0.001029 0.003086
0 0.480967 0.217978 0.010288 0.013117
0 0.600309 0.204475 0.001029 0.001543
0 0.602366 0.201389 0.001029 0.001543
0 0.488169 0.184028 0.003086 0.003858
0 0.483282 0.186728 0.003601 0.009259
0 0.599537 0.181327 0.002572 0.003086
0 0.595679 0.179012 0.002058 0.004630
0 0.582047 0.181327 0.004630 0.009259
0 0.485597 0.175540 0.004115 0.005401
0 0.581790 0.172068 0.002058 0.004630
0 0.564815 0.166667 0.002058 0.004630
0 0.555041 0.168596 0.012346 0.013117
0 0.560185 0.152006 0.001029 0.001543
0 0.439815 0.155093 0.014403 0.010802
0 0.645319 0.152006 0.004630 0.007716
0 0.565329 0.152006 0.004115 0.007716
0 0.452160 0.149691 0.004115 0.004630
0 0.508230 0.143133 0.002058 0.002315
0 0.512088 0.143904 0.001543 0.005401
0 0.444702 0.143904 0.004630 0.010031
0 0.456533 0.126929 0.002572 0.003858
0 0.508745 0.126543 0.007202 0.015432
0 0.515175 0.121528 0.005658 0.006944
0 0.542953 0.114583 0.001543 0.002315
0 0.453447 0.114583 0.002572 0.003858
0 0.517233 0.110725 0.001543 0.002315
0 0.557356 0.104938 0.011831 0.012346
0 0.399691 0.098765 0.003086 0.003086
0 0.542953 0.100694 0.007716 0.010031
1 0.585391 0.910108 0.004115 0.003858
1 0.569444 0.907407 0.007202 0.016975
1 0.568158 0.905093 0.001029 0.002315
1 0.457819 0.885417 0.007202 0.008488
1 0.456533 0.885031 0.003086 0.002315
1 0.581019 0.844136 0.006687 0.006173
1 0.680298 0.841049 0.008745 0.015432
1 0.634774 0.805170 0.006173 0.006944
1 0.422068 0.734182 0.003601 0.005401
1 0.416409 0.733796 0.005658 0.006173
1 0.348508 0.716435 0.003601 0.005401
1 0.621914 0.668596 0.004115 0.006944
1 0.650206 0.665509 0.003086 0.005401
1 0.276235 0.661651 0.009259 0.017747
1 0.536523 0.648148 0.007202 0.007716
1 0.719907 0.645833 0.003601 0.012346
1 0.497685 0.638117 0.008745 0.012346
1 0.318416 0.600694 0.007202 0.010031
1 0.666667 0.602238 0.020576 0.030093
1 0.265947 0.590664 0.004115 0.010031
1 0.736883 0.560185 0.005658 0.004630
1 0.719393 0.565972 0.022119 0.031636
1 0.719650 0.540895 0.006173 0.006173
1 0.668724 0.551312 0.024691 0.037809
1 0.754887 0.535880 0.004630 0.010031
1 0.682099 0.520062 0.006173 0.006173
1 0.794496 0.516975 0.003601 0.006173
1 0.761317 0.518133 0.003086 0.008488
1 0.769805 0.516975 0.004630 0.012346
1 0.554527 0.514660 0.004115 0.010802
1 0.746399 0.507716 0.013374 0.023148
1 0.701903 0.500386 0.007716 0.008488
1 0.697016 0.483025 0.003086 0.018519
1 0.708848 0.473380 0.004115 0.006944
1 0.661265 0.455247 0.004630 0.007716
1 0.753086 0.463349 0.019547 0.027006
1 0.743827 0.447917 0.004115 0.008488
1 0.583591 0.441744 0.004630 0.006944
1 0.723765 0.440586 0.006173 0.010802
1 0.690329 0.435957 0.005144 0.003086
1 0.764918 0.435185 0.007202 0.010802
1 0.625772 0.432099 0.005658 0.006173
1 0.786265 0.432485 0.012860 0.016204
1 0.748457 0.434799 0.007202 0.020833
1 0.691101 0.422068 0.004630 0.007716
1 0.603909 0.414352 0.002058 0.003086
1 0.608025 0.413194 0.003086 0.005401
1 0.660237 0.405864 0.005658 0.007716
1 0.714249 0.407022 0.004630 0.014660
1 0.594136 0.400463 0.006173 0.007716
1 0.777521 0.392747 0.005658 0.006173
1 0.661008 0.391590 0.004115 0.005401
1 0.663066 0.385031 0.003086 0.003086
1 0.622428 0.359568 0.005144 0.009259
1 0.628086 0.353009 0.006173 0.006944
1 0.546039 0.349151 0.003601 0.006944
1 0.671296 0.334105 0.006173 0.012346
1 0.231996 0.331019 0.006173 0.006173
1 0.759774 0.332176 0.011317 0.013117
1 0.659208 0.327932 0.005658 0.018519
1 0.510288 0.294367 0.005144 0.011574
1 0.508745 0.272377 0.022634 0.027778
1 0.729681 0.231481 0.005658 0.010802
1 0.360340 0.206404 0.006687 0.011574
1 0.333848 0.199846 0.007202 0.007716
1 0.422325 0.160494 0.004115 0.007716
1 0.611368 0.165895 0.035494 0.040123
1 0.365484 0.150077 0.005658 0.017747
1 0.474794 0.122299 0.006173 0.011574
1 0.622428 0.123071 0.020576 0.022377
3 0.633745 0.807099 0.002058 0.003086
3 0.462449 0.748457 0.002058 0.003086
3 0.292695 0.746914 0.003086 0.003086
3 0.418467 0.719907 0.003601 0.006173
3 0.275463 0.714506 0.000514 0.001543
3 0.281121 0.689815 0.001543 0.001543
3 0.299126 0.677469 0.000514 0.001543
3 0.575874 0.672454 0.001543 0.002315
3 0.516204 0.668596 0.002572 0.003858
3 0.581276 0.665895 0.001029 0.001543
3 0.598251 0.619213 0.002058 0.002315
3 0.440586 0.564043 0.002572 0.006173
3 0.747942 0.501157 0.003086 0.002315
3 0.744856 0.491512 0.001029 0.001543
3 0.526492 0.431327 0.000514 0.001543
3 0.409722 0.404321 0.003601 0.006173
3 0.409722 0.402392 0.001029 0.001543
3 0.431842 0.397377 0.004630 0.006173
3 0.457819 0.391204 0.002058 0.004630
3 0.690586 0.367670 0.000514 0.002315
3 0.401492 0.088349 0.002572 0.002315