0 0.431713 0.679398 0.005401 0.009259
0 0.528164 0.619792 0.010031 0.008102
0 0.499614 0.557292 0.005401 0.005787
1 0.506173 0.803241 0.006173 0.004630
1 0.493056 0.799769 0.013889 0.011574
1 0.489969 0.798032 0.002315 0.004630
1 0.524691 0.584491 0.007716 0.009259
1 0.283565 0.396412 0.020833 0.015046
3 0.490741 0.894097 0.004630 0.005787
3 0.482253 0.873843 0.003086 0.006944
3 0.527392 0.817708 0.002315 0.003472
3 0.534722 0.682870 0.001543 0.002315
3 0.361883 0.677662 0.003086 0.008102
3 0.370370 0.660301 0.003086 0.005787
3 0.506559 0.635417 0.000772 0.002315
3 0.331790 0.593171 0.001543 0.003472
3 0.332948 0.591435 0.000772 0.002315
3 0.625000 0.568866 0.003086 0.003472
3 0.627315 0.563657 0.001543 0.002315
3 0.425154 0.509838 0.004630 0.015046
3 0.635802 0.501157 0.003086 0.006944
3 0.461420 0.340278 0.006173 0.009259
3 0.366127 0.316551 0.002315 0.003472
3 0.359568 0.299769 0.003086 0.004630
3 0.489969 0.234954 0.001543 0.002315