0 0.496037 0.912500 0.006707 0.005645
0 0.317073 0.869355 0.004878 0.006452
0 0.294817 0.868548 0.003049 0.004839
0 0.321951 0.862903 0.001220 0.001613
0 0.304268 0.867742 0.010976 0.011290
0 0.323780 0.859274 0.001220 0.002419
0 0.317073 0.861694 0.006098 0.007258
0 0.291768 0.862500 0.004268 0.008871
0 0.262500 0.858468 0.006707 0.008871
0 0.291463 0.852016 0.003659 0.008871
0 0.285976 0.849597 0.002439 0.004032
0 0.266159 0.847984 0.003049 0.005645
0 0.304268 0.843548 0.001220 0.001613
0 0.335976 0.828629 0.001220 0.002419
0 0.328354 0.828629 0.009146 0.007258
0 0.289329 0.826613 0.001829 0.003226
0 0.329573 0.818548 0.000610 0.001613
0 0.324390 0.817742 0.009756 0.012903
0 0.327439 0.808065 0.001220 0.001613
0 0.344512 0.806452 0.007317 0.008065
0 0.314939 0.805645 0.009146 0.014516
0 0.337805 0.799194 0.003659 0.004839
0 0.298171 0.808871 0.024390 0.025806
0 0.326524 0.795968 0.017683 0.019355
0 0.328049 0.781855 0.006098 0.005645
0 0.299390 0.777419 0.002439 0.003226
0 0.385671 0.747984 0.004268 0.007258
0 0.593902 0.705242 0.006098 0.015323
0 0.601524 0.700806 0.003049 0.011290
0 0.566159 0.697581 0.006707 0.004839
0 0.565244 0.683871 0.004878 0.004839
0 0.596951 0.677016 0.006098 0.008871
0 0.584756 0.677016 0.008537 0.012097
0 0.558232 0.668952 0.014024 0.015323
0 0.569207 0.663710 0.005488 0.006452
0 0.325000 0.662903 0.006098 0.004839
0 0.592073 0.659274 0.012195 0.015323
0 0.581707 0.656452 0.006098 0.011290
0 0.562805 0.652823 0.014634 0.013710
0 0.281707 0.598387 0.002439 0.003226
0 0.370427 0.525403 0.004268 0.007258
0 0.325305 0.470968 0.001829 0.003226
0 0.325000 0.466532 0.001220 0.002419
0 0.321341 0.454839 0.002439 0.003226
0 0.297256 0.456452 0.007927 0.012903
0 0.292988 0.447177 0.004268 0.005645
0 0.302134 0.443145 0.000610 0.000806
0 0.313110 0.453226 0.015244 0.027419
0 0.278963 0.436694 0.004268 0.007258
0 0.288415 0.428226 0.006098 0.008065
0 0.513415 0.425403 0.004878 0.005645
0 0.286280 0.392339 0.001829 0.002419
0 0.553354 0.249597 0.005488 0.005645
0 0.553049 0.239919 0.006098 0.008871
0 0.276220 0.121371 0.004878 0.005645
0 0.417073 0.072581 0.004878 0.006452
0 0.410976 0.054839 0.007317 0.009677
1 0.527439 0.889113 0.009756 0.005645
1 0.364634 0.846371 0.015854 0.015323
1 0.528354 0.756452 0.011585 0.011290
1 0.474695 0.748790 0.010366 0.013710
1 0.329573 0.674194 0.007927 0.006452
1 0.290244 0.658871 0.008537 0.006452
1 0.324390 0.657258 0.006098 0.004839
1 0.292988 0.637903 0.004268 0.006452
1 0.302439 0.636290 0.017073 0.024194
1 0.304573 0.642742 0.001220 0.002419
1 0.256707 0.620565 0.018293 0.020161
1 0.233841 0.612097 0.003049 0.003226
1 0.276524 0.612097 0.007927 0.017742
1 0.614329 0.574597 0.005488 0.005645
1 0.603659 0.527016 0.006098 0.010484
1 0.855793 0.475000 0.009146 0.004839
1 0.841768 0.454435 0.034756 0.025000
1 0.468902 0.352823 0.004878 0.005645
1 0.260976 0.354032 0.008537 0.009677
1 0.446037 0.355242 0.015244 0.016935
1 0.182622 0.300000 0.004268 0.006452
1 0.632927 0.252016 0.010976 0.018548
1 0.352134 0.235484 0.017683 0.022581
1 0.492378 0.220161 0.006707 0.004839
1 0.205793 0.203226 0.004268 0.006452
1 0.537500 0.195968 0.007927 0.006452
1 0.215854 0.189516 0.008537 0.012903
1 0.238110 0.172581 0.014024 0.011290
1 0.397256 0.130645 0.004268 0.003226
1 0.369817 0.111694 0.003049 0.002419
2 0.357317 0.858065 0.028049 0.041935
2 0.521341 0.696371 0.021951 0.021774
2 0.844207 0.479435 0.033537 0.026613
3 0.528354 0.734677 0.004268 0.004839
3 0.319817 0.654032 0.003049 0.003226
3 0.257317 0.611290 0.003659 0.004839
3 0.487195 0.588710 0.002439 0.003226
3 0.240549 0.584274 0.003049 0.004032
3 0.560366 0.552016 0.003659 0.002419
3 0.575915 0.548790 0.005488 0.005645
3 0.364939 0.536290 0.004268 0.006452
3 0.461585 0.363306 0.002439 0.004032
3 0.273780 0.334677 0.003659 0.003226
3 0.500915 0.226210 0.001829 0.002419
3 0.496646 0.224194 0.001829 0.003226
3 0.486585 0.223387 0.004878 0.004839
3 0.500610 0.220968 0.001220 0.001613
3 0.219817 0.216532 0.000610 0.000806
3 0.217683 0.217742 0.002439 0.003226
3 0.530183 0.175403 0.003049 0.004032
3 0.511280 0.149597 0.004268 0.004032
3 0.459451 0.115726 0.003049 0.004032
3 0.467378 0.088710 0.003049 0.003226