0 0.643799 0.803711 0.005371 0.008464
0 0.682373 0.798828 0.004395 0.005208
0 0.655029 0.798828 0.004395 0.007813
0 0.630859 0.796224 0.005859 0.006510
0 0.671631 0.788737 0.011230 0.014974
0 0.639648 0.784831 0.005859 0.007161
0 0.617920 0.787435 0.014160 0.018880
0 0.597168 0.783529 0.011719 0.016276
0 0.568115 0.777018 0.015137 0.004557
0 0.702637 0.774414 0.002930 0.007161
0 0.624023 0.772135 0.001953 0.006510
0 0.668457 0.770182 0.002930 0.006510
0 0.712158 0.770508 0.003418 0.008464
0 0.681152 0.766602 0.004883 0.004557
0 0.660400 0.765951 0.003418 0.005859
0 0.702393 0.761719 0.002441 0.006510
0 0.674072 0.763346 0.005371 0.009766
0 0.616943 0.759115 0.002441 0.002604
0 0.561523 0.763997 0.007813 0.012370
0 0.639648 0.759440 0.005859 0.005859
0 0.607178 0.765625 0.009277 0.019531
0 0.719238 0.754883 0.001953 0.003255
0 0.684082 0.755859 0.004883 0.007813
0 0.543701 0.755859 0.005371 0.007813
0 0.744141 0.751628 0.002930 0.004557
0 0.709717 0.749349 0.005371 0.007813
0 0.602539 0.745443 0.005859 0.007813
0 0.735596 0.740560 0.002441 0.004557
0 0.748047 0.741862 0.009766 0.009766
0 0.608398 0.738281 0.001953 0.003906
0 0.550537 0.736654 0.006348 0.004557
0 0.761963 0.733724 0.009277 0.006510
0 0.714844 0.734049 0.007813 0.008464
0 0.601318 0.731445 0.006348 0.009766
0 0.712891 0.718750 0.001953 0.002604
0 0.735352 0.710612 0.001953 0.003255
0 0.713623 0.710612 0.003418 0.004557
0 0.533936 0.712565 0.008301 0.008464
0 0.756348 0.700521 0.001953 0.002604
0 0.544434 0.706706 0.016602 0.029297
0 0.521484 0.693685 0.001953 0.003255
0 0.763184 0.693359 0.001953 0.003906
0 0.531006 0.694010 0.007324 0.013021
0 0.646240 0.690104 0.006348 0.010417
0 0.533691 0.680990 0.002930 0.003906
0 0.522949 0.676107 0.017578 0.016276
0 0.760010 0.662760 0.001465 0.002604
0 0.809814 0.661458 0.002441 0.003906
0 0.791992 0.656901 0.004883 0.007813
0 0.548584 0.663737 0.008301 0.021484
0 0.805176 0.649089 0.001953 0.002604
0 0.754395 0.645182 0.001953 0.002604
0 0.750244 0.645833 0.003418 0.003906
0 0.556885 0.646810 0.008301 0.008464
0 0.817871 0.614909 0.004883 0.005859
0 0.794678 0.595703 0.010254 0.010417
0 0.602539 0.582031 0.006836 0.009115
0 0.595215 0.575195 0.004883 0.004557
0 0.575195 0.571289 0.000977 0.003255
0 0.566162 0.569661 0.007324 0.006510
0 0.602783 0.569010 0.006348 0.013021
0 0.596680 0.562500 0.004883 0.007813
0 0.755371 0.549805 0.006836 0.009766
0 0.724365 0.542643 0.001465 0.001953
0 0.558594 0.544596 0.004883 0.005859
0 0.768066 0.542969 0.001953 0.003906
0 0.799316 0.537435 0.005859 0.005859
0 0.818604 0.538086 0.010254 0.011068
0 0.703613 0.530599 0.001953 0.003906
0 0.692871 0.527669 0.000977 0.001953
0 0.763184 0.524740 0.001953 0.002604
0 0.742676 0.527018 0.019531 0.016276
0 0.668701 0.517253 0.009277 0.005859
0 0.767822 0.510742 0.002441 0.003255
0 0.628662 0.517253 0.019043 0.017578
0 0.633057 0.518229 0.001465 0.002604
0 0.813477 0.509115 0.002930 0.003906
0 0.790771 0.507487 0.001465 0.001953
0 0.731689 0.510742 0.006348 0.008464
0 0.719238 0.509766 0.014648 0.010417
0 0.704590 0.510742 0.007813 0.012370
0 0.780762 0.504883 0.003906 0.004557
0 0.621094 0.504883 0.003906 0.004557
0 0.743896 0.507487 0.008301 0.014974
0 0.663818 0.500000 0.002441 0.003906
0 0.678223 0.499674 0.003906 0.004557
0 0.666260 0.498372 0.001465 0.001953
0 0.723389 0.498372 0.003418 0.004557
0 0.658447 0.495768 0.001465 0.003255
0 0.755127 0.498698 0.017090 0.023438
0 0.736816 0.495768 0.007813 0.020182
0 0.768555 0.485677 0.003906 0.006510
0 0.762939 0.484049 0.002441 0.003255
0 0.744873 0.485026 0.003418 0.007813
0 0.689209 0.483398 0.003418 0.004557
0 0.696289 0.476563 0.003906 0.005208
0 0.639648 0.199219 0.000977 0.001302
0 0.641357 0.184570 0.010254 0.008464
0 0.658203 0.187500 0.011719 0.032552
1 0.585449 0.908854 0.010742 0.009115
1 0.612061 0.899089 0.009277 0.006510
1 0.603516 0.878581 0.001953 0.003255
1 0.322021 0.737305 0.009277 0.018880
1 0.568115 0.709310 0.008301 0.009766
1 0.307129 0.635417 0.007813 0.013021
1 0.677734 0.230469 0.004883 0.006510
1 0.602783 0.203125 0.006348 0.007813
1 0.618408 0.171875 0.011230 0.006510
1 0.701904 0.121745 0.005371 0.009115
1 0.653809 0.088542 0.014648 0.014323
3 0.586670 0.949870 0.003418 0.003906
3 0.552734 0.932292 0.002930 0.003906
3 0.464600 0.929688 0.004395 0.003906
3 0.626465 0.904948 0.002930 0.002604
3 0.602051 0.902669 0.004883 0.005859
3 0.630127 0.900065 0.002441 0.003255
3 0.520508 0.863607 0.003906 0.004557
3 0.511230 0.856771 0.004883 0.003906
3 0.509766 0.843750 0.001953 0.005208
3 0.635986 0.774414 0.006348 0.005859
3 0.509277 0.723307 0.003906 0.007813
3 0.726074 0.719076 0.001953 0.003255
3 0.701904 0.720378 0.005371 0.007161
3 0.736572 0.704427 0.003418 0.007813
3 0.565186 0.702799 0.003418 0.005859
3 0.604248 0.700846 0.003418 0.005859
3 0.732910 0.694336 0.005859 0.007161
3 0.708252 0.686523 0.004395 0.007161
3 0.720703 0.678711 0.004883 0.004557
3 0.712158 0.671224 0.002441 0.002604
3 0.697510 0.626628 0.003418 0.003255
3 0.720215 0.589193 0.000977 0.002604
3 0.721680 0.580729 0.002930 0.002604
3 0.807373 0.570964 0.002441 0.003906
3 0.810547 0.565755 0.000977 0.002604
3 0.828613 0.549154 0.002930 0.004557
3 0.831055 0.541016 0.004883 0.007813
3 0.531006 0.521159 0.002441 0.004557
3 0.797119 0.479818 0.001465 0.001302
3 0.706299 0.432617 0.004395 0.005859
3 0.712402 0.415365 0.002930 0.002604
3 0.683594 0.386068 0.002930 0.003906
3 0.716309 0.360026 0.001953 0.003906
3 0.608154 0.305013 0.002441 0.005859
3 0.461182 0.138672 0.003418 0.009115
3 0.639893 0.133464 0.003418 0.006510