0 0.775463 0.548611 0.003086 0.004630
0 0.745756 0.525463 0.002315 0.002315
0 0.752701 0.522569 0.000772 0.001157
0 0.754244 0.515625 0.002315 0.003472
0 0.553627 0.436343 0.002315 0.004630
0 0.557485 0.431134 0.002315 0.003472
0 0.556713 0.409722 0.002315 0.006944
0 0.575617 0.411458 0.006173 0.017361
0 0.567515 0.403935 0.005401 0.011574
0 0.591049 0.398727 0.003086 0.003472
0 0.589120 0.393519 0.003858 0.004630
0 0.570988 0.395255 0.004630 0.008102
0 0.560185 0.396412 0.009259 0.012731
0 0.564429 0.383102 0.000772 0.002315
0 0.568673 0.387153 0.006173 0.012731
0 0.611111 0.377315 0.001543 0.002315
0 0.612269 0.364583 0.000772 0.002315
0 0.610725 0.354167 0.002315 0.004630
1 0.644676 0.680556 0.011574 0.020833
2 0.763889 0.526042 0.010802 0.012731
2 0.359182 0.493634 0.019290 0.033565
2 0.545910 0.293981 0.010031 0.018519
2 0.472608 0.228009 0.010031 0.018519
3 0.683256 0.822338 0.000772 0.001157
3 0.687114 0.821759 0.003858 0.004630
3 0.691358 0.818287 0.003086 0.004630
3 0.566358 0.809606 0.001543 0.005787
3 0.625772 0.798032 0.003086 0.003472
3 0.552855 0.793981 0.000772 0.002315
3 0.582176 0.788194 0.003858 0.004630
3 0.617284 0.752315 0.004630 0.006944
3 0.660880 0.754051 0.006944 0.012731
3 0.551698 0.688657 0.001543 0.004630
3 0.622299 0.685185 0.003858 0.006944
3 0.702932 0.682292 0.003086 0.003472
3 0.714506 0.675926 0.003086 0.006944
3 0.480324 0.635417 0.000772 0.002315
3 0.490741 0.623843 0.001543 0.004630
3 0.224151 0.385995 0.003858 0.005787
3 0.336806 0.350116 0.002315 0.003472
3 0.326775 0.347801 0.002315 0.003472
3 0.501543 0.278356 0.003086 0.005787
3 0.567130 0.205440 0.001543 0.001157