0 0.620370 0.507523 0.001543 0.003472
0 0.652006 0.491319 0.009259 0.012731
0 0.648534 0.483796 0.002315 0.006944
0 0.662809 0.480324 0.004630 0.006944
0 0.689043 0.462384 0.001543 0.005787
0 0.664352 0.458333 0.001543 0.002315
0 0.695602 0.450810 0.002315 0.003472
0 0.666281 0.448495 0.002315 0.003472
0 0.676698 0.445023 0.001543 0.001157
0 0.663966 0.440394 0.002315 0.003472
0 0.672840 0.427662 0.001543 0.003472
0 0.603395 0.417824 0.003086 0.009259
0 0.610725 0.399306 0.002315 0.004630
0 0.603781 0.401620 0.005401 0.016204
0 0.535494 0.391782 0.003086 0.005787
0 0.523534 0.380787 0.005401 0.006944
0 0.512731 0.376736 0.002315 0.003472
0 0.516590 0.375000 0.002315 0.004630
0 0.526235 0.368634 0.003086 0.003472
0 0.530478 0.368634 0.002315 0.010417
0 0.523920 0.361111 0.001543 0.002315
0 0.496142 0.332755 0.009259 0.017361
0 0.548997 0.097222 0.002315 0.002315
0 0.545139 0.076389 0.003858 0.006944
1 0.458333 0.744213 0.016975 0.023148
1 0.683642 0.442130 0.006173 0.013889
1 0.538966 0.437500 0.008488 0.011574
1 0.552083 0.434028 0.013117 0.006944
1 0.438657 0.418403 0.005401 0.008102
1 0.577546 0.372106 0.008488 0.005787
1 0.368441 0.108218 0.013117 0.019676
1 0.435571 0.079282 0.010031 0.017361
1 0.423997 0.078704 0.008488 0.016204
2 0.255015 0.710648 0.033179 0.041667
2 0.528164 0.636574 0.023920 0.023148
2 0.655478 0.385995 0.005401 0.017361
2 0.661265 0.164352 0.007716 0.006944
2 0.677469 0.159144 0.012346 0.024306
2 0.442130 0.159144 0.037037 0.068287
2 0.447917 0.149884 0.004630 0.006944
2 0.432099 0.109375 0.016975 0.028935
2 0.577160 0.116319 0.033951 0.047454
3 0.402778 0.831019 0.004630 0.006944
3 0.335648 0.756944 0.003086 0.004630
3 0.552855 0.645255 0.005401 0.010417
3 0.233025 0.612847 0.001543 0.001157
3 0.262346 0.607639 0.001543 0.004630
3 0.220679 0.443866 0.001543 0.003472
3 0.455247 0.366319 0.004630 0.005787
3 0.462577 0.190972 0.002315 0.009259
3 0.593364 0.168403 0.001543 0.003472
3 0.454475 0.094329 0.003086 0.008102