0 0.383102 0.378472 0.008488 0.013889
0 0.368056 0.368634 0.007716 0.015046
0 0.380401 0.352431 0.009259 0.026620
0 0.369213 0.339120 0.008488 0.006944
0 0.363426 0.322917 0.007716 0.009259
1 0.610725 0.749421 0.002315 0.003472
1 0.608796 0.745370 0.001543 0.002315
1 0.613426 0.743056 0.006173 0.009259
1 0.375000 0.580440 0.020062 0.024306
1 0.218750 0.486690 0.005401 0.008102
1 0.553627 0.344907 0.008488 0.011574
1 0.486883 0.188079 0.009259 0.017361
1 0.419367 0.177662 0.005401 0.005787
1 0.501543 0.087384 0.010802 0.012731
3 0.555556 0.552662 0.003086 0.003472
3 0.360725 0.540509 0.002315 0.004630
3 0.788966 0.519097 0.002315 0.003472
3 0.347994 0.501157 0.003086 0.006944
3 0.462191 0.498264 0.001543 0.003472
3 0.292438 0.489005 0.001543 0.003472
3 0.334491 0.445023 0.002315 0.003472
3 0.391975 0.385417 0.006173 0.006944
3 0.374228 0.384838 0.004630 0.005787
3 0.375000 0.377315 0.001543 0.002315
3 0.419367 0.175926 0.002315 0.002315
3 0.419367 0.164931 0.002315 0.003472