0 0.488426 0.649177 0.006173 0.016461
0 0.625772 0.632716 0.004630 0.006173
0 0.583719 0.626543 0.005401 0.006173
0 0.561728 0.626543 0.006173 0.010288
0 0.625000 0.622428 0.003086 0.004115
0 0.545525 0.618827 0.006173 0.007202
0 0.630401 0.614712 0.001543 0.001029
0 0.573302 0.621399 0.013889 0.014403
0 0.598765 0.613169 0.001543 0.002058
0 0.577546 0.607510 0.005401 0.005144
0 0.542052 0.592593 0.023920 0.022634
0 0.558642 0.568416 0.006173 0.005144
0 0.541667 0.564815 0.001543 0.002058
0 0.577932 0.565329 0.010802 0.009259
0 0.679012 0.554527 0.003086 0.004115
0 0.578704 0.545267 0.003086 0.004115
0 0.675540 0.546811 0.020833 0.011317
0 0.704090 0.532407 0.000772 0.001029
0 0.695602 0.542181 0.031636 0.020576
0 0.578704 0.532407 0.001543 0.001029
0 0.596065 0.536008 0.010031 0.010288
0 0.584491 0.524177 0.005401 0.003086
0 0.631944 0.519033 0.001543 0.003086
0 0.679012 0.521605 0.010802 0.012346
0 0.692901 0.513374 0.003086 0.004115
0 0.608796 0.517490 0.009259 0.012346
0 0.592593 0.512346 0.006173 0.006173
0 0.534722 0.511317 0.007716 0.008230
0 0.599537 0.506687 0.004630 0.005144
0 0.551312 0.505658 0.002315 0.003086
0 0.557099 0.495370 0.001543 0.001029
0 0.545910 0.494342 0.002315 0.003086
0 0.609954 0.497942 0.011574 0.014403
0 0.494599 0.488169 0.006173 0.007202
0 0.629244 0.482510 0.006944 0.010288
0 0.555941 0.481996 0.013117 0.013374
0 0.618827 0.478395 0.010802 0.018519
0 0.597222 0.476852 0.020062 0.021605
0 0.564815 0.467078 0.006173 0.012346
0 0.499228 0.467593 0.010802 0.021605
0 0.609954 0.446502 0.006944 0.006173
0 0.602623 0.434156 0.016975 0.016461
0 0.470293 0.428498 0.014660 0.013374
0 0.454475 0.416152 0.007716 0.011317
0 0.513117 0.384774 0.003086 0.006173
0 0.474537 0.361626 0.006173 0.007202
0 0.467978 0.348251 0.010031 0.019547
1 0.635417 0.659465 0.010031 0.012346
1 0.658179 0.655350 0.012346 0.016461
1 0.648920 0.639918 0.012346 0.012346
1 0.606096 0.641975 0.011574 0.020576
1 0.684414 0.600309 0.006173 0.009259
1 0.405864 0.599280 0.007716 0.011317
1 0.390432 0.592593 0.020062 0.016461
1 0.724923 0.589506 0.008488 0.014403
1 0.712963 0.580761 0.006173 0.011317
1 0.494985 0.425926 0.008488 0.012346
1 0.494985 0.423868 0.001543 0.003086
1 0.494985 0.418210 0.002315 0.003086
1 0.652778 0.377058 0.015432 0.023663
1 0.708333 0.236626 0.012346 0.016461
1 0.692515 0.226852 0.006944 0.009259
1 0.730710 0.220165 0.006173 0.012346
1 0.613040 0.165123 0.008488 0.009259
2 0.593364 0.067901 0.047840 0.037037
2 0.612269 0.058642 0.001543 0.003086
3 0.305556 0.727881 0.006173 0.009259
3 0.614198 0.674383 0.003086 0.003086
3 0.285108 0.618313 0.003858 0.008230
3 0.452160 0.605967 0.004630 0.004115
3 0.606867 0.601852 0.003858 0.004115
3 0.630015 0.593621 0.000772 0.002058
3 0.684028 0.579218 0.000772 0.002058
3 0.639275 0.541667 0.003858 0.003086
3 0.627701 0.539095 0.003858 0.006173
3 0.621142 0.536008 0.001543 0.002058
3 0.601080 0.524691 0.003086 0.006173
3 0.638503 0.483025 0.002315 0.003086
3 0.633873 0.469136 0.002315 0.002058
3 0.731867 0.297325 0.005401 0.004115
3 0.711806 0.293724 0.005401 0.005144
3 0.711034 0.071502 0.002315 0.003086
3 0.722608 0.066358 0.002315 0.003086