0 0.348804 0.818029 0.005742 0.011058
0 0.633971 0.753365 0.008612 0.005769
0 0.603349 0.721635 0.011483 0.008654
0 0.395694 0.681731 0.002871 0.002885
0 0.381579 0.685096 0.010048 0.015385
0 0.888517 0.679327 0.008612 0.005769
0 0.683732 0.678365 0.005742 0.003846
0 0.379904 0.669231 0.002871 0.002885
0 0.393780 0.664183 0.002871 0.003365
0 0.984689 0.510577 0.002871 0.002885
0 0.463876 0.506010 0.008134 0.008173
0 0.458373 0.501202 0.004785 0.004327
0 0.277990 0.490865 0.003828 0.002885
0 0.623206 0.487019 0.011005 0.006731
0 0.115789 0.476442 0.000957 0.000962
0 0.603828 0.479808 0.018182 0.011538
0 0.266746 0.481250 0.016746 0.014423
0 0.245455 0.467308 0.002871 0.001923
0 0.639234 0.448558 0.005742 0.005769
0 0.077512 0.433173 0.001914 0.001923
0 0.080861 0.430769 0.002871 0.002885
0 0.560287 0.422115 0.008612 0.006731
0 0.080861 0.422837 0.006699 0.009135
0 0.555502 0.418029 0.002871 0.003365
0 0.050239 0.412500 0.003828 0.003846
0 0.247847 0.408654 0.015311 0.011538
0 0.043541 0.394712 0.001914 0.000962
0 0.249282 0.390385 0.010526 0.005769
0 0.365550 0.381010 0.002871 0.003365
0 0.477990 0.380769 0.004785 0.004808
0 0.285167 0.372596 0.002871 0.001923
0 0.307656 0.373077 0.004785 0.006731
0 0.290431 0.358654 0.013397 0.014423
0 0.455502 0.340144 0.002871 0.003365
0 0.430622 0.332692 0.002871 0.001923
0 0.399522 0.326923 0.000957 0.001923
0 0.236364 0.325962 0.005742 0.005769
0 0.243541 0.322115 0.006699 0.005769
0 0.547847 0.321635 0.008612 0.010577
0 0.317225 0.319712 0.006699 0.006731
0 0.314354 0.315385 0.000957 0.001923
0 0.224641 0.317788 0.011962 0.008654
0 0.301435 0.311538 0.002871 0.001923
0 0.308612 0.309135 0.002871 0.002885
0 0.275120 0.306971 0.001914 0.001442
0 0.371292 0.308173 0.004785 0.004808
0 0.201914 0.304087 0.008612 0.007212
0 0.138756 0.306971 0.012440 0.012981
0 0.275120 0.301202 0.009569 0.003365
0 0.166986 0.301923 0.004785 0.004808
0 0.141627 0.298077 0.002871 0.002885
0 0.574163 0.297356 0.003828 0.003365
0 0.517703 0.292308 0.010526 0.010577
0 0.201435 0.286538 0.009569 0.004808
0 0.181818 0.284135 0.003828 0.001923
0 0.188756 0.283654 0.003349 0.002885
0 0.571292 0.283173 0.011483 0.013462
0 0.418660 0.276442 0.000957 0.001923
0 0.233493 0.269712 0.007656 0.005769
0 0.215789 0.263942 0.003828 0.003846
0 0.287560 0.264183 0.022967 0.016827
0 0.207177 0.253846 0.001914 0.001923
0 0.276077 0.253365 0.003828 0.002885
0 0.281818 0.245673 0.001914 0.000962
0 0.265311 0.238942 0.001435 0.000962
0 0.282297 0.235096 0.002871 0.004808
0 0.256938 0.223317 0.012440 0.009135
0 0.411483 0.219471 0.011483 0.011058
0 0.276555 0.214423 0.010526 0.006731
0 0.388995 0.211538 0.002871 0.002885
0 0.400957 0.211538 0.011483 0.006731
0 0.381818 0.211058 0.004785 0.005769
0 0.364115 0.218510 0.017225 0.024519
0 0.262919 0.208654 0.011005 0.006731
0 0.549282 0.202404 0.009569 0.007692
0 0.348325 0.194231 0.006699 0.008654
0 0.346651 0.179567 0.008134 0.007212
0 0.395215 0.180529 0.017225 0.024519
0 0.365072 0.158173 0.011483 0.006731
0 0.344737 0.162019 0.017703 0.024038
0 0.360287 0.146394 0.007656 0.009135
0 0.350239 0.143510 0.004785 0.009135
0 0.303349 0.130288 0.002871 0.001923
0 0.300000 0.123558 0.001914 0.001923
0 0.284689 0.123558 0.003828 0.003846
0 0.299043 0.118750 0.003828 0.001923
0 0.318660 0.121154 0.007656 0.008654
0 0.278469 0.116827 0.002871 0.001923
0 0.325837 0.111538 0.002871 0.002885
0 0.314833 0.110577 0.001914 0.000962
0 0.307895 0.109615 0.004306 0.002885
0 0.275598 0.107212 0.010526 0.009615
0 0.281818 0.096635 0.001914 0.002885
0 0.314354 0.087500 0.002871 0.001923
0 0.267225 0.090865 0.011962 0.012500
0 0.301435 0.075962 0.002871 0.001923
1 0.560766 0.698317 0.013397 0.009135
1 0.189234 0.625721 0.014833 0.015865
1 0.157416 0.609615 0.014354 0.010577
1 0.675598 0.583413 0.010526 0.009135
1 0.069139 0.490865 0.016746 0.012500
1 0.121053 0.461779 0.015311 0.014904
1 0.107895 0.449519 0.012919 0.009615
1 0.032297 0.426683 0.009091 0.011058
1 0.096172 0.396154 0.012440 0.013462
1 0.078469 0.375240 0.013397 0.020673
1 0.239952 0.210577 0.031100 0.014423
1 0.688995 0.125481 0.004785 0.005769
1 0.672967 0.097837 0.023445 0.016827
1 0.622727 0.067308 0.006220 0.003846
1 0.629904 0.100721 0.096172 0.117788
3 0.474641 0.962019 0.001914 0.000962
3 0.320574 0.783894 0.005742 0.005288
3 0.559330 0.779567 0.006699 0.004327
3 0.539713 0.731731 0.006699 0.003846
3 0.515311 0.729808 0.015311 0.007692
3 0.507656 0.723558 0.005742 0.004808
3 0.696651 0.712019 0.002871 0.002885
3 0.558852 0.620913 0.005742 0.004327
3 0.393301 0.580048 0.001914 0.002404
3 0.636842 0.478365 0.006699 0.004808
3 0.293301 0.248558 0.001914 0.000962
3 0.284211 0.225240 0.004785 0.005288