0 0.386642 0.769608 0.004902 0.006536
0 0.389706 0.691585 0.001225 0.000817
0 0.395833 0.690359 0.002451 0.001634
0 0.401654 0.688725 0.001838 0.001634
0 0.378370 0.689134 0.007966 0.008987
0 0.389706 0.683415 0.001225 0.000817
0 0.384498 0.681373 0.001838 0.003268
0 0.403493 0.670343 0.003064 0.007353
0 0.409926 0.668301 0.007353 0.004902
0 0.392463 0.667892 0.004289 0.007353
0 0.312500 0.648284 0.006127 0.005719
0 0.297488 0.644608 0.000613 0.001634
0 0.296569 0.617647 0.003676 0.008170
0 0.321078 0.612337 0.009804 0.008987
0 0.312806 0.607435 0.007966 0.008987
1 0.287071 0.628268 0.015319 0.017974
1 0.306985 0.616830 0.014706 0.021242
1 0.654718 0.604575 0.003064 0.004902
1 0.546262 0.169118 0.015319 0.014706