0 0.590856 0.923322 0.004630 0.006366
0 0.789063 0.869213 0.006366 0.005787
0 0.664931 0.593750 0.005787 0.003472
0 0.670428 0.583333 0.007523 0.004630
0 0.789063 0.243056 0.008681 0.005787
0 0.802083 0.234664 0.004630 0.010995
0 0.793113 0.228299 0.001736 0.001736
0 0.749421 0.226563 0.005787 0.007523
0 0.771991 0.232060 0.024306 0.021991
0 0.811053 0.221354 0.010995 0.008681
0 0.815683 0.212963 0.010995 0.006944
0 0.763889 0.205150 0.008102 0.010995
0 0.801215 0.195602 0.002894 0.005787
0 0.758681 0.194734 0.003472 0.004051
1 0.469329 0.704282 0.012731 0.005787
1 0.782697 0.496238 0.012153 0.016782
1 0.616898 0.453414 0.008102 0.005208
1 0.572049 0.412037 0.006366 0.004630
1 0.501157 0.408275 0.038194 0.014468
1 0.483796 0.407697 0.001736 0.002315
1 0.782697 0.216146 0.012153 0.007523
3 0.345486 0.884838 0.003472 0.003472
3 0.432581 0.823785 0.008681 0.006366
3 0.850116 0.801215 0.003472 0.004051
3 0.574074 0.716146 0.006944 0.002894
3 0.189236 0.619792 0.005787 0.005787
3 0.712674 0.569155 0.002894 0.002894
3 0.773727 0.543692 0.003472 0.004051
3 0.955150 0.517650 0.004051 0.004051
3 0.844907 0.500000 0.004630 0.005787
3 0.924479 0.427662 0.004051 0.004630
3 0.912326 0.334780 0.004051 0.005208
3 0.802083 0.317998 0.002315 0.002894
3 0.610822 0.299769 0.007523 0.005787
3 0.621528 0.291956 0.004630 0.002894
3 0.892361 0.252025 0.002315 0.002894
3 0.474826 0.191262 0.004051 0.004051
3 0.451389 0.169271 0.004630 0.005208
3 0.722512 0.162905 0.005208 0.006366