1 0.282407 0.802083 0.008230 0.014660
1 0.510802 0.758102 0.015432 0.008488
1 0.299897 0.735725 0.015432 0.022377
1 0.461934 0.713735 0.012346 0.007716
1 0.266204 0.702546 0.005658 0.013117
1 0.292438 0.693673 0.051955 0.054012
1 0.545525 0.665509 0.014918 0.014660
1 0.327160 0.666667 0.014403 0.032407
1 0.320216 0.635417 0.010802 0.013117
1 0.432870 0.621142 0.015947 0.016975
1 0.335905 0.596065 0.006173 0.010031
1 0.304012 0.464506 0.008230 0.013889
1 0.206276 0.450231 0.006173 0.014660
1 0.226080 0.413966 0.011831 0.014660
1 0.347737 0.290123 0.016461 0.018519
1 0.326646 0.206019 0.009259 0.015432
1 0.549383 0.089892 0.013374 0.014660
2 0.643776 0.792052 0.000514 0.000772
2 0.639918 0.748457 0.001029 0.001543
2 0.625514 0.749228 0.003086 0.003086
2 0.628858 0.744599 0.001543 0.001543
2 0.631430 0.737654 0.001543 0.001543
2 0.643004 0.759259 0.026749 0.055556
2 0.634259 0.732253 0.001029 0.001543
2 0.309671 0.668596 0.024691 0.042438
2 0.318930 0.677855 0.001543 0.003086
2 0.312500 0.668596 0.001029 0.001543
2 0.313272 0.662809 0.001543 0.002315
2 0.776235 0.437886 0.013374 0.019290
2 0.774949 0.434414 0.001029 0.002315
2 0.569959 0.238040 0.010288 0.019290
3 0.491255 0.908565 0.003086 0.005401
3 0.444959 0.853009 0.002058 0.005401
3 0.397634 0.847994 0.003086 0.004630
3 0.386060 0.827160 0.002572 0.004630
3 0.657665 0.816358 0.003601 0.007716
3 0.310957 0.812114 0.003601 0.005401
3 0.633745 0.804012 0.004115 0.006173
3 0.622685 0.765046 0.001543 0.002315
3 0.539352 0.763503 0.002572 0.005401
3 0.501286 0.760802 0.000514 0.001543
3 0.499228 0.760802 0.000514 0.001543
3 0.569702 0.762731 0.004630 0.008488
3 0.661780 0.744599 0.004630 0.004630
3 0.623457 0.741898 0.007202 0.011574
3 0.506430 0.723380 0.001543 0.003858
3 0.644805 0.713349 0.006687 0.008488
3 0.489455 0.709877 0.002572 0.006173
3 0.394290 0.706404 0.004630 0.005401
3 0.669239 0.684028 0.003086 0.003858
3 0.550669 0.680941 0.002572 0.002315
3 0.549640 0.675926 0.001543 0.003086
3 0.438272 0.672068 0.004115 0.003086
3 0.520833 0.667052 0.003601 0.005401
3 0.553241 0.656250 0.001543 0.003858
3 0.427469 0.649691 0.002058 0.004630
3 0.714763 0.639660 0.001543 0.003086
3 0.450617 0.624614 0.001029 0.002315
3 0.708333 0.622685 0.004115 0.007716
3 0.537551 0.615355 0.003086 0.003858
3 0.591564 0.609568 0.002058 0.003086
3 0.601852 0.606096 0.003086 0.005401
3 0.578189 0.604552 0.005144 0.005401
3 0.571245 0.603395 0.002572 0.004630
3 0.606224 0.584491 0.005658 0.008488
3 0.596708 0.568673 0.001029 0.003086
3 0.788323 0.548225 0.001543 0.002315
3 0.284465 0.543981 0.003086 0.004630
3 0.405607 0.537037 0.002572 0.003086
3 0.272891 0.538966 0.004630 0.008488
3 0.797840 0.524306 0.001029 0.002315
3 0.242541 0.525077 0.004630 0.005401
3 0.797582 0.515818 0.001543 0.002315
3 0.318416 0.511960 0.001029 0.002315
3 0.273148 0.486497 0.002058 0.003858
3 0.411008 0.487269 0.008230 0.010031
3 0.604938 0.481867 0.004115 0.005401
3 0.470679 0.470679 0.002058 0.003086
3 0.334877 0.466049 0.005144 0.009259
3 0.336934 0.456790 0.002058 0.003086
3 0.769033 0.454475 0.001029 0.003086
3 0.761060 0.454090 0.001543 0.002315
3 0.795267 0.449846 0.001029 0.003086
3 0.487654 0.441744 0.003086 0.003858
3 0.341821 0.440201 0.006687 0.010031
3 0.626286 0.415123 0.001543 0.003086
3 0.498457 0.401235 0.001029 0.001543
3 0.533436 0.398148 0.002058 0.004630
3 0.413837 0.394290 0.001543 0.001543
3 0.372685 0.393133 0.002572 0.005401
3 0.411780 0.387731 0.001543 0.002315
3 0.613426 0.376929 0.003601 0.008488
3 0.373714 0.371914 0.001543 0.001543
3 0.508488 0.371914 0.003601 0.004630
3 0.525977 0.354552 0.006687 0.005401
3 0.564815 0.352623 0.006173 0.009259
3 0.398405 0.351852 0.004630 0.007716
3 0.512860 0.341049 0.005144 0.007716
3 0.490741 0.336806 0.002058 0.003858
3 0.438786 0.326389 0.003086 0.004630
3 0.343107 0.319830 0.003086 0.003858
3 0.562500 0.309414 0.001543 0.003086
3 0.420010 0.308256 0.002572 0.003858
3 0.326646 0.308256 0.004115 0.005401
3 0.347994 0.304012 0.002572 0.003086
3 0.353909 0.304012 0.002058 0.004630
3 0.306584 0.304012 0.003086 0.006173
3 0.336163 0.302083 0.002572 0.003858
3 0.331790 0.288194 0.003086 0.003858
3 0.525463 0.282407 0.002572 0.007716
3 0.279835 0.271605 0.004115 0.006173
3 0.724537 0.262731 0.001543 0.002315
3 0.561728 0.205247 0.001029 0.001543
3 0.559156 0.196373 0.004115 0.003858
3 0.414095 0.189429 0.002058 0.002315
3 0.433642 0.176698 0.002058 0.003086
3 0.564043 0.172454 0.004630 0.005401
3 0.578704 0.169753 0.003086 0.003086
3 0.348765 0.167438 0.003086 0.004630
3 0.519547 0.163966 0.002058 0.002315
3 0.406636 0.163966 0.003601 0.003858
3 0.419496 0.162037 0.003601 0.007716
3 0.316358 0.150849 0.001029 0.000772
3 0.356739 0.152778 0.004630 0.009259
3 0.445216 0.140818 0.005658 0.008488
3 0.378601 0.124228 0.006173 0.006173
3 0.408179 0.085262 0.001543 0.003858