0 0.453947 0.718202 0.001462 0.002193
0 0.432018 0.712719 0.001462 0.002193
0 0.448830 0.717654 0.007310 0.014254
0 0.435307 0.710526 0.003655 0.004386
0 0.448099 0.707237 0.001462 0.002193
0 0.457968 0.685855 0.000731 0.001096
0 0.441886 0.675987 0.000731 0.001096
0 0.429825 0.677083 0.004386 0.007675
0 0.444444 0.667763 0.001462 0.002193
0 0.450292 0.661732 0.001462 0.001096
0 0.436404 0.660636 0.002924 0.007675
0 0.447003 0.652412 0.006579 0.010965
0 0.778874 0.475877 0.003655 0.006579
0 0.334064 0.389803 0.001462 0.001096
0 0.339547 0.388706 0.000731 0.001096
0 0.340643 0.381031 0.002924 0.003289
0 0.347222 0.381579 0.007310 0.021930
0 0.338816 0.361294 0.000731 0.001096
0 0.341740 0.360197 0.002193 0.003289
0 0.353436 0.362390 0.008041 0.012061
0 0.336257 0.358004 0.001462 0.003289
0 0.340643 0.354715 0.002924 0.003289
0 0.552632 0.311952 0.001462 0.001096
0 0.555921 0.324561 0.018275 0.026316
0 0.548246 0.309211 0.002924 0.006579
0 0.530702 0.309211 0.004386 0.006579
0 0.531798 0.302632 0.002193 0.004386
0 0.529240 0.297697 0.001462 0.003289
0 0.561769 0.156798 0.012427 0.010965
0 0.523392 0.111842 0.001462 0.002193
0 0.527047 0.111842 0.002924 0.004386
0 0.588450 0.092105 0.001462 0.002193
1 0.562500 0.257675 0.000731 0.002193
1 0.546784 0.248904 0.001462 0.002193
1 0.561404 0.247807 0.011696 0.015351
1 0.532529 0.222039 0.009503 0.016447
1 0.554459 0.217105 0.006579 0.008772
1 0.539108 0.199561 0.002193 0.002193
2 0.568713 0.230263 0.023392 0.019737
2 0.549708 0.228618 0.014620 0.023026
3 0.558480 0.902961 0.005848 0.012061
3 0.380482 0.754934 0.002193 0.003289
3 0.745614 0.729715 0.005848 0.007675
3 0.445906 0.692434 0.008772 0.014254
3 0.718202 0.684211 0.005117 0.004386
3 0.369883 0.640351 0.001462 0.002193
3 0.241959 0.588816 0.001462 0.002193
3 0.388523 0.580592 0.002193 0.005482
3 0.778874 0.572917 0.003655 0.005482
3 0.546784 0.571272 0.001462 0.002193
3 0.364766 0.569627 0.002924 0.005482
3 0.436404 0.558114 0.002924 0.004386
3 0.262427 0.544956 0.001462 0.002193
3 0.287281 0.535088 0.001462 0.002193
3 0.730263 0.533991 0.005848 0.008772
3 0.362939 0.529057 0.000731 0.001096
3 0.355629 0.521382 0.002193 0.003289
3 0.729898 0.514254 0.000731 0.002193
3 0.361842 0.514254 0.002924 0.004386
3 0.787281 0.506579 0.002924 0.004386
3 0.788012 0.497807 0.004386 0.006579
3 0.352705 0.489035 0.002193 0.004386
3 0.660819 0.432018 0.007310 0.004386
3 0.774854 0.392544 0.004386 0.006579
3 0.374269 0.327851 0.002924 0.006579
3 0.627558 0.299890 0.009503 0.016447
3 0.690058 0.262610 0.001462 0.003289
3 0.641813 0.245614 0.002924 0.002193
3 0.425439 0.239583 0.001462 0.003289
3 0.431287 0.234101 0.001462 0.003289
3 0.604532 0.211075 0.002924 0.003289
3 0.603070 0.200110 0.002924 0.003289
3 0.519371 0.180921 0.000731 0.002193
3 0.577851 0.165570 0.003655 0.008772
3 0.528143 0.160636 0.000731 0.003289
3 0.533991 0.149671 0.003655 0.005482
3 0.533626 0.132127 0.001462 0.003289
3 0.582602 0.126645 0.002924 0.003289
3 0.567251 0.128838 0.002924 0.009868
3 0.528143 0.117873 0.005117 0.005482
3 0.519371 0.116776 0.005117 0.005482
3 0.514985 0.114583 0.000731 0.001096
3 0.562135 0.115680 0.002924 0.005482
3 0.494883 0.095395 0.001462 0.002193
3 0.489766 0.070724 0.002924 0.003289