1 0.635417 0.307292 0.000772 0.001157
1 0.633102 0.304977 0.000772 0.001157
1 0.642747 0.306713 0.009259 0.009259
1 0.640818 0.307292 0.001543 0.002315
1 0.635802 0.302083 0.001543 0.002315
1 0.631944 0.298611 0.004630 0.004630
1 0.638889 0.295718 0.006173 0.005787
1 0.625772 0.296296 0.003086 0.006944
1 0.605324 0.289931 0.005401 0.005787
2 0.409722 0.270833 0.023148 0.020833
2 0.429398 0.253472 0.002315 0.004630
2 0.418981 0.234954 0.015432 0.023148
3 0.683642 0.802083 0.001543 0.002315
3 0.683642 0.720486 0.006173 0.008102
3 0.287037 0.688657 0.001543 0.002315
3 0.671296 0.672454 0.007716 0.009259
3 0.725309 0.606481 0.003086 0.004630