0 0.459105 0.827160 0.002572 0.003086
0 0.293467 0.806327 0.007716 0.010802
0 0.274434 0.790123 0.002572 0.004630
0 0.279064 0.782793 0.002572 0.005401
0 0.467078 0.700231 0.002058 0.002315
0 0.452160 0.692130 0.010288 0.006173
0 0.259774 0.665509 0.006173 0.008488
0 0.306842 0.626929 0.001543 0.003858
0 0.313272 0.623071 0.003086 0.003858
0 0.268776 0.608025 0.001543 0.003086
0 0.474794 0.598380 0.003086 0.003858
0 0.288066 0.589506 0.006173 0.007716
0 0.422068 0.528164 0.001543 0.005401
0 0.414866 0.521605 0.001543 0.003086
0 0.290123 0.520448 0.002058 0.002315
0 0.224794 0.523148 0.007202 0.009259
0 0.483025 0.512346 0.002058 0.003086
0 0.202932 0.511574 0.002572 0.004630
0 0.304784 0.508873 0.003601 0.005401
0 0.297325 0.502315 0.004115 0.006173
0 0.219136 0.493827 0.003086 0.004630
0 0.237654 0.490741 0.003086 0.006173
0 0.315844 0.493441 0.005144 0.013117
0 0.306842 0.488426 0.001543 0.003086
0 0.312757 0.479167 0.003086 0.003086
0 0.278807 0.477623 0.002058 0.001543
0 0.210391 0.476080 0.001029 0.001543
0 0.213220 0.467593 0.002572 0.004630
0 0.296296 0.458719 0.003086 0.008488
0 0.224537 0.347994 0.001543 0.003086
0 0.226852 0.342978 0.002058 0.003858
0 0.230453 0.339506 0.003086 0.003086
0 0.233282 0.336806 0.001543 0.003858
0 0.458591 0.331404 0.012860 0.022377
0 0.248714 0.319830 0.004630 0.005401
0 0.454475 0.313272 0.004630 0.010802
0 0.231224 0.310185 0.005658 0.010802
0 0.248457 0.304784 0.005144 0.006173
0 0.447274 0.301698 0.002572 0.004630
0 0.536008 0.300154 0.003086 0.004630
0 0.463992 0.304012 0.011317 0.018519
0 0.465792 0.289352 0.001543 0.001543
0 0.442130 0.291281 0.003601 0.005401
0 0.440844 0.282793 0.001029 0.000772
0 0.469907 0.281250 0.001543 0.002315
0 0.463992 0.278935 0.004115 0.005401
0 0.440586 0.277392 0.001543 0.002315
0 0.451646 0.273148 0.005144 0.009259
0 0.356739 0.265818 0.005658 0.006944
0 0.465021 0.262346 0.002058 0.003086
0 0.437243 0.263117 0.002058 0.004630
0 0.451903 0.261188 0.003601 0.006944
0 0.348251 0.260802 0.005144 0.007716
0 0.444702 0.255401 0.001543 0.003086
0 0.439815 0.254630 0.001029 0.001543
0 0.354167 0.252701 0.001543 0.002315
0 0.342078 0.251929 0.001029 0.000772
0 0.346193 0.251543 0.001029 0.001543
0 0.456276 0.253858 0.004115 0.010802
0 0.352109 0.249228 0.000514 0.001543
0 0.537037 0.250386 0.003086 0.005401
0 0.350051 0.246914 0.000514 0.001543
0 0.460391 0.249614 0.003086 0.008488
0 0.371656 0.248843 0.004630 0.006944
0 0.357253 0.247299 0.002572 0.003858
0 0.455247 0.241898 0.002058 0.002315
0 0.334362 0.241127 0.001029 0.000772
0 0.350566 0.240355 0.001543 0.002315
0 0.451646 0.241127 0.003086 0.006944
0 0.340021 0.240355 0.008230 0.008488
0 0.362654 0.235340 0.002058 0.003086
0 0.380658 0.234182 0.005144 0.010031
0 0.342078 0.231481 0.004115 0.004630
0 0.298868 0.226080 0.004115 0.007716
0 0.371914 0.221065 0.003086 0.003858
0 0.380916 0.222222 0.007716 0.010802
0 0.350823 0.221836 0.008230 0.010031
0 0.347222 0.217593 0.001029 0.001543
0 0.334877 0.217978 0.002058 0.002315
0 0.386317 0.216821 0.003086 0.001543
0 0.356224 0.213349 0.003601 0.003858
0 0.365484 0.214506 0.002572 0.007716
0 0.326646 0.201775 0.007202 0.013117
0 0.628601 0.151235 0.006173 0.006173
0 0.405864 0.152778 0.006173 0.009259
0 0.469136 0.099537 0.002058 0.003086
1 0.675926 0.753472 0.017490 0.017747
1 0.308128 0.556713 0.008230 0.010031
1 0.364455 0.533179 0.016975 0.016975
1 0.345422 0.531250 0.010802 0.020833
1 0.313272 0.522762 0.004115 0.005401
1 0.288580 0.517361 0.008230 0.011574
1 0.305298 0.501543 0.022119 0.016975
1 0.474280 0.474151 0.011317 0.017747
1 0.234568 0.470293 0.011317 0.011574
1 0.227881 0.366898 0.008230 0.008488
1 0.513117 0.345293 0.007716 0.006944
1 0.457305 0.266204 0.003086 0.004630
1 0.270319 0.236497 0.006687 0.010031
1 0.362140 0.234954 0.017490 0.027006
1 0.362140 0.234954 0.006687 0.009259
3 0.356739 0.543596 0.001543 0.000772
3 0.354424 0.532022 0.002058 0.003858
3 0.292695 0.526620 0.001029 0.002315
3 0.257716 0.513503 0.004115 0.005401
3 0.574846 0.332562 0.002572 0.004630
3 0.558385 0.314815 0.003601 0.004630
3 0.283436 0.230324 0.001029 0.002315
3 0.306584 0.180941 0.003086 0.005401
3 0.404835 0.159336 0.002058 0.002315
3 0.632459 0.155864 0.003601 0.004630
3 0.401235 0.151620 0.003086 0.002315