0 0.644531 0.808919 0.008789 0.009766
0 0.644775 0.795573 0.007324 0.007813
0 0.728271 0.776042 0.003418 0.003906
0 0.790039 0.768229 0.000977 0.001302
0 0.728760 0.769531 0.002441 0.003906
0 0.767578 0.771159 0.004883 0.009766
0 0.718750 0.771810 0.010742 0.013672
0 0.778076 0.763346 0.002441 0.003255
0 0.674805 0.764974 0.004883 0.006510
0 0.709961 0.761719 0.006836 0.007813
0 0.763428 0.758464 0.002441 0.002604
0 0.733887 0.759115 0.001953 0.003906
0 0.705566 0.752930 0.002930 0.004557
0 0.790527 0.750326 0.002930 0.004557
0 0.664063 0.750326 0.004883 0.008464
0 0.781982 0.751302 0.007324 0.019531
0 0.748291 0.742513 0.001465 0.001953
0 0.700195 0.741862 0.006836 0.008464
0 0.747070 0.737630 0.002930 0.003906
0 0.733154 0.734701 0.001465 0.001953
0 0.783203 0.725911 0.002930 0.002604
0 0.755371 0.739583 0.010742 0.033854
0 0.497070 0.725586 0.004883 0.007161
0 0.707031 0.721354 0.002930 0.006510
0 0.614746 0.730143 0.010742 0.024089
0 0.715088 0.718424 0.002441 0.003255
0 0.752930 0.711589 0.004883 0.005208
0 0.722168 0.713867 0.007813 0.009766
0 0.757568 0.708659 0.001465 0.001953
0 0.726318 0.709310 0.002441 0.004557
0 0.717041 0.698568 0.006348 0.005208
0 0.709961 0.694336 0.002930 0.003255
0 0.740723 0.686198 0.006836 0.013021
0 0.716309 0.684896 0.006836 0.010417
0 0.765625 0.673503 0.000977 0.001953
0 0.712891 0.675456 0.004883 0.008464
0 0.735352 0.675130 0.014648 0.013021
0 0.723389 0.669271 0.006348 0.006510
0 0.704590 0.665690 0.010742 0.014974
0 0.612549 0.520508 0.014160 0.020182
0 0.602539 0.501953 0.004883 0.007813
0 0.651123 0.487956 0.007324 0.009766
0 0.630127 0.492839 0.018066 0.023438
0 0.739014 0.483724 0.020020 0.015625
0 0.715820 0.487630 0.020508 0.029948
0 0.703857 0.475260 0.003418 0.005208
0 0.709229 0.469401 0.001465 0.002604
0 0.722656 0.467448 0.002930 0.003906
0 0.718750 0.460938 0.001953 0.003906
0 0.664551 0.458984 0.004883 0.009115
0 0.755615 0.459961 0.022949 0.027995
0 0.729492 0.444010 0.006836 0.011719
0 0.722168 0.436198 0.001953 0.002604
0 0.664063 0.437826 0.023438 0.034505
0 0.565186 0.290690 0.004395 0.008464
0 0.518799 0.296224 0.008301 0.019531
0 0.471680 0.294922 0.001953 0.020833
0 0.667725 0.286458 0.003418 0.005208
0 0.535645 0.283203 0.005859 0.010417
0 0.587646 0.273112 0.003418 0.008464
0 0.628418 0.267578 0.005859 0.006510
0 0.656494 0.263672 0.003418 0.006510
0 0.582031 0.261068 0.009766 0.010417
0 0.730225 0.241862 0.007324 0.007161
0 0.680420 0.218424 0.005371 0.005859
0 0.582031 0.218750 0.004883 0.010417
0 0.631836 0.166667 0.008789 0.010417
1 0.628418 0.919596 0.004883 0.011068
1 0.638428 0.900716 0.004395 0.007161
1 0.625977 0.874674 0.005859 0.003255
1 0.626709 0.838542 0.008301 0.006510
1 0.733887 0.715169 0.014648 0.016276
1 0.728516 0.696289 0.007813 0.012370
1 0.385010 0.568034 0.006348 0.011068
1 0.673584 0.555013 0.004395 0.005859
1 0.385254 0.543620 0.006836 0.013021
1 0.779785 0.525065 0.005859 0.007161
1 0.599609 0.410807 0.004883 0.006510
1 0.537842 0.349609 0.005371 0.006510
1 0.631836 0.331380 0.011719 0.009115
1 0.528564 0.305664 0.006348 0.013672
1 0.470703 0.275716 0.002930 0.004557
1 0.615479 0.191081 0.029785 0.025391
1 0.638428 0.153646 0.005371 0.007813
1 0.618164 0.134115 0.009766 0.014323
1 0.619385 0.133138 0.001465 0.001953
3 0.665283 0.856120 0.006348 0.003906
3 0.425781 0.854167 0.006836 0.005208
3 0.623535 0.805013 0.004883 0.004557
3 0.593994 0.790365 0.006348 0.006510
3 0.659668 0.781250 0.004883 0.006510
3 0.668945 0.722982 0.003906 0.004557
3 0.653320 0.700846 0.006836 0.008464
3 0.707764 0.657227 0.004395 0.004557
3 0.784912 0.643555 0.003418 0.001953
3 0.692139 0.499023 0.003418 0.005859
3 0.530029 0.495443 0.004395 0.006510
3 0.582275 0.485352 0.003418 0.004557
3 0.758057 0.482422 0.004395 0.006510
3 0.500732 0.371745 0.005371 0.007813
3 0.632080 0.333333 0.006348 0.006510
3 0.638672 0.313477 0.002930 0.003255