0 0.263672 0.293294 0.004883 0.004557
0 0.256836 0.289388 0.004883 0.004557
0 0.287354 0.288737 0.007324 0.005859
0 0.279785 0.284831 0.004883 0.004557
0 0.277832 0.222656 0.004883 0.003906
0 0.239990 0.213542 0.007324 0.010417
0 0.377441 0.146484 0.009766 0.015625
1 0.509521 0.861003 0.020996 0.021484
1 0.513672 0.837891 0.026367 0.016927
1 0.677002 0.637695 0.010254 0.012370
1 0.679443 0.637695 0.002441 0.001953
1 0.271240 0.550781 0.008301 0.014323
1 0.663086 0.398112 0.004883 0.011068
1 0.545166 0.231445 0.008301 0.012370
1 0.742188 0.219401 0.011719 0.019531
1 0.743896 0.222331 0.002441 0.003255
1 0.740967 0.220378 0.001465 0.001953
1 0.384766 0.143555 0.012695 0.008464
1 0.671143 0.096029 0.017090 0.016276
1 0.675781 0.099935 0.001953 0.001953
3 0.648926 0.666341 0.004883 0.007161
3 0.668213 0.611654 0.006348 0.008464
3 0.181885 0.562174 0.003418 0.004557
3 0.695068 0.516276 0.002441 0.002604
3 0.690918 0.503255 0.006836 0.006510
3 0.383057 0.411458 0.006348 0.006510
3 0.656006 0.345052 0.006348 0.009115
3 0.379639 0.315104 0.003418 0.003906
3 0.317627 0.245443 0.003418 0.006510
3 0.291992 0.240234 0.001953 0.005208
3 0.692139 0.128255 0.002441 0.003906
3 0.676025 0.122721 0.005371 0.005859