0 0.486213 0.666667 0.000613 0.001634
0 0.468137 0.659722 0.002451 0.002451
0 0.480699 0.633987 0.007966 0.004902
0 0.474265 0.617647 0.001225 0.001634
0 0.456801 0.613154 0.001838 0.002451
0 0.452206 0.609477 0.002451 0.003268
0 0.467218 0.604575 0.006740 0.009804
0 0.461703 0.597222 0.003064 0.003268
0 0.478860 0.596405 0.005515 0.006536
0 0.481311 0.588644 0.014093 0.017157
0 0.495098 0.585376 0.011029 0.012255
0 0.484069 0.576797 0.008578 0.011438
0 0.475184 0.569444 0.001838 0.003268
0 0.471507 0.563725 0.000613 0.001634
0 0.483456 0.560049 0.003676 0.004085
0 0.458640 0.571487 0.030025 0.040033
0 0.433211 0.548611 0.004902 0.005719
0 0.430760 0.541667 0.003676 0.004902
0 0.451900 0.544118 0.012868 0.011438
0 0.495404 0.516748 0.000613 0.000817
1 0.684130 0.686683 0.001838 0.004085
1 0.511949 0.675245 0.023897 0.026961
1 0.503370 0.654412 0.003064 0.004902
1 0.549020 0.664624 0.049020 0.041667
1 0.580270 0.615605 0.004902 0.007353
1 0.614277 0.580882 0.017770 0.017974
2 0.676777 0.731618 0.010417 0.012255
2 0.674326 0.730801 0.001225 0.003268
2 0.674020 0.723039 0.002451 0.003268
2 0.699755 0.689542 0.012255 0.037582
2 0.533701 0.701389 0.039216 0.079248
2 0.598039 0.553105 0.014706 0.021242
2 0.599877 0.402778 0.004902 0.004902
2 0.611213 0.404820 0.015319 0.012255
2 0.612439 0.403186 0.001225 0.003268
2 0.488358 0.388072 0.001225 0.001634
2 0.507659 0.392565 0.010417 0.015523
2 0.489890 0.383578 0.003064 0.004085
2 0.490809 0.379085 0.001225 0.001634
2 0.456801 0.359477 0.004289 0.008170
2 0.636949 0.370507 0.028799 0.046569