0 0.315201 0.744792 0.006944 0.019676
0 0.713349 0.365741 0.000772 0.002315
0 0.722222 0.356481 0.003086 0.004630
0 0.738040 0.348380 0.002315 0.002315
0 0.717593 0.343750 0.001543 0.002315
0 0.745756 0.335069 0.000772 0.001157
0 0.732253 0.338542 0.006173 0.012731
0 0.738812 0.323495 0.000772 0.001157
0 0.418981 0.144097 0.007716 0.008102
0 0.419753 0.133102 0.004630 0.009259
0 0.576389 0.103588 0.003086 0.003472
1 0.554012 0.910880 0.030864 0.050926
1 0.528164 0.844907 0.023920 0.030093
1 0.442901 0.803819 0.010802 0.021991
1 0.422840 0.789352 0.016975 0.023148
1 0.569830 0.782407 0.023920 0.020833
1 0.433256 0.776042 0.005401 0.010417
1 0.728009 0.744792 0.011574 0.017361
1 0.538194 0.709491 0.003858 0.006944
1 0.320216 0.714699 0.007716 0.024306
1 0.546682 0.704861 0.002315 0.006944
1 0.588735 0.699074 0.006173 0.006944
1 0.576389 0.693287 0.009259 0.011574
1 0.555941 0.677662 0.011574 0.015046
1 0.308256 0.681134 0.010031 0.031250
1 0.314429 0.653356 0.005401 0.019676
1 0.421682 0.642361 0.011574 0.018519
1 0.388117 0.614583 0.009259 0.018519
1 0.331790 0.615741 0.013889 0.025463
1 0.507330 0.459491 0.006944 0.002315
1 0.539738 0.458912 0.010031 0.003472
1 0.532022 0.448495 0.006944 0.005787
1 0.525077 0.443287 0.005401 0.004630
1 0.248071 0.430556 0.011574 0.013889
1 0.225694 0.434028 0.031636 0.020833
1 0.546682 0.423611 0.000772 0.002315
1 0.503086 0.432870 0.038580 0.020833
1 0.503472 0.435185 0.003086 0.003472
1 0.233796 0.412616 0.006173 0.008102
1 0.271605 0.410880 0.029321 0.016204
1 0.266590 0.401620 0.002315 0.002315
1 0.234568 0.399884 0.003086 0.003472
1 0.569444 0.363426 0.032407 0.025463
1 0.537809 0.303819 0.047840 0.038194
1 0.576003 0.271412 0.005401 0.003472
1 0.508488 0.258102 0.009259 0.009259
1 0.551698 0.255208 0.007716 0.005787
1 0.498071 0.256366 0.013117 0.015046
1 0.496914 0.248264 0.007716 0.008102
1 0.296682 0.263310 0.011574 0.047454
1 0.582948 0.237847 0.005401 0.012731
1 0.310571 0.231481 0.000772 0.004630
1 0.369213 0.244792 0.011574 0.033565
1 0.317130 0.193287 0.013889 0.023148
1 0.666281 0.173611 0.022377 0.023148
1 0.500000 0.164931 0.013889 0.019676
1 0.328704 0.166088 0.004630 0.021991
1 0.362654 0.167245 0.007716 0.028935
1 0.623457 0.128472 0.009259 0.018519
1 0.378858 0.133681 0.013889 0.049769
1 0.613426 0.112847 0.016975 0.021991
1 0.540509 0.119213 0.025463 0.041667
2 0.543210 0.925926 0.006173 0.009259
2 0.545525 0.879630 0.015432 0.027778
2 0.319830 0.783565 0.017747 0.034722
2 0.422840 0.672454 0.020062 0.048611
2 0.409722 0.637731 0.003086 0.004630
2 0.508873 0.633681 0.022377 0.017361
2 0.512731 0.635417 0.001543 0.003472
2 0.509259 0.615162 0.003086 0.003472
2 0.488812 0.619213 0.014660 0.011574
2 0.324846 0.656829 0.033951 0.086806
2 0.365741 0.641204 0.027778 0.062500
2 0.490741 0.599537 0.001543 0.002315
2 0.432485 0.631944 0.031636 0.071759
2 0.432485 0.626157 0.001543 0.003472
2 0.438272 0.620949 0.002315 0.004630
2 0.433256 0.616898 0.001543 0.003472
2 0.429784 0.611690 0.002315 0.004630
2 0.487654 0.596644 0.001543 0.003472
2 0.388889 0.619792 0.021605 0.052083
2 0.509645 0.602431 0.014660 0.021991
2 0.445988 0.594907 0.004630 0.006944
2 0.465278 0.600116 0.016975 0.024306
2 0.406250 0.604167 0.027006 0.032407
2 0.407022 0.596644 0.004630 0.006944
2 0.453318 0.587963 0.003858 0.002315
2 0.418210 0.593750 0.004630 0.013889
2 0.541281 0.588542 0.011574 0.010417
2 0.460648 0.583912 0.001543 0.003472
2 0.472222 0.589120 0.018519 0.016204
2 0.462191 0.577546 0.001543 0.002315
2 0.465278 0.576968 0.001543 0.003472
2 0.527778 0.579282 0.007716 0.017361
2 0.508102 0.567708 0.011574 0.017361
2 0.444830 0.568287 0.027006 0.037037
2 0.487654 0.549769 0.004630 0.002315
2 0.475694 0.563657 0.022377 0.032407
2 0.472222 0.568287 0.005401 0.005787
2 0.266590 0.542245 0.027006 0.019676
2 0.244985 0.515625 0.005401 0.005787
2 0.271219 0.514468 0.040895 0.015046
2 0.276235 0.494213 0.012346 0.018519
2 0.230324 0.488426 0.019290 0.043981
2 0.239583 0.451968 0.025463 0.028935
2 0.280093 0.425347 0.035494 0.021991
2 0.533951 0.418403 0.018519 0.049769
2 0.642747 0.326968 0.007716 0.008102
2 0.545910 0.325231 0.039352 0.020833
2 0.559414 0.325231 0.002315 0.003472
2 0.622299 0.321181 0.019290 0.017361
2 0.669367 0.303241 0.003858 0.004630
2 0.536265 0.277778 0.027778 0.023148
2 0.537809 0.243634 0.001543 0.001157
2 0.286651 0.252315 0.006944 0.020833
2 0.315201 0.255208 0.011574 0.031250
2 0.378086 0.248843 0.016975 0.034722
2 0.532793 0.231481 0.010031 0.013889
2 0.539738 0.224537 0.000772 0.002315
2 0.527778 0.226852 0.004630 0.006944
2 0.527392 0.222801 0.000772 0.001157
2 0.492284 0.222801 0.001543 0.001157
2 0.505401 0.222222 0.001543 0.002315
2 0.533179 0.216435 0.006173 0.013889
2 0.534336 0.219329 0.001543 0.002315
2 0.507330 0.227431 0.023920 0.045139
2 0.511960 0.218171 0.001543 0.002315
2 0.516590 0.207176 0.006944 0.006944
2 0.549383 0.207176 0.023148 0.020833
2 0.486111 0.212384 0.026235 0.031250
2 0.415895 0.206019 0.021605 0.048611
2 0.410880 0.190972 0.001543 0.003472
2 0.569059 0.155671 0.023920 0.038194
3 0.442901 0.933449 0.001543 0.003472
3 0.438657 0.932292 0.003858 0.005787
3 0.495370 0.921296 0.003086 0.004630
3 0.410494 0.907407 0.003086 0.004630
3 0.513889 0.905093 0.003086 0.004630
3 0.370370 0.895833 0.003086 0.004630
3 0.615741 0.885417 0.003086 0.004630
3 0.372299 0.884259 0.003858 0.004630
3 0.416667 0.883102 0.004630 0.004630
3 0.508488 0.875000 0.006173 0.006944
3 0.559028 0.868056 0.002315 0.002315
3 0.554784 0.870370 0.004630 0.009259
3 0.347608 0.868056 0.002315 0.004630
3 0.517361 0.865162 0.000772 0.001157
3 0.511960 0.864005 0.003858 0.003472
3 0.476466 0.864583 0.003858 0.006944
3 0.329861 0.850694 0.002315 0.004630
3 0.451389 0.845486 0.004630 0.003472
3 0.367670 0.844329 0.000772 0.001157
3 0.365741 0.840856 0.001543 0.003472
3 0.487654 0.843171 0.007716 0.010417
3 0.574846 0.840856 0.006173 0.008102
3 0.424383 0.838542 0.004630 0.008102
3 0.378472 0.837963 0.005401 0.006944
3 0.481481 0.831019 0.001543 0.002315
3 0.475694 0.831597 0.003858 0.005787
3 0.693673 0.828704 0.004630 0.004630
3 0.557485 0.825231 0.010031 0.009259
3 0.462577 0.823495 0.006944 0.015046
3 0.668981 0.814236 0.003086 0.003472
3 0.504630 0.813079 0.003086 0.005787
3 0.694830 0.808449 0.002315 0.003472
3 0.710648 0.807870 0.001543 0.004630
3 0.326003 0.799190 0.002315 0.003472
3 0.392747 0.798032 0.003086 0.003472
3 0.375386 0.799190 0.003858 0.005787
3 0.542052 0.793981 0.003858 0.006944
3 0.476466 0.788194 0.005401 0.009259
3 0.437886 0.786458 0.003858 0.005787
3 0.447917 0.777778 0.005401 0.006944
3 0.541667 0.775463 0.016975 0.009259
3 0.441744 0.773148 0.002315 0.004630
3 0.715278 0.771412 0.006173 0.008102
3 0.307099 0.763889 0.001543 0.002315
3 0.546682 0.762731 0.002315 0.002315
3 0.381173 0.764468 0.004630 0.008102
3 0.418210 0.761574 0.006173 0.006944
3 0.392747 0.763310 0.003086 0.010417
3 0.444444 0.762153 0.007716 0.015046
3 0.288194 0.756944 0.002315 0.004630
3 0.450231 0.756944 0.006944 0.009259
3 0.561343 0.752315 0.002315 0.002315
3 0.371142 0.745370 0.001543 0.004630
3 0.341049 0.744792 0.001543 0.005787
3 0.293981 0.744792 0.006173 0.008102
3 0.560185 0.744792 0.009259 0.010417
3 0.514660 0.745949 0.006173 0.015046
3 0.738812 0.735532 0.000772 0.001157
3 0.315586 0.733796 0.001543 0.002315
3 0.418981 0.733218 0.001543 0.003472
3 0.541667 0.732639 0.004630 0.004630
3 0.349151 0.732639 0.003858 0.004630
3 0.530864 0.733796 0.007716 0.011574
3 0.429012 0.729167 0.003086 0.004630
3 0.404707 0.729745 0.003858 0.005787
3 0.342978 0.729167 0.002315 0.004630
3 0.408951 0.727431 0.003086 0.005787
3 0.539738 0.724537 0.000772 0.002315
3 0.421296 0.725116 0.001543 0.003472
3 0.373071 0.727431 0.003858 0.008102
3 0.511960 0.722801 0.005401 0.005787
3 0.403935 0.721644 0.002315 0.003472
3 0.300154 0.719907 0.001543 0.002315
3 0.428241 0.719907 0.004630 0.006944
3 0.422454 0.717593 0.003858 0.006944
3 0.382716 0.711806 0.001543 0.002315
3 0.512731 0.711806 0.005401 0.006944
3 0.466435 0.721065 0.011574 0.025463
3 0.335648 0.708912 0.003086 0.005787
3 0.452546 0.708333 0.005401 0.009259
3 0.521219 0.704282 0.005401 0.005787
3 0.284722 0.703125 0.003086 0.003472
3 0.411265 0.701389 0.001543 0.002315
3 0.468750 0.701389 0.002315 0.004630
3 0.655478 0.697338 0.003858 0.005787
3 0.692130 0.694444 0.003086 0.004630
3 0.637731 0.685185 0.003858 0.006944
3 0.291667 0.688079 0.007716 0.015046
3 0.378858 0.679398 0.001543 0.002315
3 0.247299 0.679398 0.005401 0.004630
3 0.300926 0.676505 0.001543 0.003472
3 0.239969 0.674190 0.001543 0.003472
3 0.670139 0.671875 0.002315 0.003472
3 0.226852 0.668403 0.001543 0.003472
3 0.341435 0.666088 0.003858 0.008102
3 0.673997 0.661458 0.002315 0.003472
3 0.599923 0.662037 0.002315 0.006944
3 0.231481 0.652778 0.001543 0.002315
3 0.245370 0.651042 0.003086 0.008102
3 0.302469 0.651620 0.009259 0.013889
3 0.337963 0.643519 0.006173 0.006944
3 0.665123 0.632523 0.003086 0.003472
3 0.272377 0.631366 0.004630 0.005787
3 0.235340 0.627315 0.001543 0.002315
3 0.247685 0.627315 0.006173 0.009259
3 0.226852 0.622685 0.001543 0.002315
3 0.277778 0.619792 0.001543 0.005787
3 0.238426 0.614583 0.001543 0.002315
3 0.513889 0.613426 0.001543 0.002315
3 0.239583 0.609954 0.003858 0.002315
3 0.219136 0.611690 0.004630 0.008102
3 0.298611 0.609954 0.007716 0.013889
3 0.478009 0.603009 0.002315 0.002315
3 0.454475 0.601852 0.001543 0.002315
3 0.273534 0.608796 0.008488 0.016204
3 0.302083 0.596065 0.002315 0.002315
3 0.277006 0.598380 0.003086 0.006944
3 0.211034 0.595486 0.000772 0.001157
3 0.314815 0.585648 0.003086 0.004630
3 0.249228 0.564815 0.001543 0.002315
3 0.318287 0.563657 0.002315 0.002315
3 0.299769 0.560185 0.006944 0.009259
3 0.261188 0.554977 0.008488 0.010417
3 0.497685 0.537616 0.013889 0.024306
3 0.231481 0.521991 0.004630 0.011574
3 0.525463 0.516782 0.004630 0.005787
3 0.221065 0.509838 0.006944 0.017361
3 0.217978 0.497106 0.002315 0.003472
3 0.304012 0.498843 0.003086 0.009259
3 0.215278 0.486690 0.006173 0.012731
3 0.469136 0.473380 0.004630 0.004630
3 0.493827 0.471065 0.001543 0.002315
3 0.576775 0.467593 0.002315 0.004630
3 0.528549 0.462384 0.003086 0.003472
3 0.254244 0.455440 0.006944 0.008102
3 0.625772 0.447338 0.001543 0.001157
3 0.279321 0.441551 0.003086 0.003472
3 0.601080 0.434606 0.001543 0.003472
3 0.727623 0.428241 0.001543 0.002315
3 0.521991 0.417824 0.003858 0.004630
3 0.244213 0.418403 0.002315 0.005787
3 0.231867 0.413194 0.000772 0.002315
3 0.523148 0.410880 0.001543 0.002315
3 0.467978 0.405671 0.002315 0.003472
3 0.743056 0.398727 0.006173 0.005787
3 0.712577 0.389468 0.000772 0.001157
3 0.635802 0.393519 0.007716 0.011574
3 0.543981 0.387731 0.001543 0.002315
3 0.345293 0.387153 0.002315 0.003472
3 0.513117 0.388310 0.006173 0.008102
3 0.320216 0.374421 0.001543 0.003472
3 0.722608 0.365162 0.000772 0.001157
3 0.726080 0.361690 0.004630 0.008102
3 0.596065 0.353588 0.000772 0.001157
3 0.598765 0.349537 0.001543 0.002315
3 0.305170 0.350694 0.003858 0.004630
3 0.681713 0.346644 0.000772 0.001157
3 0.358025 0.340278 0.003086 0.004630
3 0.312886 0.335648 0.003858 0.009259
3 0.554398 0.331597 0.002315 0.003472
3 0.302083 0.329282 0.000772 0.001157
3 0.546682 0.329861 0.002315 0.004630
3 0.306327 0.322338 0.001543 0.005787
3 0.724151 0.316551 0.002315 0.003472
3 0.572917 0.315972 0.002315 0.002315
3 0.512346 0.309606 0.001543 0.001157
3 0.312114 0.310185 0.002315 0.004630
3 0.500772 0.298032 0.003086 0.003472
3 0.699460 0.289931 0.002315 0.005787
3 0.281250 0.281250 0.000772 0.002315
3 0.528164 0.280093 0.002315 0.002315
3 0.366512 0.279514 0.001543 0.003472
3 0.521219 0.278356 0.002315 0.003472
3 0.379244 0.273727 0.000772 0.001157
3 0.285108 0.274306 0.003858 0.004630
3 0.599923 0.269097 0.002315 0.001157
3 0.383488 0.270833 0.003086 0.004630
3 0.366512 0.267361 0.001543 0.002315
3 0.379244 0.267361 0.003858 0.004630
3 0.610340 0.259259 0.003086 0.002315
3 0.522762 0.259259 0.000772 0.002315
3 0.531250 0.248843 0.002315 0.004630
3 0.550540 0.246528 0.003858 0.004630
3 0.555556 0.244213 0.003086 0.004630
3 0.524691 0.244213 0.003086 0.004630
3 0.520448 0.239583 0.003858 0.002315
3 0.285108 0.204282 0.002315 0.003472
3 0.537037 0.198495 0.007716 0.008102
3 0.424769 0.197917 0.003858 0.009259
3 0.368441 0.191551 0.002315 0.003472
3 0.396219 0.188657 0.002315 0.002315
3 0.522762 0.175926 0.005401 0.006944
3 0.688657 0.160301 0.003858 0.005787
3 0.352623 0.159144 0.003086 0.005787
3 0.420525 0.151620 0.004630 0.006944
3 0.343364 0.145833 0.001543 0.002315
3 0.326389 0.146991 0.004630 0.006944
3 0.435185 0.141204 0.004630 0.006944
3 0.566358 0.137153 0.001543 0.003472
3 0.346451 0.132523 0.001543 0.003472
3 0.437886 0.130208 0.002315 0.003472
3 0.441358 0.123264 0.003086 0.005787
3 0.422068 0.114583 0.004630 0.006944
3 0.405093 0.103009 0.004630 0.004630
3 0.509259 0.090278 0.001543 0.004630