1 0.237847 0.792824 0.004630 0.010417
1 0.219329 0.787326 0.023148 0.023727
1 0.217593 0.794271 0.001736 0.002315
1 0.265914 0.773727 0.009838 0.024306
1 0.300926 0.737269 0.052083 0.052083
1 0.408275 0.477141 0.032986 0.020255
1 0.889178 0.302662 0.005208 0.006944
1 0.119792 0.277488 0.054398 0.058449
1 0.435764 0.147280 0.015046 0.015625
2 0.501736 0.687211 0.003472 0.004051
2 0.502025 0.677373 0.031829 0.021412
2 0.484086 0.668403 0.010995 0.008102
3 0.446181 0.921296 0.005787 0.004630
3 0.460069 0.917245 0.003472 0.004630
3 0.428819 0.916667 0.004630 0.004630
3 0.430266 0.896123 0.007523 0.006366
3 0.402778 0.864583 0.008102 0.006944
3 0.428241 0.847222 0.005787 0.005787
3 0.412037 0.844907 0.006944 0.004630
3 0.872396 0.763600 0.005208 0.005208
3 0.453993 0.676794 0.002894 0.002894
3 0.474826 0.673322 0.001736 0.001736
3 0.861690 0.671875 0.002315 0.004630
3 0.860822 0.665220 0.002894 0.001736
3 0.473669 0.659433 0.002894 0.001736
3 0.847801 0.625868 0.004630 0.004051
3 0.915799 0.614294 0.002894 0.002894
3 0.711806 0.607350 0.004630 0.004051
3 0.074363 0.608796 0.006366 0.008102
3 0.701100 0.605035 0.004051 0.002894
3 0.789063 0.598669 0.002894 0.002894
3 0.081597 0.588252 0.002315 0.002894
3 0.711227 0.586516 0.005787 0.002894
3 0.692998 0.584201 0.001736 0.001736
3 0.091725 0.584201 0.002894 0.001736
3 0.705729 0.574653 0.001736 0.002315
3 0.851852 0.548322 0.006944 0.006366
3 0.126736 0.543981 0.003472 0.003472
3 0.974248 0.495660 0.000579 0.001736
3 0.820313 0.493345 0.004051 0.005208
3 0.811921 0.490741 0.003472 0.004630
3 0.814236 0.484954 0.002315 0.002315
3 0.815972 0.477720 0.002315 0.002894
3 0.810764 0.447338 0.003472 0.003472
3 0.942130 0.399016 0.002315 0.001736
3 0.585648 0.376157 0.003472 0.002315
3 0.573495 0.348090 0.005787 0.006366
3 0.438079 0.270544 0.008102 0.009838
3 0.223669 0.227720 0.005208 0.007523
3 0.500289 0.206308 0.002894 0.005208
3 0.722801 0.204572 0.004630 0.004051
3 0.506655 0.201678 0.004051 0.005208
3 0.734664 0.173900 0.004051 0.004051