0 0.577932 0.539352 0.007716 0.016204
0 0.636960 0.342014 0.008488 0.019676
0 0.640432 0.326389 0.001543 0.002315
0 0.632716 0.310764 0.001543 0.003472
0 0.236111 0.302083 0.001543 0.004630
0 0.683642 0.160880 0.003086 0.004630
0 0.683256 0.153356 0.002315 0.003472
1 0.476080 0.199074 0.013889 0.018519
1 0.675540 0.142940 0.000772 0.001157
1 0.668210 0.141782 0.012346 0.015046
1 0.497685 0.140625 0.004630 0.017361
2 0.445602 0.893519 0.002315 0.004630
2 0.447145 0.887153 0.000772 0.001157
2 0.441358 0.875000 0.006173 0.011574
2 0.447145 0.852431 0.019290 0.033565
2 0.546296 0.613426 0.012346 0.013889
2 0.694059 0.185764 0.023920 0.040509
3 0.701003 0.811921 0.006944 0.012731
3 0.708333 0.796875 0.004630 0.008102
3 0.288966 0.773148 0.002315 0.004630
3 0.547840 0.763310 0.003086 0.003472
3 0.421682 0.755787 0.008488 0.011574
3 0.537037 0.741898 0.001543 0.002315
3 0.749228 0.734375 0.003086 0.005787
3 0.233410 0.686921 0.003858 0.005787
3 0.313272 0.677662 0.001543 0.001157
3 0.746914 0.672454 0.001543 0.002315
3 0.731096 0.671875 0.000772 0.001157
3 0.735340 0.662037 0.001543 0.002315
3 0.414738 0.569444 0.003858 0.006944
3 0.212963 0.539352 0.009259 0.009259
3 0.222608 0.523727 0.002315 0.003472
3 0.204861 0.517940 0.002315 0.003472
3 0.219907 0.385417 0.007716 0.011574
3 0.297454 0.356481 0.003858 0.006944
3 0.630015 0.335069 0.002315 0.003472
3 0.625000 0.337963 0.004630 0.011574
3 0.256559 0.321181 0.003858 0.005787
3 0.710648 0.222801 0.001543 0.003472
3 0.715278 0.218750 0.001543 0.002315
3 0.300540 0.217014 0.000772 0.001157
3 0.295139 0.213542 0.002315 0.003472
3 0.723765 0.217593 0.006173 0.013889
3 0.287809 0.206019 0.001543 0.006944
3 0.369599 0.190972 0.001543 0.002315
3 0.569830 0.190394 0.002315 0.005787
3 0.371914 0.186343 0.009259 0.011574
3 0.460262 0.175926 0.005401 0.009259
3 0.401620 0.174769 0.010031 0.013889
3 0.677083 0.170139 0.005401 0.006944
3 0.532793 0.157986 0.003858 0.005787
3 0.636188 0.122106 0.003858 0.010417
3 0.503858 0.113426 0.006173 0.006944
3 0.500772 0.103588 0.004630 0.003472
3 0.437886 0.078704 0.003858 0.004630
3 0.449460 0.064236 0.010031 0.005787