0 0.416504 0.733073 0.001953 0.002604
0 0.653809 0.723958 0.004883 0.005208
0 0.722656 0.594727 0.004883 0.007161
0 0.685547 0.580729 0.003906 0.005208
0 0.754639 0.579753 0.014160 0.012370
0 0.521484 0.577474 0.004883 0.011719
0 0.695313 0.571615 0.004883 0.006510
0 0.759766 0.563477 0.001953 0.001953
0 0.677734 0.563477 0.001953 0.001953
0 0.693604 0.559245 0.015137 0.010417
0 0.682861 0.549154 0.001465 0.001953
0 0.530762 0.548503 0.000977 0.001953
0 0.695068 0.543945 0.001465 0.001953
0 0.753906 0.544596 0.003906 0.005859
0 0.686768 0.546224 0.006348 0.011719
0 0.548584 0.553060 0.012207 0.027995
0 0.733398 0.536133 0.002930 0.004557
0 0.539795 0.537435 0.006348 0.009766
0 0.755127 0.533854 0.004395 0.006510
0 0.717041 0.528971 0.003418 0.003255
0 0.543701 0.520508 0.002441 0.003255
0 0.587891 0.508464 0.032227 0.026042
0 0.548584 0.496745 0.007324 0.011719
0 0.600098 0.496094 0.011719 0.013021
0 0.654785 0.491536 0.004883 0.005208
0 0.654785 0.486654 0.000977 0.001953
0 0.625732 0.486654 0.008301 0.014974
0 0.556396 0.479492 0.004395 0.007161
0 0.591797 0.463542 0.001953 0.002604
0 0.509766 0.475586 0.011719 0.027995
0 0.575684 0.462240 0.001953 0.002604
0 0.542236 0.477214 0.015137 0.032552
0 0.635010 0.463867 0.009277 0.016276
0 0.539795 0.456055 0.003418 0.007161
0 0.641357 0.449544 0.007324 0.005859
0 0.505859 0.437826 0.002930 0.003255
0 0.616455 0.435547 0.004395 0.005208
0 0.523926 0.448242 0.022461 0.034505
0 0.539795 0.425130 0.003418 0.003906
0 0.636230 0.423503 0.000977 0.001953
0 0.538574 0.415365 0.004883 0.006510
0 0.578857 0.411784 0.011230 0.012370
0 0.623779 0.416667 0.021973 0.033854
0 0.516602 0.400391 0.007813 0.010417
0 0.591064 0.397135 0.003418 0.005208
0 0.609375 0.399089 0.009766 0.016927
0 0.552734 0.390299 0.002930 0.003255
0 0.550293 0.389648 0.000977 0.001953
0 0.572998 0.392578 0.004395 0.009115
0 0.553223 0.385091 0.001953 0.003255
0 0.547119 0.380534 0.008301 0.009766
0 0.605957 0.375651 0.002930 0.003906
0 0.592773 0.376628 0.003906 0.007161
0 0.513428 0.361328 0.001465 0.001302
0 0.262207 0.192708 0.002930 0.003906
0 0.493896 0.127279 0.001465 0.001953
0 0.472900 0.126628 0.002441 0.004557
0 0.496826 0.120117 0.004395 0.012370
0 0.465820 0.105794 0.002930 0.003255
0 0.461670 0.106771 0.004395 0.007813
0 0.500977 0.100911 0.008789 0.006510
0 0.498779 0.083333 0.005371 0.011719
0 0.496582 0.058268 0.006836 0.009766
0 0.519775 0.050781 0.004395 0.007813
0 0.538574 0.040690 0.004883 0.004557
0 0.459961 0.039063 0.004883 0.006510