0 0.447003 0.598136 0.010965 0.016447
0 0.498538 0.270285 0.016082 0.029605
3 0.355994 0.779605 0.002924 0.004386
3 0.662646 0.700110 0.002193 0.003289
3 0.759137 0.685307 0.000731 0.002193
3 0.756579 0.679276 0.001462 0.001096
3 0.749269 0.678728 0.002924 0.004386
3 0.769371 0.656250 0.002193 0.003289
3 0.604532 0.622807 0.004386 0.006579
3 0.668129 0.618421 0.001462 0.002193
3 0.646930 0.617325 0.001462 0.004386
3 0.434942 0.462719 0.002924 0.004386
3 0.623538 0.356360 0.001462 0.002193
3 0.449927 0.298794 0.002193 0.003289
3 0.467471 0.225877 0.005117 0.008772