0 0.391238 0.576797 0.003064 0.003268
0 0.314032 0.573529 0.003064 0.003268
0 0.296875 0.575572 0.009191 0.008987
0 0.348958 0.566585 0.004289 0.002451
0 0.286458 0.566176 0.004289 0.006536
0 0.354473 0.559232 0.004289 0.007353
0 0.341605 0.558824 0.003064 0.008170
0 0.384498 0.555556 0.001838 0.003268
0 0.366422 0.553922 0.001225 0.001634
0 0.290441 0.553513 0.002451 0.002451
0 0.295037 0.552288 0.001838 0.003268
0 0.313725 0.548611 0.002451 0.002451
0 0.274203 0.545752 0.004289 0.004902
0 0.302696 0.543301 0.001225 0.001634
0 0.291360 0.538399 0.009191 0.006536
0 0.342525 0.525735 0.004902 0.007353
0 0.317402 0.527369 0.012255 0.010621
0 0.308517 0.524918 0.004289 0.007353
0 0.326593 0.520016 0.007353 0.007353
0 0.335478 0.513480 0.004289 0.005719
0 0.177390 0.398693 0.001838 0.001634
0 0.164828 0.399101 0.002451 0.002451
0 0.176164 0.393791 0.004289 0.004902
0 0.297794 0.383578 0.002451 0.004085
0 0.289522 0.381127 0.001838 0.002451
0 0.158701 0.381127 0.002451 0.004085
0 0.178615 0.380310 0.004289 0.004085
0 0.294730 0.373775 0.002451 0.002451
0 0.298407 0.368056 0.006127 0.010621
0 0.196998 0.362337 0.004289 0.005719
0 0.183824 0.343137 0.003676 0.004902
0 0.184743 0.331291 0.003064 0.005719
0 0.174939 0.327206 0.007966 0.007353
0 0.355699 0.317810 0.004289 0.008170
0 0.344056 0.310049 0.006740 0.008987
0 0.331495 0.284722 0.012255 0.015523
0 0.325368 0.209967 0.001225 0.004902
0 0.322304 0.196078 0.008578 0.011438
0 0.334252 0.187908 0.005515 0.014706
0 0.327819 0.185049 0.004902 0.008987
0 0.323529 0.176471 0.004902 0.011438
1 0.624387 0.884804 0.006127 0.006536
1 0.624081 0.841503 0.007966 0.016340
1 0.475490 0.727533 0.018382 0.010621
1 0.331495 0.569444 0.015931 0.019608
1 0.262255 0.547386 0.017157 0.027778
1 0.265012 0.553105 0.003676 0.002451
1 0.264400 0.548611 0.001225 0.001634
1 0.261029 0.539624 0.003064 0.004902
1 0.258885 0.529003 0.005515 0.002451
1 0.508272 0.311275 0.010417 0.021242
1 0.793199 0.284722 0.015319 0.015523
1 0.568321 0.272467 0.007966 0.018791
1 0.255515 0.243464 0.007353 0.013072
1 0.284620 0.192402 0.007966 0.018791
1 0.345895 0.157271 0.012868 0.026961
1 0.345895 0.166667 0.001225 0.002451
1 0.485600 0.142157 0.003064 0.004902
1 0.492953 0.132353 0.000613 0.001634
1 0.488664 0.132761 0.007966 0.012255
2 0.717831 0.867647 0.004289 0.008170
2 0.724265 0.862745 0.001225 0.001634
2 0.716605 0.856209 0.003064 0.004902
2 0.718137 0.845997 0.008578 0.013889
2 0.741728 0.797794 0.017770 0.038399
2 0.494792 0.314134 0.031250 0.051471
3 0.293199 0.863971 0.005515 0.012255
3 0.363358 0.753268 0.003676 0.008170
3 0.268076 0.713644 0.003064 0.005719
3 0.633272 0.561275 0.005515 0.008170
3 0.314951 0.513889 0.003676 0.004902
3 0.336091 0.394608 0.001838 0.004902
3 0.174020 0.371732 0.001225 0.001634
3 0.166667 0.359886 0.003676 0.007353
3 0.336703 0.335784 0.009191 0.006536
3 0.549326 0.303513 0.006740 0.005719
3 0.314338 0.301062 0.002451 0.002451
3 0.233150 0.289624 0.003064 0.004085
3 0.304228 0.111928 0.005515 0.006536
3 0.354167 0.095180 0.003676 0.004085