0 0.443359 0.909505 0.001953 0.002604
0 0.307129 0.823242 0.001953 0.004557
0 0.778320 0.792643 0.001953 0.003255
0 0.783203 0.759115 0.001953 0.003906
0 0.782715 0.749023 0.003906 0.007161
0 0.746582 0.713542 0.003906 0.007813
0 0.813232 0.671549 0.001465 0.001953
0 0.825684 0.665039 0.003906 0.007161
0 0.777100 0.661133 0.012207 0.007161
0 0.708496 0.650065 0.000977 0.001953
0 0.786133 0.649740 0.001953 0.002604
0 0.781250 0.649089 0.004883 0.003906
0 0.734375 0.647786 0.001953 0.002604
0 0.737305 0.647461 0.004883 0.004557
0 0.742432 0.643880 0.001465 0.001302
0 0.764160 0.643229 0.000977 0.001302
0 0.761963 0.641276 0.001465 0.001302
0 0.741211 0.641276 0.002930 0.002604
0 0.692871 0.640951 0.002930 0.004557
0 0.748047 0.639648 0.003906 0.005859
0 0.703125 0.639323 0.001953 0.005208
0 0.685791 0.636068 0.002441 0.003906
0 0.799072 0.635091 0.002441 0.003255
0 0.709229 0.639974 0.009277 0.013021
0 0.736816 0.633138 0.000977 0.001953
0 0.699707 0.630534 0.003906 0.003255
0 0.795410 0.628255 0.001953 0.002604
0 0.820801 0.638346 0.012695 0.025391
0 0.740479 0.628581 0.002441 0.005859
0 0.809326 0.630208 0.010254 0.010417
0 0.776855 0.624349 0.006836 0.006510
0 0.741455 0.620768 0.002441 0.003255
0 0.781250 0.617188 0.001953 0.003906
0 0.462158 0.617188 0.003418 0.003906
0 0.744141 0.613607 0.001953 0.001953
0 0.463867 0.612305 0.001953 0.003255
0 0.801270 0.607422 0.002930 0.003906
0 0.725098 0.606445 0.000977 0.001953
0 0.828125 0.604818 0.001953 0.002604
0 0.686768 0.620768 0.020020 0.034505
0 0.687500 0.624349 0.001953 0.002604
0 0.681396 0.624349 0.001465 0.002604
0 0.474121 0.604818 0.001953 0.002604
0 0.802002 0.602539 0.001465 0.001953
0 0.458008 0.602539 0.004883 0.005859
0 0.600098 0.605794 0.008789 0.020182
0 0.745850 0.592122 0.001465 0.001953
0 0.465820 0.586589 0.000977 0.001302
0 0.679199 0.588867 0.011719 0.008464
0 0.661865 0.585286 0.016113 0.010417
0 0.593750 0.584635 0.004883 0.009115
0 0.672852 0.580729 0.001953 0.002604
0 0.625000 0.580404 0.000977 0.001953
0 0.691895 0.578776 0.001953 0.002604
0 0.687012 0.578451 0.000977 0.001953
0 0.726318 0.577474 0.002441 0.003906
0 0.617188 0.576172 0.002930 0.003906
0 0.645752 0.579753 0.013184 0.012370
0 0.666260 0.574219 0.002441 0.002604
0 0.787598 0.572266 0.001953 0.002604
0 0.619629 0.570638 0.001953 0.001953
0 0.712402 0.569987 0.000977 0.003255
0 0.716797 0.570313 0.001953 0.005208
0 0.627686 0.567708 0.001465 0.001302
0 0.620850 0.567708 0.001465 0.001302
0 0.604492 0.568034 0.001953 0.001953
0 0.734131 0.568034 0.005371 0.005859
0 0.725098 0.570638 0.009766 0.011068
0 0.607666 0.568034 0.003418 0.005859
0 0.470459 0.563151 0.001465 0.002604
0 0.460938 0.563802 0.005859 0.005208
0 0.840576 0.561198 0.001465 0.001302
0 0.561035 0.561523 0.001953 0.001953
0 0.450439 0.561849 0.003418 0.010417
0 0.838867 0.557292 0.001953 0.002604
0 0.836182 0.555339 0.001465 0.001302
0 0.445068 0.555013 0.001465 0.001953
0 0.847412 0.553711 0.001465 0.001953
0 0.618896 0.559570 0.008301 0.014974
0 0.806885 0.553060 0.005371 0.009766
0 0.557861 0.553060 0.008301 0.011068
0 0.802490 0.546224 0.001465 0.002604
0 0.790039 0.545898 0.000977 0.001953
0 0.560791 0.547201 0.003418 0.004557
0 0.668213 0.544922 0.001465 0.002604
0 0.656250 0.544596 0.001953 0.003255
0 0.796143 0.548503 0.013184 0.014974
0 0.676025 0.541992 0.001465 0.001953
0 0.652588 0.542318 0.002441 0.002604
0 0.550049 0.542969 0.008301 0.009115
0 0.668457 0.538086 0.001953 0.001953
0 0.453613 0.537760 0.002930 0.002604
0 0.441162 0.539063 0.004395 0.005208
0 0.801758 0.536458 0.009766 0.009115
0 0.722412 0.536133 0.003418 0.008464
0 0.802246 0.532227 0.001953 0.003255
0 0.730713 0.530924 0.004395 0.005859
0 0.739502 0.527018 0.001465 0.001953
0 0.810059 0.533529 0.007813 0.018880
0 0.799072 0.525065 0.001465 0.001953
0 0.730225 0.523112 0.003418 0.004557
0 0.809326 0.520508 0.002441 0.003255
0 0.602051 0.513672 0.006836 0.006510
0 0.645264 0.510417 0.001465 0.002604
0 0.781250 0.508138 0.000977 0.001953
0 0.778076 0.507487 0.001465 0.001953
0 0.685791 0.505208 0.007324 0.006510
0 0.611328 0.501628 0.001953 0.001953
0 0.675293 0.503906 0.009766 0.010417
0 0.630859 0.499349 0.001953 0.002604
0 0.606201 0.500977 0.005371 0.007161
0 0.712402 0.495768 0.003906 0.003255
0 0.778564 0.499023 0.006348 0.011068
0 0.766846 0.490885 0.001465 0.001302
0 0.643066 0.489258 0.002930 0.003255
0 0.675537 0.492513 0.011230 0.011068
0 0.611816 0.488607 0.006836 0.007161
0 0.734375 0.485677 0.001953 0.002604
0 0.773193 0.483724 0.001465 0.001302
0 0.664795 0.483398 0.004395 0.004557
0 0.784668 0.479167 0.001953 0.002604
0 0.781006 0.479167 0.002441 0.003906
0 0.709717 0.481120 0.005371 0.009115
0 0.682861 0.483398 0.016113 0.017578
0 0.738770 0.477214 0.007813 0.006510
0 0.730957 0.476563 0.003906 0.005208
0 0.750244 0.474284 0.002441 0.004557
0 0.740967 0.469076 0.001465 0.001953
0 0.637207 0.480469 0.041016 0.026042
0 0.652100 0.471029 0.002441 0.003255
0 0.761230 0.465169 0.001953 0.001953
0 0.741943 0.464844 0.001465 0.001302
0 0.662842 0.468424 0.005371 0.008464
0 0.766113 0.467448 0.004883 0.007813
0 0.773682 0.466146 0.006348 0.006510
0 0.744385 0.461914 0.003418 0.004557
0 0.680664 0.461914 0.008789 0.014974
0 0.734375 0.458984 0.007813 0.013021
0 0.669189 0.453776 0.002441 0.002604
0 0.696045 0.452799 0.003418 0.004557
0 0.754639 0.452799 0.006348 0.008464
0 0.746826 0.450521 0.004395 0.005208
0 0.683594 0.449544 0.002930 0.003255
0 0.737793 0.447266 0.001953 0.002604
0 0.750488 0.442057 0.001953 0.003906
0 0.688477 0.444661 0.004883 0.010417
0 0.698730 0.440430 0.008789 0.008464
0 0.763672 0.437500 0.004883 0.005208
0 0.747803 0.438151 0.003418 0.006510
0 0.693359 0.433268 0.004883 0.008464
0 0.728760 0.431966 0.007324 0.009766
0 0.701904 0.428711 0.001465 0.003255
0 0.658203 0.429362 0.003906 0.004557
0 0.673828 0.426432 0.002930 0.003906
0 0.766113 0.426432 0.004883 0.009115
0 0.679199 0.419271 0.001953 0.002604
0 0.728027 0.413737 0.001953 0.003255
0 0.768799 0.413411 0.006348 0.009115
0 0.650391 0.413737 0.007813 0.009766
0 0.661377 0.408529 0.001465 0.001953
0 0.760010 0.406901 0.002441 0.003906
0 0.664795 0.399089 0.002441 0.003906
0 0.749023 0.397461 0.000977 0.001953
0 0.749268 0.391602 0.001465 0.001953
0 0.675293 0.391927 0.003906 0.005208
0 0.652588 0.390625 0.003418 0.009115
0 0.732910 0.389648 0.004883 0.008464
0 0.728516 0.373698 0.003906 0.006510
0 0.738525 0.369466 0.006348 0.005859
0 0.562988 0.366536 0.001953 0.003906
0 0.732178 0.367513 0.003418 0.007161
0 0.685303 0.361003 0.001465 0.001953
0 0.725586 0.360677 0.002930 0.002604
0 0.731689 0.358398 0.003418 0.001953
0 0.712402 0.359049 0.003906 0.005859
0 0.700439 0.356771 0.002441 0.002604
0 0.558350 0.354492 0.001465 0.001953
0 0.733398 0.352865 0.003906 0.003906
0 0.584229 0.351888 0.001465 0.001953
0 0.737305 0.347982 0.001953 0.003255
0 0.723877 0.348633 0.003418 0.004557
0 0.569092 0.348307 0.004395 0.006510
0 0.694092 0.347005 0.005371 0.007813
0 0.730469 0.343750 0.004883 0.010417
0 0.667236 0.360026 0.025879 0.042969
0 0.667725 0.366862 0.002441 0.003255
0 0.665527 0.359701 0.001953 0.005859
0 0.579590 0.341471 0.009766 0.009766
0 0.711670 0.334635 0.001465 0.002604
0 0.728516 0.333333 0.000977 0.001302
0 0.707520 0.341146 0.022461 0.028646
0 0.697754 0.326823 0.002930 0.002604
0 0.686768 0.325846 0.006348 0.008464
0 0.614014 0.320313 0.003418 0.006510
0 0.605957 0.320313 0.004883 0.006510
0 0.565918 0.333008 0.020508 0.035807
0 0.568359 0.327474 0.003906 0.005208
0 0.693604 0.316732 0.004395 0.004557
0 0.703125 0.316732 0.007813 0.009766
0 0.715820 0.325846 0.016602 0.030599
0 0.608887 0.306641 0.000977 0.001302
0 0.706299 0.299479 0.003418 0.005208
0 0.705811 0.291667 0.002441 0.002604
0 0.616455 0.286458 0.001465 0.001302
0 0.743164 0.278646 0.002930 0.002604
0 0.724609 0.279297 0.004883 0.006510
0 0.544189 0.277018 0.003418 0.005859
0 0.545166 0.270508 0.001465 0.001953
0 0.563232 0.273438 0.008301 0.011719
0 0.545166 0.264648 0.007324 0.008464
0 0.733398 0.258138 0.002930 0.001953
0 0.731201 0.254883 0.001465 0.001953
0 0.735596 0.253906 0.004395 0.007813
0 0.569336 0.233724 0.001953 0.002604
0 0.608398 0.232747 0.001953 0.004557
0 0.667969 0.227214 0.000977 0.001302
0 0.594238 0.219727 0.002930 0.004557
0 0.593262 0.210286 0.001953 0.002604
0 0.592773 0.205404 0.002930 0.001953
0 0.600586 0.209310 0.002930 0.012370
0 0.595947 0.204427 0.002441 0.003906
0 0.544922 0.200846 0.008789 0.014974
0 0.568359 0.187826 0.006836 0.008464
0 0.664795 0.172852 0.005371 0.007161
0 0.659424 0.160482 0.001465 0.001953
0 0.690430 0.155924 0.001953 0.001953
0 0.667969 0.153971 0.001953 0.001953
0 0.666504 0.147461 0.001953 0.001953
0 0.703857 0.143555 0.003418 0.005859
0 0.652344 0.143880 0.009766 0.009115
0 0.693848 0.139323 0.001953 0.002604
0 0.682861 0.136393 0.001465 0.001953
0 0.713135 0.131836 0.001465 0.001953
0 0.684326 0.129883 0.001465 0.001953
0 0.705566 0.121745 0.002930 0.002604
0 0.696777 0.121419 0.000977 0.001953
1 0.725342 0.768555 0.013184 0.041016
1 0.721436 0.745117 0.005371 0.007161
1 0.804443 0.695313 0.017090 0.031250
1 0.542480 0.675130 0.013672 0.009115
1 0.731689 0.691406 0.074707 0.069010
1 0.666260 0.676758 0.095215 0.043620
1 0.661621 0.697266 0.001953 0.002604
1 0.682617 0.684245 0.001953 0.002604
1 0.687988 0.681966 0.006836 0.003255
1 0.626953 0.664714 0.003906 0.005208
1 0.623779 0.643555 0.006348 0.007161
1 0.591309 0.656901 0.045898 0.042969
1 0.836182 0.590820 0.017090 0.012370
1 0.815918 0.584961 0.005859 0.007161
1 0.813232 0.578451 0.004395 0.004557
1 0.807617 0.584310 0.009766 0.016276
1 0.807861 0.582682 0.001465 0.003906
1 0.817383 0.576172 0.009766 0.013021
1 0.202881 0.571615 0.009277 0.013021
1 0.776855 0.571615 0.012695 0.016927
1 0.777832 0.573568 0.001953 0.002604
1 0.771973 0.559245 0.005859 0.006510
1 0.783203 0.553385 0.002930 0.002604
1 0.695557 0.544271 0.026855 0.040365
1 0.768555 0.507813 0.004883 0.011719
1 0.758789 0.496745 0.009766 0.015625
1 0.758301 0.500000 0.001953 0.002604
1 0.713379 0.448893 0.017578 0.047526
1 0.788330 0.396810 0.017090 0.022786
1 0.787354 0.396159 0.002441 0.003255
1 0.832031 0.385742 0.010742 0.017578
1 0.807617 0.371419 0.003906 0.005859
1 0.820068 0.360026 0.007324 0.009115
1 0.789551 0.356445 0.007813 0.011068
1 0.803223 0.347982 0.012695 0.014974
1 0.816650 0.330404 0.012207 0.011068
1 0.748047 0.324544 0.006836 0.007161
1 0.671143 0.284831 0.011230 0.012370
1 0.629150 0.144531 0.031738 0.033854
3 0.559814 0.743815 0.008301 0.008464
3 0.578613 0.731120 0.007813 0.009115
3 0.514404 0.646810 0.004395 0.004557
3 0.458496 0.630859 0.008789 0.006510
3 0.764893 0.540039 0.005371 0.007161
3 0.778076 0.530924 0.008301 0.008464
3 0.834717 0.528320 0.005371 0.008464
3 0.829346 0.524089 0.004395 0.009115
3 0.242188 0.521810 0.003906 0.005859
3 0.464111 0.452148 0.007324 0.008464
3 0.726807 0.390951 0.006348 0.009766