0 0.285762 0.781000 0.006016 0.008000
0 0.292112 0.773500 0.001337 0.003000
0 0.296457 0.769500 0.003342 0.005000
0 0.288770 0.754000 0.001337 0.002000
0 0.315174 0.742500 0.002005 0.005000
0 0.307487 0.740500 0.001337 0.001000
0 0.278743 0.739500 0.001337 0.001000
0 0.312166 0.706500 0.001337 0.001000
0 0.317179 0.705000 0.000668 0.002000
0 0.304813 0.705500 0.002674 0.003000
0 0.311163 0.702500 0.003342 0.005000
0 0.323529 0.700000 0.001337 0.002000
0 0.266711 0.650000 0.002674 0.004000
0 0.311497 0.647500 0.001337 0.001000
0 0.245655 0.650500 0.008690 0.007000
0 0.255013 0.649000 0.006016 0.012000
0 0.245321 0.644500 0.002674 0.003000
0 0.263369 0.642000 0.006684 0.014000
0 0.193516 0.623500 0.006016 0.009000
0 0.314505 0.620000 0.002005 0.004000
0 0.294786 0.611000 0.002674 0.006000
0 0.302139 0.611000 0.006684 0.008000
0 0.307152 0.605500 0.002005 0.003000
0 0.336898 0.595000 0.004011 0.006000
0 0.322193 0.601500 0.020053 0.019000
0 0.317848 0.603000 0.002674 0.005000
0 0.302139 0.592000 0.006684 0.008000
0 0.483289 0.541000 0.002674 0.004000
0 0.288436 0.520000 0.000668 0.002000
0 0.456217 0.089000 0.002005 0.002000
0 0.456551 0.061000 0.001337 0.002000
0 0.460227 0.052000 0.002005 0.002000
1 0.701872 0.838500 0.004011 0.007000
1 0.454880 0.498000 0.006016 0.012000
1 0.743984 0.232500 0.005348 0.005000
1 0.476604 0.060000 0.014706 0.014000
1 0.473596 0.050000 0.002005 0.002000
3 0.272059 0.816000 0.002674 0.004000
3 0.296791 0.730500 0.002674 0.005000
3 0.263703 0.684000 0.002005 0.002000
3 0.564171 0.658000 0.004011 0.004000
3 0.273396 0.585500 0.001337 0.003000
3 0.450535 0.562500 0.002674 0.003000
3 0.471257 0.528500 0.001337 0.003000
3 0.211230 0.468500 0.002674 0.005000
3 0.288102 0.413000 0.001337 0.002000
3 0.311497 0.393500 0.004011 0.003000
3 0.280414 0.382500 0.002005 0.003000
3 0.284425 0.188000 0.002005 0.002000