0 0.730317 0.527663 0.003579 0.004654
0 0.576431 0.520941 0.006646 0.005688
0 0.569274 0.509566 0.005624 0.012927
0 0.729550 0.504912 0.008180 0.005688
0 0.738241 0.495863 0.009202 0.008273
0 0.766616 0.480869 0.005624 0.006205
0 0.729039 0.482678 0.009202 0.016029
0 0.737474 0.474664 0.001534 0.002068
0 0.778630 0.468201 0.002045 0.001551
1 0.711145 0.735264 0.012270 0.010341
1 0.409509 0.501293 0.007157 0.004654
1 0.865031 0.312565 0.009202 0.008790
1 0.301125 0.173216 0.006135 0.011375
3 0.081288 0.623320 0.004090 0.005688