0 0.310957 0.736883 0.005658 0.009259
0 0.310957 0.727623 0.001543 0.003086
0 0.475823 0.671682 0.004115 0.003858
0 0.458333 0.670525 0.001029 0.001543
0 0.447016 0.668210 0.006173 0.006173
0 0.462963 0.664738 0.001029 0.000772
0 0.445730 0.659722 0.005658 0.007716
0 0.454475 0.656250 0.001543 0.003858
0 0.466307 0.634645 0.000514 0.000772
0 0.457819 0.636960 0.003086 0.008488
0 0.466049 0.632330 0.001029 0.000772
0 0.292181 0.599151 0.007202 0.008488
0 0.284979 0.594522 0.002058 0.002315
0 0.283436 0.561728 0.008230 0.010802
0 0.283179 0.538580 0.004630 0.007716
0 0.304527 0.529707 0.004115 0.010031
0 0.279321 0.520062 0.002058 0.004630
0 0.282922 0.508488 0.002058 0.003086
0 0.278807 0.509259 0.002058 0.004630
0 0.273663 0.501929 0.002058 0.002315
0 0.275463 0.498071 0.001543 0.003858
0 0.295010 0.491512 0.014918 0.013889
1 0.745628 0.689815 0.011831 0.049383
1 0.711163 0.639660 0.001543 0.001543
1 0.298868 0.642747 0.009259 0.013889
1 0.715792 0.633873 0.009774 0.010031
1 0.706790 0.616127 0.003086 0.005401
1 0.719136 0.614198 0.003086 0.006173
1 0.711934 0.611111 0.003086 0.004630
1 0.267747 0.510417 0.005658 0.008488
1 0.261574 0.492284 0.005658 0.009259
1 0.247685 0.474923 0.014918 0.030093
1 0.425669 0.326003 0.010802 0.011574
1 0.669496 0.327160 0.008745 0.015432
1 0.557099 0.253472 0.005144 0.005401
2 0.558385 0.835262 0.034465 0.036265
2 0.555556 0.846065 0.002572 0.003086
2 0.548354 0.841435 0.001543 0.001543
2 0.590535 0.806713 0.012346 0.014660
2 0.697788 0.757716 0.010802 0.021605
2 0.677469 0.739969 0.019547 0.043210
2 0.676183 0.755401 0.002058 0.002315
2 0.674383 0.745756 0.001543 0.003086
2 0.757973 0.701389 0.016975 0.026235
2 0.752572 0.684414 0.005144 0.010802
2 0.304784 0.665123 0.010802 0.012346
2 0.426955 0.164352 0.008230 0.018519
3 0.384002 0.912423 0.000514 0.000772
3 0.506687 0.899306 0.001029 0.002315
3 0.444702 0.895448 0.003601 0.005401
3 0.391204 0.846836 0.003601 0.006944
3 0.477366 0.824846 0.002058 0.003086
3 0.587449 0.817515 0.003086 0.003858
3 0.491770 0.807485 0.002058 0.002315
3 0.506687 0.795910 0.001029 0.000772
3 0.370885 0.774691 0.002058 0.004630
3 0.705761 0.771991 0.001029 0.000772
3 0.413580 0.772377 0.002058 0.003086
3 0.559671 0.771219 0.004115 0.006944
3 0.435700 0.768904 0.002058 0.005401
3 0.365484 0.766975 0.002572 0.003086
3 0.640689 0.768519 0.004630 0.007716
3 0.522119 0.760802 0.001029 0.001543
3 0.708591 0.762731 0.004630 0.008488
3 0.479424 0.759259 0.003086 0.004630
3 0.392747 0.763117 0.008745 0.013889
3 0.547582 0.757716 0.005658 0.007716
3 0.746142 0.742670 0.003601 0.003858
3 0.439815 0.744985 0.006173 0.011574
3 0.625257 0.738426 0.002572 0.004630
3 0.727881 0.734182 0.003086 0.002315
3 0.706533 0.733796 0.001543 0.003086
3 0.703961 0.731096 0.001543 0.002315
3 0.728909 0.727238 0.001029 0.002315
3 0.704990 0.716435 0.003601 0.005401
3 0.709105 0.705633 0.001543 0.003858
3 0.442644 0.704861 0.002572 0.005401
3 0.468364 0.698688 0.002572 0.003858
3 0.383745 0.696759 0.001029 0.001543
3 0.716821 0.695988 0.000514 0.001543
3 0.377315 0.695216 0.001543 0.003086
3 0.393776 0.690586 0.003601 0.004630
3 0.382202 0.684799 0.001029 0.000772
3 0.703961 0.683642 0.001543 0.001543
3 0.717335 0.684799 0.002572 0.006944
3 0.470936 0.680941 0.002572 0.003858
3 0.665381 0.681713 0.002572 0.006944
3 0.710134 0.677469 0.004630 0.007716
3 0.397634 0.673611 0.003086 0.003086
3 0.756430 0.668210 0.002572 0.006173
3 0.705247 0.664352 0.002058 0.004630
3 0.716049 0.663966 0.002058 0.005401
3 0.761831 0.657407 0.004115 0.006173
3 0.756173 0.658565 0.004115 0.010031
3 0.550154 0.644290 0.002572 0.003086
3 0.320216 0.640818 0.004630 0.006944
3 0.750000 0.631559 0.001029 0.000772
3 0.327675 0.630787 0.002058 0.002315
3 0.625772 0.620370 0.001543 0.003086
3 0.676183 0.614198 0.002572 0.004630
3 0.237912 0.596451 0.001543 0.001543
3 0.680298 0.584105 0.003601 0.009259
3 0.279835 0.550540 0.002058 0.003858
3 0.342850 0.548611 0.002572 0.003086
3 0.239969 0.546296 0.001543 0.003086
3 0.626286 0.546682 0.003601 0.005401
3 0.363426 0.545910 0.003601 0.005401
3 0.419753 0.530478 0.002058 0.006944
3 0.349537 0.515818 0.002572 0.005401
3 0.299126 0.513889 0.000514 0.001543
3 0.323302 0.505015 0.002572 0.003858
3 0.377829 0.475309 0.000514 0.001543
3 0.382716 0.455247 0.002058 0.003086
3 0.349537 0.436728 0.001543 0.003086
3 0.372685 0.420525 0.002572 0.004630
3 0.365998 0.417438 0.001543 0.003086
3 0.379887 0.406636 0.000514 0.001543
3 0.382202 0.400463 0.004115 0.004630
3 0.373714 0.385802 0.001543 0.006173
3 0.387088 0.371142 0.002572 0.003086
3 0.779321 0.368827 0.004115 0.004630
3 0.274177 0.337963 0.001029 0.001543
3 0.420267 0.337577 0.005144 0.005401
3 0.387088 0.334105 0.003601 0.004630
3 0.573560 0.333333 0.005144 0.006173
3 0.528035 0.330633 0.003601 0.005401
3 0.469136 0.312114 0.003086 0.003858
3 0.308385 0.308642 0.002572 0.004630
3 0.746656 0.311343 0.004630 0.014660
3 0.471193 0.300154 0.002058 0.003086
3 0.459362 0.283565 0.005144 0.008488
3 0.457819 0.272377 0.003086 0.004630
3 0.404321 0.134259 0.005144 0.007716