0 0.761230 0.628255 0.004883 0.002604
0 0.755615 0.616862 0.003418 0.004557
0 0.738525 0.586589 0.003418 0.005208
0 0.774170 0.546549 0.007324 0.008464
0 0.778809 0.535807 0.000977 0.001302
0 0.701904 0.501628 0.003418 0.008464
0 0.733398 0.483724 0.002930 0.002604
0 0.758789 0.472656 0.002930 0.002604
0 0.448975 0.158203 0.008301 0.010417
0 0.447510 0.147786 0.001465 0.002604
0 0.466553 0.118815 0.005371 0.004557
1 0.738281 0.766927 0.016602 0.022135
1 0.785889 0.654297 0.013184 0.022135
1 0.764893 0.655273 0.016113 0.027995
1 0.589600 0.644857 0.017090 0.027995
1 0.825439 0.622070 0.026855 0.025391
1 0.755859 0.392904 0.019531 0.017578
1 0.624756 0.268880 0.017090 0.022135
1 0.585205 0.231771 0.009277 0.013021
1 0.470459 0.220052 0.013184 0.018229
1 0.342529 0.168620 0.011230 0.027344
1 0.485107 0.140299 0.015137 0.013672
1 0.646973 0.140951 0.014648 0.024089
2 0.555176 0.915039 0.028320 0.024089
2 0.555176 0.910807 0.001953 0.002604
2 0.520264 0.808594 0.034668 0.019531
2 0.540527 0.719401 0.006836 0.007813
2 0.545166 0.708659 0.001465 0.001953
2 0.514648 0.701172 0.003906 0.005208
2 0.537354 0.706055 0.016113 0.029297
2 0.540771 0.687500 0.004395 0.002604
2 0.545654 0.686523 0.003418 0.003255
2 0.344727 0.638672 0.014648 0.019531
2 0.416260 0.357747 0.016113 0.011068
2 0.392090 0.346354 0.008789 0.009115
2 0.586914 0.134115 0.019531 0.037760
2 0.657227 0.112630 0.009766 0.015625
3 0.454346 0.964518 0.003418 0.008464
3 0.572998 0.959635 0.003418 0.005208
3 0.492676 0.927083 0.004883 0.003906
3 0.576416 0.891602 0.004395 0.005859
3 0.420410 0.853516 0.004883 0.005208
3 0.800293 0.751302 0.003906 0.006510
3 0.761719 0.746094 0.004883 0.005208
3 0.633301 0.742839 0.002930 0.002604
3 0.804199 0.738932 0.001953 0.002604
3 0.794922 0.732747 0.001953 0.001953
3 0.804199 0.722005 0.001953 0.002604
3 0.652588 0.702474 0.003418 0.006510
3 0.201660 0.698242 0.005859 0.007161
3 0.531738 0.649740 0.001953 0.002604
3 0.789795 0.608073 0.004395 0.003906
3 0.521240 0.593099 0.004395 0.005208
3 0.817627 0.566732 0.006348 0.008464
3 0.791748 0.558919 0.004395 0.009766
3 0.801514 0.513672 0.003418 0.006510
3 0.759766 0.500326 0.004883 0.009766
3 0.687744 0.481120 0.001465 0.001302
3 0.765137 0.482422 0.003906 0.007813
3 0.788330 0.455729 0.001465 0.001302
3 0.791504 0.450846 0.003906 0.004557
3 0.770996 0.435872 0.003906 0.004557
3 0.786377 0.433919 0.003418 0.004557
3 0.582764 0.432617 0.001465 0.001953
3 0.766113 0.409180 0.003906 0.005859
3 0.683594 0.405273 0.000977 0.001953
3 0.785156 0.401693 0.001953 0.003906
3 0.448975 0.395833 0.004395 0.006510
3 0.668701 0.392904 0.006348 0.004557
3 0.787354 0.390625 0.003418 0.003906
3 0.686768 0.389323 0.005371 0.007813
3 0.457764 0.387695 0.003418 0.005859
3 0.615234 0.374349 0.007813 0.007813
3 0.765869 0.320313 0.001465 0.002604
3 0.474121 0.320964 0.005859 0.005208
3 0.761475 0.289063 0.007324 0.009115
3 0.356689 0.271484 0.004395 0.006510
3 0.740479 0.267253 0.004395 0.004557
3 0.530029 0.244466 0.001465 0.003255
3 0.786621 0.220052 0.004883 0.005208
3 0.270020 0.199544 0.003906 0.008464
3 0.738281 0.189779 0.009766 0.011068
3 0.331787 0.088542 0.001465 0.001302
3 0.369629 0.076497 0.003906 0.004557