0 0.404514 0.813947 0.008102 0.009838
0 0.165220 0.729456 0.008681 0.007523
0 0.179977 0.706019 0.004630 0.004630
0 0.177951 0.703125 0.001736 0.001157
0 0.123264 0.703125 0.004630 0.004630
0 0.141493 0.690104 0.004051 0.002894
0 0.127025 0.682581 0.002894 0.005208
0 0.104167 0.679688 0.005787 0.002894
0 0.078414 0.659722 0.002894 0.003472
0 0.092014 0.664352 0.018519 0.020833
0 0.077257 0.650752 0.001736 0.001736
0 0.072917 0.651042 0.002315 0.004630
0 0.240162 0.638021 0.006944 0.006366
0 0.074942 0.637731 0.008681 0.010417
0 0.219329 0.632813 0.001157 0.001736
0 0.387731 0.629630 0.006944 0.006944
0 0.099537 0.624421 0.002315 0.002315
0 0.196470 0.622975 0.001736 0.002894
0 0.222801 0.620370 0.001157 0.001157
0 0.237269 0.619792 0.003472 0.003472
0 0.103877 0.619792 0.002894 0.003472
0 0.388600 0.614873 0.002894 0.002894
0 0.090856 0.614294 0.001157 0.001736
0 0.203414 0.609086 0.002894 0.002894
0 0.110532 0.601563 0.012731 0.014468
0 0.342593 0.592303 0.003472 0.002894
0 0.111111 0.590567 0.006944 0.008681
0 0.092014 0.598958 0.021991 0.025463
0 0.125868 0.585359 0.002894 0.004051
0 0.103009 0.581019 0.018519 0.008102
0 0.228009 0.565104 0.003472 0.002894
0 0.215856 0.565104 0.002315 0.002894
0 0.117188 0.563657 0.001736 0.001157
0 0.208912 0.554109 0.004630 0.006366
0 0.294560 0.141204 0.006944 0.005787
0 0.278356 0.136574 0.003472 0.003472
0 0.282986 0.131076 0.002315 0.001736
0 0.313657 0.132234 0.012731 0.016782
0 0.285590 0.122975 0.001736 0.002894
1 0.425058 0.857639 0.039931 0.028935
1 0.429109 0.825521 0.013310 0.004051
1 0.190394 0.668981 0.016204 0.015046
1 0.273727 0.535301 0.005787 0.010417
1 0.042245 0.471354 0.016204 0.015625
1 0.733796 0.149016 0.037037 0.030671
1 0.712674 0.094039 0.017940 0.010995
3 0.382523 0.829572 0.003472 0.002894
3 0.787616 0.658854 0.003472 0.004051
3 0.177662 0.653935 0.005787 0.004630
3 0.165220 0.642072 0.000579 0.001736
3 0.182870 0.640336 0.004630 0.004051
3 0.175058 0.639178 0.001736 0.001736
3 0.438657 0.638021 0.005787 0.006366
3 0.162326 0.629340 0.002894 0.002894
3 0.693576 0.616609 0.007523 0.006366
3 0.300347 0.614583 0.004630 0.004630
3 0.259838 0.609954 0.003472 0.004630
3 0.938947 0.531829 0.002894 0.004630
3 0.928241 0.525463 0.005787 0.004630
3 0.596933 0.526331 0.005208 0.006366
3 0.873553 0.432002 0.004051 0.002894
3 0.157407 0.366609 0.004630 0.005208
3 0.138600 0.355035 0.001736 0.002894
3 0.151620 0.347512 0.003472 0.004051
3 0.578125 0.223669 0.003472 0.002894
3 0.655382 0.202546 0.005208 0.004630
3 0.645255 0.182292 0.002315 0.002315
3 0.632523 0.164641 0.004630 0.004051
3 0.317708 0.155671 0.004630 0.004630
3 0.329282 0.146991 0.004630 0.003472
3 0.341435 0.140336 0.004630 0.005208
3 0.453414 0.138021 0.004051 0.002894
3 0.486400 0.133391 0.002894 0.002894
3 0.478877 0.126736 0.006366 0.004630
3 0.520544 0.058738 0.004051 0.002894