0 0.387346 0.748843 0.004630 0.009259
0 0.536651 0.708912 0.020833 0.021991
0 0.564815 0.692708 0.020062 0.024306
1 0.769676 0.424190 0.006944 0.010417
1 0.537423 0.210069 0.013117 0.028935
2 0.646991 0.620370 0.031636 0.041667
2 0.635802 0.616319 0.003858 0.006944
2 0.636960 0.611690 0.001543 0.002315
2 0.597608 0.327546 0.022377 0.037037
2 0.466821 0.309606 0.021605 0.045139
2 0.554012 0.281829 0.033951 0.049769
3 0.663580 0.639468 0.007716 0.008102
3 0.742284 0.518519 0.004630 0.006944
3 0.523534 0.501736 0.002315 0.003472
3 0.785108 0.427662 0.002315 0.005787
3 0.386960 0.381366 0.003858 0.003472
3 0.523534 0.260417 0.002315 0.004630
3 0.526235 0.251736 0.003086 0.003472
3 0.530478 0.243634 0.003858 0.003472
3 0.466435 0.164352 0.000772 0.002315
3 0.520833 0.155093 0.003086 0.006944
3 0.445602 0.140046 0.003858 0.004630
3 0.493827 0.132523 0.001543 0.001157
3 0.432870 0.118634 0.004630 0.003472