0 0.370605 0.369466 0.005859 0.007161
0 0.390869 0.366211 0.004395 0.013672
0 0.383545 0.364258 0.006348 0.025391
0 0.386475 0.332682 0.006348 0.018229
0 0.656250 0.257813 0.001953 0.003906
0 0.652100 0.257161 0.003418 0.014323
0 0.658203 0.229167 0.000977 0.001302
0 0.644775 0.222656 0.002441 0.005208
0 0.648682 0.218099 0.002441 0.002604
0 0.667480 0.227865 0.014648 0.026042
0 0.638184 0.235677 0.017578 0.044271
0 0.673096 0.208333 0.002441 0.005208
0 0.628906 0.203125 0.002930 0.006510
0 0.676514 0.198893 0.003418 0.005859
0 0.621582 0.191081 0.007813 0.012370
0 0.668945 0.182943 0.004883 0.009115
0 0.666260 0.168945 0.003418 0.007161
0 0.646729 0.159831 0.001465 0.001953
0 0.664063 0.160482 0.001953 0.004557
0 0.655762 0.158854 0.001953 0.003906
0 0.644531 0.155599 0.000977 0.001302
0 0.535889 0.117839 0.006348 0.007813
0 0.526611 0.106445 0.008301 0.007161
0 0.513916 0.082357 0.005371 0.005859
1 0.355225 0.748698 0.004395 0.006510
1 0.426514 0.513346 0.012207 0.013672
1 0.433105 0.499023 0.004883 0.003255
1 0.404053 0.491536 0.005371 0.005208
1 0.409668 0.471029 0.026367 0.024089
1 0.360840 0.226237 0.009766 0.013672
1 0.518799 0.121094 0.018066 0.023438
3 0.389160 0.741211 0.003906 0.005859
3 0.287354 0.661784 0.002441 0.003255
3 0.235596 0.660156 0.005371 0.007813
3 0.444580 0.483724 0.003418 0.006510
3 0.439209 0.478190 0.004395 0.004557