0 0.433594 0.552083 0.005859 0.013021
0 0.345215 0.547526 0.001953 0.003906
0 0.324707 0.546549 0.000977 0.001953
0 0.400391 0.545573 0.008789 0.005208
0 0.412842 0.541667 0.003418 0.003906
0 0.264648 0.543620 0.006836 0.009115
0 0.284668 0.540365 0.004883 0.006510
0 0.360352 0.538737 0.002930 0.004557
0 0.327148 0.539714 0.006836 0.006510
0 0.382324 0.537435 0.002930 0.004557
0 0.377686 0.536784 0.003418 0.004557
0 0.272949 0.536784 0.002930 0.004557
0 0.393066 0.534831 0.007813 0.008464
0 0.301025 0.530599 0.011230 0.005208
0 0.367920 0.531576 0.006348 0.009766
0 0.412354 0.530273 0.014160 0.016276
0 0.356201 0.526042 0.004395 0.009115
0 0.449707 0.522135 0.006836 0.007813
0 0.403564 0.520508 0.003418 0.004557
0 0.343506 0.515299 0.004395 0.004557
0 0.591553 0.522135 0.009277 0.020833
0 0.409668 0.512370 0.002930 0.002604
0 0.332031 0.513021 0.007813 0.010417
0 0.454590 0.506510 0.005859 0.006510
0 0.436279 0.506510 0.015137 0.019531
0 0.391846 0.498698 0.004395 0.003906
0 0.313232 0.498698 0.004395 0.003906
0 0.386963 0.493815 0.001465 0.001953
0 0.447754 0.493164 0.004883 0.009766
0 0.435303 0.488932 0.003418 0.005208
0 0.306641 0.486979 0.001953 0.002604
0 0.289063 0.483724 0.001953 0.003906
0 0.282959 0.480143 0.001465 0.001953
0 0.280029 0.474284 0.001465 0.001953
0 0.380371 0.472982 0.003906 0.004557
0 0.342041 0.467448 0.001465 0.001302
0 0.241211 0.465495 0.001953 0.002604
0 0.246582 0.466146 0.004883 0.006510
0 0.451904 0.461263 0.006348 0.009766
0 0.333740 0.460286 0.006348 0.009115
0 0.299316 0.455729 0.012695 0.007813
0 0.407471 0.453451 0.007324 0.012370
0 0.337891 0.447591 0.005859 0.004557
0 0.345215 0.444336 0.000977 0.001953
0 0.447510 0.444010 0.007324 0.006510
0 0.400635 0.443034 0.009277 0.008464
0 0.312256 0.444010 0.009277 0.010417
0 0.278076 0.441406 0.004395 0.005208
0 0.450439 0.438477 0.004395 0.004557
0 0.293457 0.434570 0.002930 0.003255
0 0.449463 0.427409 0.001465 0.001953
0 0.279785 0.429362 0.007813 0.007161
0 0.339844 0.425456 0.001953 0.003255
0 0.339355 0.420898 0.006836 0.007161
0 0.253418 0.422526 0.021484 0.010417
0 0.234863 0.416667 0.004883 0.006510
0 0.266357 0.414063 0.003418 0.002604
0 0.278809 0.411784 0.005859 0.004557
0 0.297119 0.407552 0.005371 0.006510
0 0.424072 0.373698 0.016113 0.016927
0 0.443115 0.331055 0.001465 0.001953
0 0.463379 0.327148 0.000977 0.001953
0 0.428223 0.327148 0.003906 0.009766
0 0.470459 0.321615 0.002441 0.003906
0 0.437012 0.318685 0.003906 0.007161
0 0.423340 0.312174 0.001953 0.003255
0 0.467041 0.308268 0.013184 0.022786
0 0.467285 0.305339 0.003906 0.005208
0 0.463623 0.289063 0.001465 0.001302
0 0.476074 0.258789 0.004883 0.005859
1 0.288086 0.503255 0.022461 0.027344
1 0.284424 0.509440 0.002441 0.001953
1 0.287354 0.505534 0.002441 0.003255
1 0.292969 0.504557 0.003906 0.005208
1 0.173584 0.330729 0.007324 0.009115
1 0.292480 0.328451 0.016602 0.038411
1 0.191406 0.294922 0.004883 0.010417
1 0.193604 0.289063 0.005371 0.006510
1 0.665527 0.298177 0.035156 0.046875
1 0.450684 0.259440 0.007813 0.011068
1 0.427002 0.263672 0.014160 0.023438
1 0.428223 0.271159 0.001953 0.001953
1 0.428223 0.242188 0.008789 0.011719
2 0.653076 0.489909 0.043457 0.038411
3 0.628662 0.728516 0.003418 0.003906
3 0.631836 0.722656 0.003906 0.003906
3 0.608643 0.518229 0.002441 0.003906
3 0.456543 0.485026 0.004883 0.006510
3 0.541260 0.465820 0.004395 0.005859
3 0.453369 0.356771 0.001465 0.002604
3 0.423828 0.346354 0.004883 0.006510
3 0.242920 0.322591 0.005371 0.007161
3 0.480957 0.202799 0.001953 0.004557
3 0.613037 0.131185 0.001465 0.001953