0 0.691973 0.799897 0.002556 0.004137
0 0.709356 0.781541 0.002556 0.002585
0 0.878579 0.763961 0.011759 0.011892
0 0.736708 0.755429 0.007157 0.008273
0 0.751534 0.747932 0.004090 0.002585
0 0.875000 0.740693 0.004601 0.006722
0 0.758436 0.739917 0.004601 0.009307
0 0.697086 0.736298 0.005624 0.004137
0 0.700665 0.721303 0.001534 0.002068
0 0.749744 0.714323 0.001534 0.002585
0 0.720603 0.703981 0.002556 0.002585
0 0.093303 0.688987 0.005624 0.004654
0 0.076431 0.684074 0.021984 0.018614
0 0.108384 0.674509 0.003067 0.001551
0 0.081288 0.673992 0.002045 0.002585
0 0.116309 0.663909 0.001534 0.001034
0 0.075920 0.664426 0.006646 0.011375
0 0.745399 0.662358 0.010225 0.011375
0 0.089724 0.661841 0.013804 0.010341
0 0.710890 0.660290 0.007669 0.008273
0 0.055215 0.642709 0.002045 0.002068
0 0.141104 0.642968 0.009202 0.005688
0 0.171268 0.622285 0.003067 0.003619
0 0.186861 0.600827 0.002556 0.004137
0 0.132413 0.598501 0.010225 0.006722
0 0.165389 0.596174 0.003579 0.005171
0 0.084356 0.595140 0.008180 0.007239
0 0.130879 0.580145 0.020450 0.018614
0 0.143916 0.559979 0.001534 0.001034
0 0.157209 0.569028 0.034254 0.022234
0 0.039110 0.566701 0.009714 0.017580
0 0.126534 0.558687 0.003579 0.005688
0 0.144939 0.551706 0.001534 0.003102
0 0.105573 0.548345 0.015849 0.012927
0 0.054192 0.549380 0.044990 0.026370
0 0.040389 0.539555 0.003067 0.002585
0 0.039877 0.537746 0.002045 0.002068
0 0.936094 0.524302 0.008180 0.009307
0 0.622955 0.447260 0.001534 0.001034
0 0.669223 0.447001 0.011247 0.006722
0 0.840746 0.442865 0.004601 0.003619
0 0.655675 0.439504 0.002556 0.001034
0 0.851738 0.438987 0.001022 0.002068
0 0.852249 0.432523 0.002045 0.001551
0 0.678170 0.430455 0.004601 0.004654
0 0.685072 0.412099 0.002045 0.002068
0 0.684816 0.400207 0.001534 0.001034
0 0.758947 0.294726 0.005624 0.003102
0 0.304448 0.290331 0.004601 0.003619
0 0.852249 0.286711 0.002045 0.001551
0 0.311350 0.288521 0.005112 0.005171
0 0.344070 0.278438 0.017382 0.022234
0 0.858384 0.260083 0.008180 0.006205
0 0.732618 0.233454 0.003067 0.001551
0 0.730317 0.228283 0.007669 0.006722
0 0.503579 0.206308 0.002045 0.002068
0 0.533231 0.205274 0.002045 0.002068
0 0.526329 0.205016 0.004601 0.002585
0 0.540644 0.202689 0.001534 0.002068
0 0.552403 0.200362 0.006646 0.004654
0 0.225204 0.197777 0.003579 0.003619
0 0.222137 0.195191 0.006646 0.003619
0 0.416922 0.205791 0.014826 0.028956
0 0.500511 0.182006 0.014315 0.020683
0 0.391360 0.176060 0.006646 0.008790
0 0.468047 0.172182 0.011759 0.010341
0 0.479039 0.146587 0.008180 0.007756
0 0.498978 0.149173 0.011247 0.014995
0 0.506902 0.125646 0.002556 0.003102
0 0.413599 0.150724 0.044990 0.066701
0 0.412577 0.134436 0.002045 0.003102
0 0.409509 0.132885 0.003067 0.002068
0 0.460123 0.118149 0.040900 0.025336
0 0.474182 0.118407 0.002556 0.003102
0 0.549847 0.102896 0.001534 0.001034
0 0.533231 0.100310 0.002045 0.001034
0 0.486963 0.110393 0.024029 0.032575
0 0.546524 0.098759 0.008180 0.011375
0 0.558282 0.093847 0.002045 0.002585
0 0.565951 0.096174 0.010225 0.013444
0 0.570297 0.088935 0.001534 0.003102
0 0.522495 0.085315 0.001022 0.001034
0 0.599182 0.083247 0.001022 0.001034
0 0.616564 0.089710 0.016360 0.014995
0 0.554703 0.082730 0.002045 0.001034
0 0.589468 0.089452 0.009202 0.016546
0 0.601227 0.079628 0.001022 0.001034
0 0.546268 0.075750 0.005624 0.005688
0 0.567229 0.072130 0.004601 0.004654
0 0.633691 0.073423 0.006646 0.011375
0 0.639315 0.069028 0.004601 0.003619
0 0.559816 0.061013 0.010225 0.012410
1 0.252045 0.873837 0.009202 0.009307
1 0.119121 0.647104 0.018405 0.018097
1 0.620143 0.291365 0.007157 0.003619
1 0.613497 0.286194 0.009202 0.008790
1 0.617076 0.278438 0.001022 0.001551
1 0.293712 0.248449 0.001534 0.001551
1 0.287577 0.247415 0.003579 0.003619
1 0.285532 0.240951 0.001534 0.002068
1 0.286299 0.233454 0.002045 0.001551
1 0.523262 0.249483 0.026074 0.035677
1 0.293200 0.231903 0.004601 0.004654
1 0.297035 0.234747 0.017382 0.012410
1 0.283998 0.224922 0.002556 0.002068
1 0.399796 0.231903 0.035787 0.034643
1 0.676125 0.154860 0.006646 0.005688
1 0.659765 0.155119 0.014826 0.009307
1 0.658998 0.153051 0.003067 0.003102
1 0.275307 0.151241 0.033231 0.026370
1 0.585123 0.137797 0.016871 0.032575
1 0.392894 0.124095 0.014826 0.015512
1 0.660787 0.085315 0.005624 0.010341
1 0.669734 0.083506 0.006135 0.013961
1 0.355828 0.074457 0.011247 0.009307