0 0.563721 0.589193 0.002441 0.002604
0 0.557861 0.588867 0.002441 0.003255
0 0.580078 0.588542 0.002930 0.003906
0 0.571045 0.587565 0.002441 0.003255
0 0.552734 0.587240 0.001953 0.002604
0 0.565918 0.585286 0.001953 0.002604
0 0.560303 0.583659 0.003418 0.001953
0 0.574951 0.581055 0.002441 0.003255
0 0.583984 0.578451 0.000977 0.001953
0 0.587891 0.578776 0.002930 0.005208
0 0.578613 0.575846 0.001953 0.003255
0 0.543213 0.581706 0.008301 0.014974
0 0.590576 0.573893 0.001465 0.001953
0 0.554443 0.574219 0.004395 0.006510
0 0.601563 0.570313 0.000977 0.001302
0 0.597412 0.572917 0.009277 0.006510
0 0.554443 0.567383 0.001465 0.001953
0 0.557129 0.566406 0.000977 0.001302
0 0.550049 0.561849 0.001465 0.001302
0 0.590576 0.561849 0.001465 0.002604
0 0.532959 0.561523 0.003418 0.003255
0 0.587891 0.559245 0.000977 0.001302
0 0.562500 0.562174 0.007813 0.008464
0 0.547852 0.558919 0.004883 0.007161
0 0.536377 0.556966 0.003418 0.007161
0 0.543457 0.556966 0.003906 0.008464
1 0.519531 0.960286 0.024414 0.022135
1 0.477539 0.903971 0.007813 0.008464
1 0.635498 0.865560 0.008301 0.008464
1 0.637939 0.843424 0.006348 0.009766
1 0.607178 0.813151 0.009277 0.007813
1 0.731689 0.795898 0.006348 0.004557
1 0.720947 0.797852 0.008301 0.008464
1 0.720459 0.799154 0.003418 0.003255
1 0.632813 0.791992 0.014648 0.017578
1 0.541016 0.782552 0.008789 0.007813
1 0.722412 0.776367 0.011230 0.012370
1 0.711426 0.750977 0.011719 0.008464
1 0.670898 0.734375 0.007813 0.019531
1 0.681396 0.734701 0.010254 0.021484
1 0.676758 0.723307 0.006836 0.006510
1 0.750977 0.716146 0.006836 0.009115
1 0.758545 0.700521 0.007324 0.009115
1 0.707520 0.674154 0.019531 0.031901
1 0.723633 0.611979 0.005859 0.009115
1 0.668701 0.591146 0.017090 0.016927
1 0.784424 0.571289 0.002441 0.003255
1 0.704102 0.562174 0.012695 0.014974
1 0.166016 0.559570 0.012695 0.014974
1 0.721191 0.558594 0.013672 0.020833
1 0.720703 0.470703 0.005859 0.006510
1 0.761475 0.454427 0.011230 0.016927
1 0.669678 0.399089 0.040527 0.065104
3 0.632568 0.828776 0.004395 0.003906
3 0.636719 0.820964 0.001953 0.002604
3 0.555176 0.822266 0.006836 0.006510
3 0.449219 0.769857 0.002930 0.003255
3 0.699219 0.734701 0.003906 0.005859
3 0.739990 0.716471 0.006348 0.008464
3 0.768311 0.694010 0.002441 0.003906
3 0.650879 0.694336 0.005859 0.007161
3 0.735596 0.680664 0.001465 0.001953
3 0.535645 0.603841 0.001953 0.003255
3 0.685059 0.586589 0.002930 0.005208
3 0.794189 0.448242 0.005371 0.008464
3 0.768311 0.383464 0.002441 0.003906
3 0.641602 0.231120 0.006836 0.010417
3 0.358154 0.130534 0.003418 0.004557
3 0.466064 0.105143 0.004395 0.008464