0 0.704350 0.563725 0.001838 0.003268
0 0.700368 0.557190 0.002451 0.001634
0 0.707108 0.553105 0.002451 0.003268
0 0.713235 0.549428 0.002451 0.002451
0 0.699755 0.549020 0.001225 0.001634
0 0.697610 0.542892 0.000613 0.000817
0 0.711703 0.542484 0.004289 0.004902
0 0.765319 0.513889 0.013480 0.013072
0 0.775429 0.479575 0.003064 0.004902
0 0.514706 0.457925 0.012255 0.008987
1 0.577819 0.688317 0.003676 0.005719
1 0.593444 0.681373 0.003064 0.004902
1 0.713542 0.485294 0.007966 0.006536
1 0.779412 0.455474 0.008578 0.010621
1 0.504902 0.436683 0.008578 0.020425
1 0.537377 0.390523 0.004902 0.008170
1 0.455270 0.337827 0.056373 0.030229
1 0.655025 0.325572 0.006127 0.018791
3 0.721507 0.477941 0.003064 0.004902