0 0.532793 0.622106 0.000772 0.001157
0 0.529707 0.618056 0.003858 0.004630
0 0.525077 0.610532 0.008488 0.005787
0 0.518519 0.602431 0.003086 0.003472
0 0.422454 0.600116 0.000772 0.001157
0 0.511574 0.600116 0.003086 0.003472
0 0.423997 0.598958 0.000772 0.001157
0 0.290123 0.595486 0.004630 0.005787
0 0.292438 0.590278 0.001543 0.002315
0 0.414352 0.586806 0.001543 0.002315
0 0.298225 0.582755 0.000772 0.001157
0 0.507330 0.582755 0.002315 0.003472
0 0.286265 0.582176 0.001543 0.002315
0 0.291281 0.581019 0.000772 0.002315
0 0.368441 0.581019 0.002315 0.004630
0 0.420910 0.576968 0.003858 0.003472
0 0.297454 0.573495 0.000772 0.001157
0 0.290509 0.573495 0.000772 0.001157
0 0.287423 0.573495 0.000772 0.001157
0 0.293596 0.572917 0.002315 0.006944
0 0.315201 0.570023 0.002315 0.003472
0 0.282407 0.569444 0.001543 0.002315
0 0.296296 0.568287 0.001543 0.002315
0 0.301312 0.565972 0.000772 0.002315
0 0.298225 0.564815 0.002315 0.002315
0 0.488040 0.564236 0.002315 0.003472
0 0.290123 0.565972 0.004630 0.009259
0 0.368441 0.564236 0.010031 0.008102
0 0.292052 0.557870 0.002315 0.004630
0 0.302469 0.552083 0.001543 0.002315
0 0.297068 0.552083 0.001543 0.002315
0 0.294367 0.551505 0.000772 0.001157
0 0.327160 0.550347 0.001543 0.001157
0 0.305941 0.549769 0.002315 0.002315
0 0.416667 0.563079 0.032407 0.031250
0 0.408951 0.566551 0.002315 0.002315
0 0.408179 0.546875 0.001543 0.003472
0 0.427469 0.549190 0.007716 0.012731
0 0.418596 0.543403 0.000772 0.001157
0 0.331790 0.543981 0.001543 0.002315
0 0.320988 0.543981 0.004630 0.004630
0 0.421682 0.543403 0.002315 0.005787
0 0.310185 0.542245 0.003086 0.003472
0 0.304012 0.541667 0.001543 0.002315
0 0.299383 0.543403 0.004630 0.005787
0 0.307485 0.539352 0.002315 0.002315
0 0.316744 0.537616 0.000772 0.001157
0 0.299383 0.537616 0.001543 0.001157
0 0.304784 0.534722 0.003086 0.004630
0 0.475309 0.534144 0.006173 0.005787
0 0.267361 0.518519 0.005401 0.009259
0 0.479552 0.513310 0.002315 0.003472
0 0.476080 0.503472 0.001543 0.002315
0 0.295910 0.488426 0.002315 0.002315
0 0.392361 0.472801 0.000772 0.001157
0 0.273148 0.471065 0.001543 0.002315
0 0.443287 0.468171 0.000772 0.001157
0 0.428241 0.467593 0.001543 0.002315
0 0.440201 0.464699 0.002315 0.003472
0 0.384645 0.461806 0.000772 0.002315
0 0.435957 0.459491 0.001543 0.002315
0 0.380787 0.456597 0.000772 0.001157
0 0.292052 0.457755 0.002315 0.003472
0 0.376157 0.457755 0.005401 0.005787
0 0.390432 0.461806 0.006173 0.016204
0 0.385031 0.454861 0.003086 0.002315
0 0.290509 0.450810 0.000772 0.001157
0 0.261188 0.452546 0.002315 0.004630
0 0.274691 0.447917 0.001543 0.002315
0 0.287809 0.448495 0.004630 0.005787
0 0.405864 0.445602 0.003086 0.004630
0 0.293210 0.446181 0.004630 0.005787
0 0.362269 0.443287 0.000772 0.002315
0 0.387731 0.443287 0.003858 0.004630
0 0.277006 0.442130 0.001543 0.002315
0 0.278164 0.438079 0.000772 0.001157
0 0.501157 0.435764 0.003858 0.005787
0 0.283179 0.438657 0.006173 0.011574
0 0.399306 0.431134 0.002315 0.003472
0 0.274691 0.429398 0.001543 0.002315
0 0.386574 0.428241 0.003086 0.004630
0 0.390818 0.428819 0.003858 0.008102
0 0.275463 0.424769 0.001543 0.002315
0 0.273148 0.423032 0.001543 0.001157
0 0.317515 0.422454 0.006944 0.009259
0 0.402006 0.417824 0.006173 0.009259
0 0.299769 0.413773 0.002315 0.001157
0 0.305170 0.414352 0.003858 0.006944
0 0.388889 0.412616 0.004630 0.008102
0 0.389275 0.413773 0.001543 0.002315
0 0.295139 0.409722 0.003858 0.004630
0 0.392361 0.407986 0.002315 0.005787
0 0.299383 0.405093 0.003086 0.009259
0 0.309028 0.406250 0.014660 0.013889
0 0.294367 0.401620 0.003858 0.004630
0 0.293596 0.396412 0.002315 0.003472
0 0.214120 0.398148 0.005401 0.009259
0 0.487269 0.394097 0.002315 0.003472
0 0.477238 0.393519 0.002315 0.004630
0 0.520833 0.385417 0.001543 0.002315
0 0.493827 0.380208 0.001543 0.001157
0 0.489198 0.380787 0.001543 0.002315
0 0.305941 0.380208 0.000772 0.001157
0 0.513889 0.378472 0.003086 0.002315
0 0.499228 0.379051 0.004630 0.005787
0 0.322531 0.383681 0.009259 0.015046
0 0.512731 0.372106 0.003858 0.003472
0 0.298611 0.366319 0.003086 0.003472
0 0.306713 0.368056 0.016204 0.018519
0 0.287423 0.358218 0.000772 0.001157
0 0.467207 0.364005 0.010031 0.021991
0 0.442130 0.331019 0.007716 0.011574
0 0.382330 0.304977 0.002315 0.003472
0 0.384259 0.287037 0.003086 0.002315
0 0.394676 0.288194 0.002315 0.006944
0 0.375772 0.289931 0.012346 0.015046
0 0.365741 0.282986 0.001543 0.001157
0 0.364198 0.263889 0.003086 0.004630
0 0.375000 0.269676 0.013889 0.023148
0 0.377315 0.256944 0.001543 0.002315
0 0.662037 0.251157 0.001543 0.002315
0 0.378086 0.243634 0.003086 0.005787
0 0.383873 0.240162 0.003858 0.008102
0 0.694444 0.235532 0.003086 0.005787
0 0.444059 0.188079 0.002315 0.003472
1 0.299769 0.806134 0.006944 0.019676
1 0.297068 0.774306 0.003086 0.011574
1 0.292052 0.762153 0.006944 0.008102
1 0.623071 0.613426 0.010031 0.016204
1 0.230324 0.594907 0.010031 0.016204
1 0.590664 0.479167 0.019290 0.006944
3 0.589892 0.548611 0.002315 0.002315
3 0.592207 0.535880 0.002315 0.004630
3 0.581404 0.508681 0.005401 0.005787
3 0.449846 0.505787 0.004630 0.006944
3 0.513889 0.464699 0.004630 0.005787
3 0.457562 0.417824 0.004630 0.006944
3 0.398148 0.383102 0.001543 0.002315
3 0.474923 0.357060 0.003858 0.003472
3 0.478781 0.354167 0.002315 0.004630