0 0.541992 0.676107 0.003906 0.005859
0 0.305664 0.519531 0.001953 0.003906
0 0.431641 0.515951 0.000977 0.001953
0 0.283936 0.516276 0.002441 0.002604
0 0.320068 0.515299 0.002441 0.001953
0 0.453125 0.513672 0.000977 0.001302
0 0.275879 0.515299 0.003906 0.007161
0 0.282227 0.512695 0.002930 0.003255
0 0.269043 0.512044 0.000977 0.001953
0 0.278809 0.513021 0.002930 0.005208
0 0.299072 0.510417 0.001465 0.001302
0 0.288086 0.516602 0.004883 0.013672
0 0.323486 0.509440 0.003418 0.003255
0 0.458496 0.508464 0.001953 0.003906
0 0.274658 0.507161 0.001465 0.001302
0 0.297852 0.506836 0.003906 0.005859
0 0.323242 0.504232 0.000977 0.001953
0 0.277832 0.501628 0.004883 0.003255
0 0.258301 0.501628 0.004883 0.004557
0 0.296387 0.498372 0.000977 0.001953
0 0.434082 0.497396 0.000977 0.001302
0 0.411133 0.498372 0.004883 0.003255
0 0.397949 0.497396 0.001953 0.003906
0 0.393311 0.494141 0.001465 0.001302
0 0.325684 0.496745 0.007813 0.006510
0 0.288330 0.500977 0.013184 0.014974
0 0.264893 0.493815 0.001465 0.001953
0 0.250244 0.494141 0.004395 0.002604
0 0.368652 0.503581 0.025391 0.022786
0 0.292969 0.492839 0.000977 0.001302
0 0.389648 0.492188 0.001953 0.002604
0 0.278809 0.493164 0.002930 0.004557
0 0.260742 0.492188 0.002930 0.002604
0 0.254883 0.491862 0.001953 0.001953
0 0.332275 0.493815 0.007324 0.007161
0 0.275146 0.490560 0.001465 0.003255
0 0.439453 0.488607 0.001953 0.003255
0 0.417236 0.486654 0.003418 0.004557
0 0.428467 0.486328 0.006348 0.009115
0 0.356445 0.484049 0.006836 0.004557
0 0.266357 0.481445 0.001465 0.001953
0 0.437256 0.480143 0.005371 0.004557
0 0.269775 0.479818 0.002441 0.003906
0 0.397949 0.476563 0.004883 0.005208
0 0.454834 0.473307 0.006348 0.005208
0 0.462158 0.470052 0.001465 0.001302
0 0.374023 0.471029 0.002930 0.003255
0 0.385986 0.472005 0.010254 0.007813
0 0.266846 0.471354 0.008301 0.006510
0 0.354492 0.463867 0.005859 0.004557
0 0.218750 0.461914 0.004883 0.004557
0 0.434326 0.458659 0.001465 0.001953
0 0.463135 0.459635 0.003418 0.005208
0 0.450928 0.458008 0.003418 0.003255
0 0.431641 0.457031 0.000977 0.001302
0 0.439209 0.463216 0.007324 0.014974
0 0.426514 0.458008 0.003418 0.004557
0 0.267822 0.457682 0.003418 0.003906
0 0.447021 0.454753 0.003418 0.001953
0 0.209229 0.452148 0.001465 0.001953
0 0.423828 0.452148 0.002930 0.003255
0 0.417480 0.450521 0.001953 0.002604
0 0.367676 0.450195 0.000977 0.001953
0 0.362305 0.450521 0.001953 0.002604
0 0.218018 0.450521 0.002441 0.002604
0 0.214111 0.450521 0.001465 0.002604
0 0.228271 0.448893 0.001465 0.003255
0 0.436768 0.446940 0.002441 0.003255
0 0.439941 0.443034 0.000977 0.001953
0 0.248291 0.445638 0.008301 0.007161
0 0.247314 0.437174 0.003418 0.003255
0 0.438721 0.437174 0.003418 0.005859
0 0.433838 0.434896 0.001465 0.001302
0 0.447998 0.434245 0.009277 0.006510
0 0.246338 0.431641 0.003418 0.003906
0 0.358643 0.430013 0.001465 0.001953
0 0.372070 0.428385 0.001953 0.002604
0 0.396240 0.428711 0.002441 0.004557
0 0.377686 0.427409 0.006348 0.008464
0 0.436279 0.425130 0.003418 0.005208
0 0.353760 0.416341 0.002441 0.003255
0 0.419922 0.416016 0.003906 0.003906
0 0.435547 0.412109 0.001953 0.003906
0 0.409668 0.409831 0.001953 0.003255
0 0.260254 0.413737 0.011719 0.013672
0 0.354492 0.403971 0.000977 0.003255
0 0.368164 0.398438 0.001953 0.003906
0 0.344238 0.395833 0.002930 0.002604
0 0.330322 0.388997 0.001465 0.001953
0 0.334717 0.387370 0.002441 0.003906
0 0.322266 0.382487 0.001953 0.001953
0 0.363525 0.390951 0.024902 0.024089
0 0.334229 0.380208 0.001465 0.002604
0 0.323242 0.379232 0.000977 0.001953
0 0.327148 0.377930 0.001953 0.003255
0 0.330566 0.376628 0.001953 0.003255
0 0.302246 0.367839 0.006836 0.005208
0 0.295166 0.365885 0.006348 0.007813
0 0.354980 0.360352 0.001953 0.003255
0 0.367432 0.359375 0.003418 0.003906
0 0.284668 0.368815 0.020508 0.024089
0 0.284424 0.353841 0.003418 0.003255
0 0.276855 0.353190 0.003906 0.004557
0 0.386719 0.347982 0.001953 0.003255
0 0.354492 0.346680 0.002930 0.001953
0 0.283691 0.342448 0.002930 0.002604
0 0.280518 0.341146 0.002441 0.003906
0 0.381836 0.347331 0.016602 0.027995
0 0.301514 0.334961 0.003418 0.003255
0 0.306641 0.334635 0.002930 0.003906
0 0.368408 0.330729 0.004395 0.005208
0 0.267578 0.333008 0.009766 0.017578
0 0.371338 0.324544 0.001465 0.001953
0 0.370117 0.320638 0.001953 0.003255
0 0.381104 0.320638 0.006348 0.005859
0 0.385254 0.315755 0.001953 0.003906
0 0.300781 0.315755 0.004883 0.003906
0 0.324951 0.316081 0.007324 0.007161
0 0.341309 0.311198 0.002930 0.003906
0 0.375488 0.308919 0.002930 0.003255
0 0.334473 0.309896 0.009766 0.007813
0 0.300293 0.305664 0.003906 0.005859
0 0.660400 0.093750 0.003418 0.007813
1 0.754395 0.747396 0.010742 0.013021
1 0.748535 0.732096 0.013672 0.013672
1 0.558594 0.727539 0.039063 0.021484
1 0.816895 0.701823 0.008789 0.015625
1 0.421143 0.788411 0.483887 0.250000
1 0.240234 0.758138 0.001953 0.001953
1 0.239502 0.756185 0.001465 0.001953
1 0.238770 0.753581 0.001953 0.001953
1 0.428467 0.662435 0.010254 0.011068
1 0.518799 0.633464 0.012207 0.009115
1 0.175537 0.604818 0.010254 0.016927
1 0.171143 0.594401 0.004395 0.006510
1 0.163086 0.563802 0.018555 0.036458
1 0.782959 0.548177 0.013184 0.016927
1 0.266602 0.488607 0.007813 0.008464
1 0.342529 0.440755 0.006348 0.006510
1 0.307129 0.460938 0.052734 0.071615
1 0.286865 0.475586 0.001465 0.001953
1 0.287842 0.474609 0.002441 0.002604
1 0.342041 0.415039 0.002441 0.005859
1 0.282715 0.430990 0.031250 0.041667
1 0.232666 0.404622 0.013184 0.014974
1 0.618408 0.359375 0.014160 0.005208
1 0.615479 0.305990 0.017090 0.013021
1 0.689697 0.304362 0.009277 0.012370
1 0.669678 0.292969 0.017090 0.016927
1 0.658447 0.276042 0.013184 0.013021
1 0.252930 0.260742 0.009766 0.009766
1 0.388916 0.225911 0.004395 0.009115
1 0.604248 0.227539 0.019043 0.016276
1 0.445557 0.200846 0.031738 0.042318
1 0.375244 0.174154 0.004395 0.005859
1 0.380127 0.171875 0.002441 0.005208
1 0.401855 0.171224 0.026367 0.015625
2 0.751221 0.816081 0.019043 0.031901
2 0.506592 0.117839 0.015137 0.026042
2 0.502930 0.111003 0.001953 0.003255
2 0.505127 0.108398 0.002441 0.003255