0 0.326100 0.352141 0.022569 0.012153
0 0.251736 0.323785 0.003472 0.004051
0 0.255498 0.319155 0.001736 0.001736
0 0.270544 0.315683 0.002894 0.001736
0 0.239873 0.315683 0.002894 0.001736
0 0.261863 0.312789 0.004051 0.004051
0 0.248843 0.313079 0.006944 0.006944
0 0.278646 0.312211 0.005208 0.006366
0 0.242766 0.307002 0.000579 0.001736
0 0.277778 0.294560 0.002315 0.002315
0 0.251736 0.292245 0.003472 0.003472
0 0.268519 0.291088 0.009259 0.005787
0 0.239583 0.291667 0.003472 0.008102
0 0.240162 0.285590 0.001157 0.001736
0 0.238715 0.282118 0.001736 0.001736
0 0.260706 0.282118 0.002894 0.004051
0 0.251157 0.270255 0.008102 0.004630
0 0.263310 0.267072 0.001157 0.001736
0 0.735822 0.250868 0.001736 0.002894
0 0.729456 0.241898 0.010995 0.011574
0 0.736400 0.235822 0.002894 0.002894
0 0.719039 0.228877 0.001736 0.001736
0 0.713252 0.225984 0.002894 0.001736
0 0.752315 0.220486 0.006944 0.009259
0 0.753183 0.208912 0.008681 0.010417
0 0.707176 0.197627 0.003472 0.002894
0 0.698206 0.193866 0.008681 0.004630
0 0.687500 0.190683 0.005787 0.004051
0 0.772569 0.195023 0.019676 0.013889
0 0.703993 0.181424 0.002894 0.001736
0 0.752315 0.163194 0.006944 0.004630
0 0.754630 0.148148 0.005787 0.004630
0 0.741609 0.150174 0.010995 0.008681
0 0.725694 0.140625 0.009259 0.009259
1 0.410590 0.679109 0.006366 0.008681
1 0.426215 0.675926 0.006366 0.009259
1 0.110243 0.651620 0.007523 0.009259
1 0.151042 0.631366 0.005787 0.004630
1 0.137731 0.620081 0.010417 0.013310
1 0.567419 0.566262 0.007523 0.006366
1 0.509838 0.438947 0.004630 0.002894
1 0.528356 0.290799 0.012731 0.012153
1 0.532118 0.249711 0.010995 0.008681
1 0.716146 0.155961 0.012153 0.008681
1 0.297743 0.151331 0.009838 0.012153
3 0.551215 0.913194 0.008681 0.003472
3 0.684028 0.902778 0.004630 0.004630
3 0.784433 0.846354 0.004051 0.007523
3 0.567130 0.796296 0.004630 0.004630
3 0.138021 0.758391 0.005208 0.002894
3 0.552373 0.755498 0.004051 0.002894
3 0.635417 0.694444 0.003472 0.005787
3 0.697917 0.634838 0.003472 0.005787
3 0.093750 0.557581 0.002315 0.004051
3 0.557870 0.472512 0.004630 0.002894
3 0.355035 0.276910 0.005208 0.006366
3 0.532986 0.251447 0.003472 0.002894
3 0.774595 0.241898 0.002894 0.002315
3 0.580729 0.183738 0.006366 0.005208
3 0.769387 0.160012 0.004051 0.005208
3 0.499421 0.123553 0.003472 0.004051
3 0.470775 0.085359 0.002894 0.001736