0 0.663818 0.910482 0.010254 0.013672
0 0.539307 0.929362 0.039551 0.055339
0 0.651855 0.898438 0.004883 0.005208
0 0.670166 0.893555 0.010254 0.013672
0 0.677246 0.885742 0.007813 0.007161
0 0.551025 0.879232 0.019043 0.018880
0 0.677490 0.871094 0.011230 0.013021
0 0.656982 0.861328 0.006348 0.010417
0 0.564453 0.863281 0.011719 0.016927
0 0.658447 0.848307 0.004395 0.002604
0 0.672119 0.852865 0.012207 0.014323
0 0.560059 0.846680 0.004883 0.007161
0 0.573975 0.842448 0.007324 0.011719
0 0.597168 0.830404 0.027344 0.034505
0 0.641113 0.823568 0.035156 0.029948
0 0.627441 0.809245 0.008789 0.013021
0 0.691650 0.793945 0.010254 0.012370
0 0.688232 0.781576 0.012207 0.007161
0 0.695557 0.770508 0.011230 0.011068
0 0.694580 0.753255 0.009277 0.013021
0 0.163086 0.606445 0.007813 0.008464
0 0.193359 0.614583 0.036133 0.026042
0 0.178955 0.594076 0.010254 0.007161
0 0.172607 0.578776 0.006348 0.006510
0 0.236572 0.575521 0.008301 0.011719
0 0.189209 0.569336 0.020996 0.012370
0 0.215576 0.551432 0.003418 0.003906
0 0.186768 0.546549 0.016113 0.024089
0 0.217529 0.533529 0.006348 0.009766
0 0.149170 0.525716 0.005371 0.012370
0 0.181152 0.524089 0.028320 0.016927
0 0.231445 0.524414 0.007813 0.018880
0 0.218506 0.519531 0.005371 0.014323
0 0.230713 0.488932 0.022949 0.009115
0 0.228516 0.480143 0.017578 0.004557
0 0.182373 0.478841 0.006348 0.008464
0 0.168213 0.483724 0.024902 0.027344
0 0.205566 0.473633 0.013672 0.008464
0 0.183350 0.468099 0.010254 0.013021
0 0.218018 0.462240 0.023926 0.023438
0 0.197510 0.458659 0.011230 0.017578
0 0.199707 0.427734 0.006836 0.006510
0 0.212646 0.417318 0.006348 0.010417
0 0.778076 0.403320 0.004395 0.008464
0 0.776855 0.393880 0.009766 0.013021
0 0.186035 0.374023 0.005859 0.009766
0 0.785645 0.361003 0.004883 0.007161
0 0.202393 0.329427 0.004395 0.003906
0 0.200439 0.309896 0.004395 0.005208
0 0.753662 0.296549 0.004395 0.005859
0 0.746826 0.291016 0.006348 0.007813
0 0.716797 0.269206 0.004883 0.008464
0 0.744141 0.264323 0.011719 0.023438
0 0.738037 0.240234 0.003418 0.006510
1 0.343994 0.352214 0.003418 0.010417
1 0.538086 0.325846 0.002930 0.005859
1 0.322021 0.292969 0.017090 0.026042
1 0.330078 0.253906 0.017578 0.048177