0 0.430190 0.757675 0.006579 0.008772
0 0.413743 0.679825 0.002924 0.004386
0 0.373904 0.690789 0.015351 0.035088
0 0.402047 0.675439 0.016082 0.013158
0 0.421418 0.640899 0.024123 0.042763
0 0.438962 0.606360 0.008041 0.010965
0 0.505848 0.594298 0.005848 0.006579
0 0.472588 0.595395 0.008041 0.021930
0 0.653509 0.588268 0.011696 0.014254
0 0.502558 0.582237 0.002193 0.004386
0 0.453582 0.577851 0.006579 0.013158
0 0.463450 0.559759 0.005848 0.012061
0 0.423977 0.543860 0.008772 0.019737
0 0.468567 0.538925 0.004386 0.014254
0 0.432383 0.532346 0.000731 0.001096
0 0.481725 0.528509 0.005848 0.019737
0 0.475512 0.514803 0.005117 0.012061
0 0.538743 0.515899 0.008772 0.016447
0 0.251827 0.515351 0.009503 0.017544
0 0.337354 0.506579 0.002193 0.006579
0 0.283991 0.501096 0.002193 0.004386
0 0.353436 0.499452 0.003655 0.005482
0 0.540205 0.493421 0.004386 0.006579
0 0.339912 0.495614 0.007310 0.010965
0 0.326754 0.489035 0.002924 0.004386
0 0.346857 0.489583 0.002193 0.007675
0 0.338085 0.484649 0.002193 0.004386
0 0.361477 0.487939 0.013889 0.013158
0 0.343933 0.477522 0.000731 0.001096
0 0.323830 0.481908 0.004386 0.009868
0 0.282895 0.481360 0.005848 0.008772
0 0.239401 0.478618 0.002193 0.005482
0 0.370614 0.475877 0.005848 0.010965
0 0.315424 0.476425 0.010965 0.014254
0 0.304094 0.496711 0.036550 0.057018
0 0.357456 0.473136 0.004386 0.014254
0 0.296418 0.458882 0.002193 0.003289
0 0.381944 0.463268 0.012427 0.014254
0 0.350877 0.462171 0.011696 0.012061
0 0.358553 0.451754 0.002193 0.004386
0 0.341009 0.451754 0.002193 0.004386
0 0.241594 0.462719 0.016813 0.026316
0 0.246711 0.464364 0.001462 0.002193
0 0.330775 0.445724 0.000731 0.001096
0 0.461988 0.448465 0.008772 0.013158
0 0.350146 0.442982 0.001462 0.002193
0 0.320175 0.448465 0.005848 0.015351
0 0.305921 0.444079 0.003655 0.006579
0 0.341009 0.442434 0.005117 0.005482
0 0.290570 0.449561 0.008041 0.024123
0 0.346126 0.438596 0.003655 0.006579
0 0.330409 0.439693 0.004386 0.008772
0 0.419591 0.438596 0.005848 0.008772
0 0.388523 0.439693 0.006579 0.010965
0 0.324927 0.435307 0.002193 0.010965
0 0.336623 0.429276 0.003655 0.003289
0 0.330044 0.426535 0.008041 0.013158
0 0.351243 0.424890 0.006579 0.012061
0 0.415205 0.421601 0.004386 0.007675
0 0.403509 0.419408 0.001462 0.005482
0 0.327851 0.416118 0.002193 0.003289
0 0.307383 0.427083 0.025585 0.031798
0 0.308845 0.422149 0.002924 0.003289
0 0.315058 0.419956 0.002193 0.003289
0 0.361111 0.411184 0.001462 0.002193
0 0.343567 0.408991 0.001462 0.002193
0 0.409357 0.406250 0.002924 0.003289
0 0.304459 0.408991 0.006579 0.010965
0 0.283626 0.413925 0.010234 0.023026
0 0.569810 0.418311 0.028509 0.038377
0 0.327485 0.402961 0.002924 0.007675
0 0.358187 0.397478 0.001462 0.003289
0 0.336257 0.399123 0.004386 0.008772
0 0.316155 0.400219 0.010965 0.019737
0 0.250365 0.388706 0.000731 0.001096
0 0.330409 0.389254 0.008772 0.019737
0 0.580044 0.381579 0.005117 0.006579
0 0.249635 0.382675 0.008041 0.010965
0 0.570906 0.381579 0.005848 0.010965
0 0.392178 0.401864 0.029971 0.055921
0 0.260965 0.372807 0.002924 0.004386
0 0.268640 0.370066 0.000731 0.001096
0 0.525219 0.362390 0.005117 0.007675
0 0.577851 0.358553 0.005117 0.006579
0 0.480629 0.358004 0.003655 0.007675
0 0.346857 0.351974 0.002193 0.002193
0 0.343567 0.348136 0.002924 0.005482
0 0.258772 0.339364 0.007310 0.012061
0 0.273757 0.348684 0.018275 0.032895
0 0.335892 0.324561 0.002193 0.004386
0 0.248904 0.328947 0.012427 0.028509
0 0.237939 0.324013 0.009503 0.027412
0 0.269737 0.300987 0.001462 0.001096
0 0.258772 0.300987 0.002924 0.003289
0 0.343567 0.297149 0.008772 0.015351
0 0.329313 0.236294 0.000731 0.001096
0 0.492325 0.190241 0.008041 0.007675
0 0.395833 0.104167 0.002193 0.002193
1 0.500731 0.807018 0.013158 0.008772
1 0.395102 0.761513 0.003655 0.009868
1 0.574561 0.748355 0.008772 0.009868
1 0.391813 0.741228 0.007310 0.006579
1 0.489401 0.722039 0.005117 0.005482
1 0.599415 0.719846 0.005848 0.007675
1 0.413012 0.719298 0.007310 0.010965
1 0.421053 0.713816 0.008772 0.004386
1 0.533626 0.702303 0.004386 0.007675
1 0.477339 0.695175 0.002924 0.002193
1 0.543860 0.694627 0.011696 0.014254
1 0.562865 0.689693 0.004386 0.006579
1 0.478070 0.682566 0.002924 0.003289
1 0.597953 0.683114 0.007310 0.010965
1 0.505117 0.682566 0.008772 0.009868
1 0.567617 0.665570 0.003655 0.004386
1 0.583333 0.658991 0.001462 0.002193
1 0.364035 0.666118 0.011696 0.016447
1 0.366594 0.668311 0.001462 0.002193
1 0.644737 0.635965 0.002924 0.002193
1 0.473684 0.640351 0.013158 0.017544
1 0.603801 0.631579 0.005848 0.008772
1 0.410453 0.583882 0.005117 0.012061
1 0.395833 0.557566 0.006579 0.009868
1 0.450658 0.543860 0.009503 0.010965
1 0.492325 0.538925 0.015351 0.018640
1 0.445541 0.505482 0.006579 0.010965
1 0.748173 0.510417 0.018275 0.042763
1 0.463816 0.483553 0.010965 0.013158
1 0.317982 0.469298 0.032164 0.052632
1 0.312865 0.456689 0.002193 0.004386
1 0.317617 0.438596 0.002193 0.004386
1 0.369152 0.440789 0.011696 0.017544
1 0.339912 0.432566 0.007310 0.007675
1 0.365497 0.422697 0.004386 0.007675
1 0.324196 0.418311 0.002193 0.012061
1 0.460161 0.418860 0.012427 0.032895
1 0.237939 0.406250 0.010965 0.025219
1 0.213085 0.395285 0.002193 0.009868
1 0.268275 0.391996 0.008772 0.014254
1 0.537281 0.387061 0.008772 0.013158
1 0.258041 0.388706 0.005848 0.020833
1 0.677997 0.373355 0.006579 0.005482
1 0.367325 0.381031 0.009503 0.044956
1 0.243787 0.368969 0.015351 0.020833
1 0.260965 0.354167 0.004386 0.006579
1 0.608553 0.338816 0.008041 0.006579
1 0.535088 0.326754 0.023392 0.024123
1 0.533260 0.307566 0.003655 0.005482
1 0.567251 0.303728 0.008772 0.004386
1 0.586257 0.277412 0.005848 0.008772
1 0.600877 0.149123 0.005848 0.006579
1 0.320906 0.211075 0.077485 0.165570