0 0.556885 0.843750 0.001465 0.001302
0 0.548828 0.843750 0.000977 0.001302
0 0.581787 0.839844 0.002441 0.002604
0 0.566650 0.833659 0.001465 0.001953
0 0.577393 0.834961 0.005371 0.011068
0 0.588379 0.828125 0.004883 0.009115
0 0.573975 0.823568 0.001465 0.001302
0 0.543457 0.824219 0.000977 0.002604
0 0.572021 0.817383 0.003418 0.003255
0 0.572998 0.806641 0.001465 0.003906
0 0.593262 0.805664 0.004883 0.007161
0 0.555176 0.797201 0.007813 0.012370
0 0.595459 0.785807 0.002441 0.002604
0 0.557861 0.775391 0.001465 0.002604
0 0.553711 0.778320 0.004883 0.008464
0 0.566650 0.768880 0.001465 0.001302
0 0.560547 0.765625 0.003906 0.005208
0 0.228760 0.766602 0.006348 0.009766
0 0.585449 0.762370 0.001953 0.002604
0 0.569580 0.763997 0.004395 0.007161
0 0.592773 0.763672 0.006836 0.013021
0 0.416992 0.759440 0.009766 0.012370
0 0.253174 0.750326 0.003418 0.004557
0 0.565674 0.749349 0.006348 0.019531
0 0.585693 0.745768 0.011230 0.017578
0 0.575928 0.744141 0.008301 0.026042
0 0.483398 0.501953 0.000977 0.001302
0 0.793701 0.395182 0.004395 0.003906
0 0.760010 0.381510 0.004395 0.007813
0 0.658203 0.334635 0.005859 0.007813
0 0.634766 0.290365 0.002930 0.003906
0 0.639893 0.277669 0.009277 0.014974
0 0.651611 0.256185 0.004395 0.005859
0 0.687744 0.254232 0.003418 0.005859
0 0.668701 0.206706 0.005371 0.009766
0 0.596680 0.174479 0.004883 0.006510
0 0.664551 0.169596 0.008789 0.013672
0 0.275391 0.162760 0.009766 0.007813
1 0.192627 0.565104 0.014160 0.016927
1 0.747559 0.343424 0.012695 0.029297
3 0.608887 0.826823 0.002930 0.002604
3 0.742920 0.755534 0.003418 0.007161
3 0.340332 0.735026 0.001953 0.003906
3 0.297119 0.680339 0.004395 0.007813
3 0.531006 0.330404 0.004395 0.004557
3 0.518311 0.225911 0.001465 0.002604
3 0.269043 0.214193 0.002930 0.003906
3 0.271240 0.204102 0.002441 0.004557
3 0.288574 0.164714 0.002930 0.003906