0 0.674939 0.657680 0.009191 0.016340
0 0.650735 0.605392 0.006127 0.004902
0 0.638787 0.599265 0.011642 0.018791
0 0.629596 0.587827 0.001838 0.002451
0 0.615502 0.567810 0.005515 0.006536
0 0.563419 0.560866 0.023897 0.020425
0 0.460784 0.532271 0.019608 0.023693
0 0.442708 0.517974 0.010417 0.016340
0 0.443627 0.497141 0.011029 0.008987
0 0.546875 0.479167 0.009191 0.012255
0 0.417586 0.477533 0.009191 0.012255
0 0.523284 0.481209 0.017157 0.021242
0 0.579963 0.473856 0.005515 0.008170
0 0.428922 0.471814 0.007353 0.008987
0 0.402880 0.469363 0.010417 0.004085
0 0.415748 0.459559 0.000613 0.000817
0 0.409007 0.455882 0.009191 0.006536
0 0.439645 0.434232 0.016544 0.020425
0 0.564645 0.436275 0.021446 0.035948
0 0.516850 0.420752 0.009191 0.011438
0 0.531250 0.419935 0.012255 0.011438
0 0.558211 0.415033 0.001225 0.003268
0 0.429534 0.421160 0.017157 0.017157
0 0.557292 0.411765 0.001838 0.001634
0 0.462010 0.401961 0.012255 0.013072
0 0.439645 0.406046 0.023897 0.026144
0 0.499387 0.392565 0.006127 0.008987
0 0.479779 0.368873 0.004902 0.007353
0 0.532475 0.370507 0.008578 0.012255
0 0.489583 0.358660 0.013480 0.021242
0 0.381740 0.352533 0.011029 0.008987
0 0.363051 0.349673 0.006740 0.009804
0 0.400123 0.345180 0.012255 0.012255
0 0.446078 0.339869 0.011029 0.014706
0 0.507966 0.334559 0.006127 0.007353
0 0.351716 0.336193 0.007353 0.010621
0 0.416054 0.338235 0.011029 0.019608
0 0.452206 0.327614 0.003676 0.006536
0 0.367953 0.329657 0.006740 0.015523
0 0.416667 0.320670 0.007353 0.012255
0 0.538909 0.314542 0.003064 0.004902
0 0.433517 0.317810 0.012868 0.013072
0 0.404718 0.319036 0.007966 0.015523
0 0.389706 0.316993 0.007353 0.024510
0 0.397978 0.293301 0.006740 0.013072
0 0.378983 0.291667 0.007966 0.016340
0 0.607230 0.276961 0.006127 0.009804
0 0.403493 0.142157 0.004289 0.004902
1 0.495098 0.700572 0.007353 0.010621
1 0.695159 0.635212 0.020221 0.026961
1 0.504289 0.600082 0.014706 0.020425
1 0.738971 0.617647 0.053922 0.086601
1 0.674020 0.575572 0.008578 0.012255
1 0.412990 0.560049 0.006127 0.008987
1 0.528186 0.544935 0.009804 0.017974
1 0.527574 0.543709 0.003064 0.003268
1 0.374694 0.482843 0.021446 0.016340
1 0.699449 0.468954 0.005515 0.006536
1 0.723346 0.453840 0.006740 0.020425
1 0.588235 0.452206 0.022059 0.023693
1 0.489890 0.415441 0.012868 0.013889
1 0.563113 0.368873 0.004902 0.005719
1 0.531556 0.325572 0.017770 0.023693
1 0.662377 0.262663 0.006127 0.010621
1 0.620098 0.260621 0.022059 0.014706
1 0.584252 0.259395 0.006740 0.023693
1 0.559436 0.230392 0.012255 0.006536
1 0.513480 0.221405 0.035539 0.029412