0 0.699846 0.633681 0.003086 0.003472
0 0.676698 0.587963 0.001543 0.002315
0 0.668210 0.552083 0.003086 0.004630
0 0.759645 0.521412 0.003858 0.003472
0 0.743441 0.519097 0.002315 0.005787
0 0.754630 0.509838 0.004630 0.005787
0 0.737654 0.498264 0.027778 0.028935
0 0.733410 0.473380 0.014660 0.016204
0 0.732639 0.454282 0.003858 0.008102
0 0.728781 0.444444 0.003858 0.004630
0 0.718750 0.436921 0.003858 0.005787
0 0.719522 0.430556 0.002315 0.004630
0 0.764275 0.424769 0.010031 0.018519
0 0.756944 0.411458 0.003086 0.003472
0 0.763117 0.409722 0.001543 0.002315
0 0.664352 0.406250 0.003086 0.004630
0 0.766590 0.402199 0.000772 0.001157
0 0.725694 0.402199 0.000772 0.001157
0 0.676698 0.388310 0.001543 0.001157
0 0.769290 0.388310 0.001543 0.003472
0 0.673997 0.388310 0.002315 0.003472
0 0.703704 0.387731 0.003086 0.004630
0 0.681713 0.390046 0.005401 0.009259
0 0.780864 0.392361 0.006173 0.016204
0 0.775077 0.387731 0.003858 0.011574
0 0.757330 0.393519 0.019290 0.030093
0 0.670525 0.380208 0.003086 0.003472
0 0.673611 0.377894 0.001543 0.001157
0 0.733025 0.369213 0.001543 0.002315
0 0.735340 0.357060 0.003086 0.008102
0 0.731867 0.353588 0.002315 0.003472
0 0.724537 0.349537 0.001543 0.002315
0 0.716435 0.344329 0.000772 0.001157
0 0.697917 0.339120 0.000772 0.002315
0 0.676698 0.338542 0.004630 0.005787
0 0.687114 0.330440 0.003858 0.005787
0 0.672068 0.337963 0.010802 0.020833
0 0.715664 0.325810 0.002315 0.003472
0 0.606096 0.327546 0.006944 0.009259
0 0.699074 0.320023 0.004630 0.005787
0 0.609182 0.317708 0.002315 0.003472
0 0.706790 0.314815 0.001543 0.002315
0 0.606096 0.315972 0.002315 0.004630
0 0.707948 0.320023 0.010031 0.019676
0 0.626929 0.233218 0.000772 0.001157
0 0.576389 0.206597 0.006173 0.010417
0 0.565586 0.204282 0.003086 0.005787
0 0.604167 0.197917 0.004630 0.006944
0 0.626929 0.196181 0.002315 0.005787
0 0.557870 0.192130 0.001543 0.002315
0 0.579861 0.159144 0.000772 0.001157
0 0.575231 0.159144 0.003858 0.008102
0 0.625772 0.152199 0.004630 0.005787
0 0.629630 0.149306 0.001543 0.002315
0 0.599923 0.151042 0.005401 0.005787
0 0.626929 0.147569 0.000772 0.001157
0 0.596451 0.142361 0.001543 0.002315
0 0.611883 0.140046 0.006173 0.009259
0 0.602623 0.134838 0.003086 0.003472
1 0.660880 0.643519 0.005401 0.006944
1 0.503472 0.642361 0.020833 0.018519
1 0.491127 0.629051 0.002315 0.003472
1 0.712577 0.619792 0.019290 0.054398
1 0.553241 0.767940 0.401235 0.350694
1 0.373457 0.604745 0.020062 0.040509
1 0.365355 0.610532 0.001543 0.002315
1 0.663580 0.575231 0.006173 0.009259
1 0.458719 0.599537 0.051698 0.067130
1 0.701389 0.461806 0.007716 0.006944
1 0.755787 0.456597 0.002315 0.003472
1 0.495756 0.454861 0.030093 0.023148
1 0.494985 0.455440 0.001543 0.002315
1 0.747685 0.377894 0.003086 0.008102
1 0.704475 0.369213 0.006173 0.011574
1 0.700617 0.353588 0.004630 0.003472
1 0.429784 0.361690 0.020062 0.021991
1 0.643133 0.322338 0.008488 0.012731
1 0.716049 0.284144 0.004630 0.008102
1 0.721451 0.281250 0.004630 0.004630
1 0.583719 0.185764 0.006944 0.008102
1 0.603781 0.175347 0.020833 0.024306
1 0.657407 0.164931 0.037037 0.028935
1 0.635031 0.111690 0.007716 0.010417
3 0.526620 0.574653 0.005401 0.005787
3 0.461034 0.503472 0.002315 0.002315
3 0.472222 0.478009 0.003086 0.004630
3 0.465278 0.416088 0.004630 0.005787
3 0.694059 0.261574 0.002315 0.004630
3 0.658951 0.149884 0.003086 0.003472
3 0.641975 0.148727 0.001543 0.001157
3 0.599151 0.145833 0.003858 0.004630
3 0.648148 0.138889 0.001543 0.004630
3 0.625386 0.112847 0.002315 0.003472