0 0.126812 0.696454 0.021739 0.015195
0 0.653986 0.413893 0.010870 0.011577
0 0.638768 0.406295 0.007971 0.007959
0 0.329348 0.287265 0.016667 0.013025
0 0.322101 0.277135 0.005072 0.005789
0 0.406884 0.068017 0.006522 0.007236
0 0.586232 0.056440 0.005797 0.004342
0 0.459058 0.025326 0.007971 0.007236
1 0.393841 0.756874 0.042754 0.044863
1 0.411957 0.756512 0.002174 0.003618
1 0.346377 0.731187 0.011594 0.007959
1 0.352174 0.728654 0.005797 0.005789
1 0.340942 0.712373 0.010870 0.010854
1 0.374275 0.704776 0.016667 0.011577
1 0.277174 0.682344 0.007971 0.007236
1 0.085870 0.530753 0.026812 0.022431
1 0.511594 0.425832 0.013043 0.023878
2 0.373551 0.743126 0.015217 0.017366
2 0.305797 0.716715 0.020290 0.029667
2 0.302536 0.697178 0.005072 0.009407
2 0.302899 0.697178 0.002899 0.003618
2 0.522826 0.643994 0.031159 0.030391
2 0.513768 0.636035 0.004348 0.002894
2 0.057609 0.482996 0.002174 0.003618
2 0.069565 0.494935 0.034783 0.033285
2 0.263768 0.344428 0.021739 0.024602
3 0.452899 0.347323 0.007246 0.007236
3 0.457971 0.279667 0.008696 0.007959