0 0.665509 0.674190 0.002315 0.003472
0 0.446759 0.608218 0.001543 0.003472
0 0.457948 0.592593 0.002315 0.006944
0 0.465278 0.578125 0.001543 0.003472
1 0.401235 0.905671 0.016975 0.008102
1 0.574460 0.854745 0.005401 0.010417
1 0.456019 0.848380 0.009259 0.004630
1 0.446759 0.833912 0.010802 0.010417
1 0.592593 0.829861 0.004630 0.013889
1 0.657407 0.826968 0.009259 0.015046
1 0.604938 0.828704 0.013889 0.018519
1 0.600694 0.826968 0.001543 0.002315
1 0.607639 0.823495 0.001543 0.002315
1 0.499228 0.793403 0.020062 0.015046
1 0.662037 0.779514 0.023148 0.028935
1 0.714120 0.765625 0.010031 0.024306
1 0.304784 0.754051 0.006173 0.012731
1 0.664738 0.748843 0.006944 0.009259
1 0.711420 0.743634 0.009259 0.024306
1 0.738812 0.736111 0.010031 0.013889
1 0.468750 0.719329 0.010031 0.008102
1 0.535880 0.744792 0.056327 0.070602
1 0.534336 0.743634 0.001543 0.002315
1 0.536651 0.740741 0.004630 0.005787
1 0.572917 0.708333 0.002315 0.002315
1 0.739198 0.708333 0.006173 0.006944
1 0.578704 0.700810 0.003086 0.005787
1 0.443287 0.695602 0.003858 0.004630
1 0.423225 0.706019 0.014660 0.030093
1 0.554398 0.765625 0.128858 0.160880
1 0.590278 0.688079 0.021605 0.017361
1 0.681713 0.670718 0.006944 0.008102
1 0.675926 0.667824 0.003086 0.004630
1 0.651235 0.698495 0.021605 0.065972
1 0.423611 0.670718 0.010802 0.012731
1 0.746914 0.666667 0.003086 0.006944
1 0.682099 0.662037 0.010802 0.006944
1 0.625000 0.662616 0.007716 0.015046
1 0.677855 0.642361 0.006944 0.016204
1 0.688272 0.636574 0.003086 0.006944
1 0.498843 0.656250 0.068673 0.046296
1 0.500772 0.659144 0.003858 0.004630
1 0.506559 0.651620 0.010802 0.008102
1 0.666667 0.625579 0.004630 0.010417
1 0.544367 0.608218 0.000772 0.008102
1 0.566358 0.631366 0.049383 0.061343
1 0.582948 0.609954 0.001543 0.003472
1 0.778549 0.597222 0.007716 0.009259
1 0.563657 0.587963 0.002315 0.002315
1 0.743056 0.614583 0.055556 0.064815
1 0.783565 0.574074 0.011574 0.013889
1 0.696373 0.572917 0.017747 0.032407
1 0.741512 0.554977 0.004630 0.008102
1 0.582176 0.563079 0.030093 0.024306
1 0.347608 0.559606 0.011574 0.017361
1 0.734954 0.543403 0.008488 0.015046
1 0.792052 0.541088 0.006944 0.012731
1 0.581019 0.545139 0.032407 0.025463
1 0.770062 0.527199 0.016975 0.012731
1 0.599923 0.519676 0.016204 0.011574
1 0.557485 0.531250 0.088735 0.053241
1 0.744985 0.509838 0.010031 0.015046
1 0.790123 0.504051 0.013889 0.010417
1 0.789352 0.489583 0.010802 0.011574
1 0.555170 0.480903 0.006944 0.005787
1 0.764660 0.479745 0.006173 0.010417
1 0.530864 0.479745 0.020062 0.010417
1 0.549769 0.460648 0.031636 0.011574
1 0.613426 0.447338 0.010802 0.005787
1 0.454475 0.447917 0.013889 0.018519
1 0.476466 0.447338 0.025463 0.031250
1 0.736111 0.429398 0.016975 0.013889
1 0.336034 0.421296 0.006944 0.013889
1 0.773534 0.415509 0.006944 0.006944
1 0.784336 0.412037 0.010031 0.006944
1 0.751157 0.409144 0.003858 0.008102
1 0.521219 0.401620 0.005401 0.006944
1 0.494599 0.395833 0.004630 0.009259
1 0.574460 0.389468 0.014660 0.012731
1 0.728395 0.384838 0.015432 0.017361
1 0.593364 0.353009 0.006173 0.011574
1 0.721065 0.351852 0.008488 0.016204
1 0.371142 0.311921 0.043210 0.033565
1 0.750772 0.266782 0.009259 0.021991
1 0.654707 0.228588 0.011574 0.035880
1 0.597222 0.203125 0.016975 0.026620
1 0.665509 0.195602 0.002315 0.018519
1 0.646605 0.191551 0.009259 0.019676
1 0.582176 0.185764 0.008488 0.008102
1 0.684799 0.192130 0.003858 0.027778
1 0.503472 0.192708 0.097994 0.089120
1 0.549769 0.174769 0.073302 0.085648
1 0.493056 0.115162 0.016975 0.017361
1 0.545910 0.103588 0.000772 0.001157
1 0.435185 0.108218 0.012346 0.017361
1 0.455633 0.098958 0.013117 0.010417
1 0.472222 0.082755 0.007716 0.008102
1 0.515432 0.079282 0.058642 0.047454
3 0.672454 0.700231 0.002315 0.002315
3 0.692515 0.684028 0.002315 0.002315
3 0.462191 0.633102 0.001543 0.002315
3 0.469522 0.627894 0.002315 0.003472
3 0.530864 0.453704 0.003086 0.004630
3 0.664352 0.259838 0.004630 0.008102