0 0.560791 0.611003 0.003418 0.005859
0 0.611816 0.605794 0.002930 0.003255
0 0.581543 0.609049 0.012695 0.011068
0 0.535889 0.603190 0.003418 0.004557
0 0.505615 0.599284 0.003418 0.004557
0 0.549072 0.602539 0.009277 0.014974
0 0.523193 0.586589 0.021973 0.016927
0 0.485352 0.572266 0.007813 0.007813
0 0.509521 0.570964 0.004395 0.006510
0 0.502930 0.565104 0.007813 0.007813
0 0.513672 0.561523 0.005859 0.009766
0 0.498047 0.557292 0.004883 0.005208
0 0.487549 0.549805 0.002441 0.004557
0 0.478271 0.547852 0.003418 0.004557
0 0.458252 0.530599 0.003418 0.003906
0 0.565186 0.529622 0.007324 0.008464
0 0.461914 0.520182 0.002930 0.002604
0 0.600098 0.508789 0.018555 0.021484
0 0.531738 0.507813 0.009766 0.019531
0 0.432373 0.497070 0.003418 0.007161
0 0.550537 0.495768 0.006348 0.007161
0 0.445801 0.481771 0.002930 0.002604
0 0.582275 0.480469 0.002441 0.003906
0 0.611328 0.481771 0.005859 0.007813
0 0.578369 0.477865 0.003418 0.002604
0 0.634277 0.479492 0.007813 0.009766
0 0.597656 0.471029 0.003906 0.007161
0 0.584717 0.472982 0.016113 0.011068
0 0.628662 0.463867 0.003418 0.004557
0 0.622559 0.452148 0.001953 0.001953
0 0.601563 0.454427 0.010742 0.016927
0 0.653076 0.442708 0.004395 0.005208
0 0.645508 0.439453 0.007813 0.005208
0 0.496582 0.441732 0.011719 0.012370
0 0.551514 0.439128 0.015137 0.017578
0 0.587646 0.430664 0.006348 0.012370
0 0.652832 0.429362 0.012695 0.012370
0 0.573486 0.428060 0.009277 0.009766
0 0.502441 0.426432 0.009766 0.009115
0 0.558350 0.422526 0.003418 0.005208
0 0.585205 0.413737 0.008301 0.012370
0 0.568359 0.408203 0.018555 0.018229
0 0.575928 0.392253 0.007324 0.009766
0 0.576660 0.385417 0.003906 0.003906
0 0.572266 0.377930 0.004883 0.009766
0 0.177734 0.371419 0.001953 0.001953
0 0.578125 0.369466 0.003906 0.007161
0 0.181396 0.361003 0.004395 0.007161
0 0.301514 0.361654 0.013184 0.021484
0 0.645996 0.343750 0.013672 0.027344
0 0.644775 0.339193 0.004395 0.003906
0 0.635498 0.327474 0.004395 0.003906
0 0.627930 0.329753 0.006836 0.008464
0 0.743164 0.199544 0.019531 0.021484
0 0.729980 0.161133 0.005859 0.007161
1 0.478516 0.805664 0.027344 0.029297
1 0.441406 0.759766 0.030273 0.036458
1 0.446289 0.768555 0.001953 0.003255
1 0.722900 0.718750 0.024902 0.026042
1 0.392334 0.720378 0.028809 0.029297
1 0.381592 0.704427 0.001465 0.001302
1 0.826904 0.651367 0.003418 0.003255
1 0.822754 0.651367 0.002930 0.003255
1 0.830322 0.643555 0.002441 0.001953
1 0.827393 0.635417 0.016113 0.014323
1 0.819580 0.628906 0.003418 0.006510
1 0.503906 0.623698 0.005859 0.006510
1 0.491455 0.618815 0.001465 0.003255
1 0.717041 0.602539 0.007324 0.003255
1 0.839355 0.560547 0.020508 0.024740
1 0.843018 0.562500 0.002441 0.005208
1 0.515381 0.532878 0.006348 0.008464
1 0.152832 0.535807 0.012695 0.023438
1 0.164307 0.519206 0.006348 0.008464
1 0.743896 0.514648 0.002441 0.004557
1 0.161621 0.513021 0.000977 0.001302
1 0.765869 0.511719 0.007324 0.006510
1 0.773682 0.508789 0.002441 0.003255
1 0.440674 0.505208 0.003418 0.002604
1 0.770752 0.499023 0.013184 0.013672
1 0.742920 0.491211 0.006348 0.008464
1 0.658203 0.489909 0.007813 0.005859
1 0.772949 0.488607 0.007813 0.005859
1 0.452637 0.487630 0.004883 0.005208
1 0.750000 0.488607 0.007813 0.018880
1 0.742432 0.482096 0.005371 0.005859
1 0.659668 0.466146 0.004883 0.010417
1 0.762207 0.471029 0.009766 0.026693
1 0.677002 0.471354 0.020020 0.028646
1 0.224854 0.456055 0.007324 0.007161
1 0.745605 0.462240 0.018555 0.028646
1 0.726074 0.451497 0.011719 0.033203
1 0.669189 0.408529 0.011230 0.022786
1 0.838867 0.402669 0.013672 0.016276
1 0.471680 0.388021 0.003906 0.005208
1 0.466553 0.380208 0.003418 0.002604
1 0.622803 0.387370 0.026855 0.022135
1 0.688232 0.378255 0.007324 0.006510
1 0.676758 0.376953 0.006836 0.007813
1 0.200439 0.371745 0.004395 0.006510
1 0.804443 0.361003 0.007324 0.009766
1 0.672852 0.361979 0.008789 0.016927
1 0.796875 0.350911 0.009766 0.013021
1 0.795410 0.349935 0.001953 0.003255
1 0.545654 0.290365 0.009277 0.003906
1 0.508789 0.287109 0.015625 0.014323
1 0.510742 0.275065 0.004883 0.008464
1 0.510254 0.274740 0.001953 0.002604
1 0.457764 0.284831 0.018066 0.027995
1 0.539307 0.262370 0.006348 0.007813
1 0.540039 0.261719 0.001953 0.002604
1 0.534668 0.257487 0.003906 0.005859
1 0.675293 0.259766 0.016602 0.028646
1 0.224365 0.241536 0.016113 0.019531
1 0.226318 0.243815 0.002441 0.003255
1 0.396484 0.219401 0.011719 0.022135
1 0.609863 0.210938 0.007813 0.007813
1 0.523193 0.207682 0.003418 0.002604
1 0.323242 0.252930 0.072266 0.093099
1 0.726807 0.184896 0.025879 0.016927
1 0.551025 0.170898 0.001465 0.001953
1 0.558105 0.167643 0.001953 0.003255
1 0.555176 0.159180 0.006836 0.008464
1 0.615234 0.163086 0.013672 0.026693
1 0.443848 0.123698 0.003906 0.006510
1 0.440674 0.115234 0.003418 0.006510
1 0.478760 0.043620 0.017090 0.019531