0 0.449561 0.928180 0.004386 0.005482
0 0.504386 0.896382 0.005848 0.009868
0 0.702851 0.572368 0.012427 0.021930
0 0.693348 0.554825 0.003655 0.004386
1 0.371711 0.850877 0.009503 0.021930
1 0.724781 0.701206 0.015351 0.027412
1 0.655702 0.688596 0.007310 0.010965
1 0.722588 0.619518 0.003655 0.004386
1 0.725877 0.604715 0.007310 0.007675
1 0.294225 0.580592 0.006579 0.009868
1 0.788012 0.576206 0.002924 0.003289
1 0.740132 0.588816 0.015351 0.030702
1 0.238304 0.574013 0.007310 0.007675
1 0.790570 0.553180 0.009503 0.016447
1 0.794225 0.514803 0.005117 0.009868
3 0.547149 0.922697 0.006579 0.007675
3 0.451023 0.871711 0.001462 0.002193
3 0.398026 0.833882 0.005117 0.005482
3 0.629386 0.794956 0.007310 0.008772
3 0.563596 0.767544 0.001462 0.002193
3 0.378289 0.750000 0.003655 0.004386
3 0.582602 0.748904 0.005848 0.010965
3 0.684576 0.719298 0.002193 0.006579
3 0.691886 0.709978 0.003655 0.005482
3 0.685307 0.703399 0.003655 0.005482
3 0.701023 0.697917 0.004386 0.005482
3 0.728070 0.680921 0.001462 0.002193
3 0.288377 0.657895 0.003655 0.004386
3 0.260965 0.656250 0.001462 0.003289
3 0.259137 0.650768 0.003655 0.003289
3 0.764985 0.616228 0.002193 0.002193
3 0.739401 0.608553 0.005117 0.004386
3 0.747442 0.601974 0.003655 0.006579
3 0.259137 0.591557 0.003655 0.005482
3 0.242325 0.581689 0.002193 0.003289
3 0.748173 0.577303 0.005117 0.003289
3 0.761696 0.575658 0.001462 0.002193
3 0.727705 0.576206 0.003655 0.007675
3 0.296784 0.570724 0.002924 0.005482
3 0.786550 0.537281 0.004386 0.004386
3 0.224781 0.531250 0.003655 0.005482
3 0.204678 0.508224 0.001462 0.005482
3 0.266447 0.438596 0.002193 0.004386
3 0.238304 0.415022 0.002924 0.005482