0 0.550804 0.682018 0.005117 0.004386
0 0.346857 0.563048 0.006579 0.007675
0 0.420322 0.416667 0.004386 0.008772
0 0.420687 0.403509 0.009503 0.010965
0 0.366959 0.390899 0.005848 0.005482
0 0.387061 0.322917 0.003655 0.007675
0 0.511330 0.279057 0.003655 0.003289
0 0.516447 0.271382 0.002193 0.003289
0 0.512427 0.270833 0.002924 0.004386
0 0.506944 0.262061 0.005117 0.015351
0 0.504386 0.247807 0.005848 0.008772
0 0.506213 0.227522 0.002193 0.003289
0 0.533991 0.225329 0.003655 0.005482
0 0.498904 0.220943 0.009503 0.018640
0 0.547515 0.228070 0.017544 0.037281
0 0.506579 0.125548 0.024854 0.016447
1 0.468933 0.939693 0.002193 0.006579
1 0.467471 0.867873 0.006579 0.012061
1 0.600877 0.831689 0.004386 0.009868
1 0.595029 0.793311 0.013158 0.014254
1 0.415936 0.788377 0.007310 0.010965
1 0.637427 0.782346 0.005848 0.005482
1 0.689327 0.785088 0.016082 0.037281
1 0.605263 0.767544 0.007310 0.006579
1 0.490132 0.777412 0.034357 0.037281
1 0.614035 0.743969 0.002924 0.007675
1 0.589912 0.749452 0.017544 0.018640
1 0.480994 0.724232 0.002924 0.003289
1 0.466740 0.727522 0.019737 0.012061
1 0.613304 0.722588 0.007310 0.008772
1 0.661184 0.717105 0.005117 0.010965
1 0.480629 0.692434 0.013889 0.007675
1 0.659357 0.688048 0.005848 0.007675
1 0.761696 0.684211 0.019006 0.015351
1 0.616959 0.674342 0.029240 0.021930
1 0.374269 0.635965 0.002924 0.010965
1 0.447003 0.632127 0.016813 0.020833
1 0.413012 0.622259 0.005848 0.009868
1 0.405702 0.617325 0.002924 0.004386
1 0.378289 0.620066 0.005117 0.009868
1 0.351974 0.613487 0.003655 0.003289
1 0.356360 0.607456 0.003655 0.006579
1 0.767178 0.604167 0.009503 0.017544
1 0.402778 0.463268 0.004386 0.007675
1 0.403143 0.377741 0.015351 0.023026
1 0.434211 0.366228 0.008772 0.010965
1 0.585892 0.327303 0.012427 0.009868
1 0.518275 0.254386 0.011696 0.010965
1 0.532529 0.253289 0.005117 0.015351
1 0.494518 0.245066 0.009503 0.025219
1 0.523392 0.226974 0.010234 0.008772
1 0.641447 0.202303 0.009503 0.018640
1 0.557749 0.139803 0.002924 0.005482
1 0.659722 0.131031 0.005117 0.007675
1 0.560673 0.129934 0.004386 0.012061
3 0.450292 0.752193 0.001462 0.002193
3 0.484649 0.692434 0.001462 0.001096
3 0.477705 0.693531 0.003655 0.003289
3 0.725512 0.647478 0.003655 0.005482
3 0.492690 0.647478 0.002924 0.005482
3 0.356725 0.559759 0.004386 0.007675
3 0.592471 0.163925 0.003655 0.005482
3 0.598319 0.160088 0.003655 0.004386