0 0.453704 0.828125 0.004630 0.008102
0 0.443673 0.821759 0.012346 0.011574
0 0.435571 0.749421 0.003858 0.005787
0 0.454090 0.751157 0.005401 0.016204
0 0.443287 0.747106 0.005401 0.010417
0 0.450231 0.737269 0.002315 0.004630
0 0.412037 0.732060 0.003086 0.005787
0 0.433642 0.736690 0.021605 0.017361
0 0.379244 0.674190 0.003858 0.003472
0 0.390046 0.667245 0.000772 0.001157
0 0.380015 0.664931 0.002315 0.003472
0 0.376929 0.660301 0.003858 0.005787
0 0.369599 0.659722 0.007716 0.006944
0 0.419367 0.653356 0.002315 0.003472
0 0.379244 0.653356 0.003858 0.003472
0 0.369213 0.652199 0.002315 0.003472
0 0.396219 0.646991 0.000772 0.002315
0 0.410494 0.645255 0.001543 0.001157
0 0.422840 0.635995 0.001543 0.001157
0 0.362269 0.636574 0.002315 0.004630
0 0.416667 0.633681 0.001543 0.001157
0 0.434414 0.638310 0.006173 0.012731
0 0.412037 0.635417 0.004630 0.006944
0 0.392361 0.631944 0.000772 0.002315
0 0.427855 0.632523 0.005401 0.005787
0 0.418981 0.629630 0.001543 0.002315
0 0.425540 0.625000 0.005401 0.006944
0 0.405093 0.616898 0.003086 0.004630
0 0.401235 0.615741 0.001543 0.002315
0 0.417438 0.614583 0.004630 0.004630
0 0.426698 0.611690 0.001543 0.003472
0 0.441358 0.608796 0.001543 0.002315
0 0.573302 0.293403 0.004630 0.005787
0 0.565972 0.290509 0.005401 0.006944
0 0.531636 0.229745 0.006173 0.005787
0 0.574846 0.220486 0.004630 0.015046
0 0.537809 0.215856 0.010802 0.021991
0 0.521219 0.197917 0.006944 0.011574
0 0.565586 0.193866 0.004630 0.008102
0 0.514660 0.169560 0.004630 0.005787
0 0.572917 0.168981 0.013117 0.016204
0 0.572917 0.171875 0.001543 0.002315
0 0.569830 0.160301 0.002315 0.003472
0 0.554398 0.157407 0.002315 0.009259
0 0.514275 0.156829 0.003858 0.012731
0 0.520062 0.149884 0.003086 0.005787
0 0.519290 0.137153 0.007716 0.010417
0 0.442901 0.132523 0.001543 0.001157
0 0.546296 0.129630 0.001543 0.002315
0 0.543210 0.123843 0.001543 0.002315
0 0.458333 0.123843 0.001543 0.002315
0 0.528549 0.123843 0.007716 0.013889
0 0.539738 0.116319 0.005401 0.010417
0 0.550926 0.122685 0.013889 0.027778
0 0.537809 0.109375 0.004630 0.003472
0 0.445216 0.113426 0.009259 0.011574
0 0.529707 0.109375 0.005401 0.005787
0 0.520062 0.118056 0.013889 0.023148
0 0.542824 0.107060 0.003858 0.005787
0 0.457176 0.112269 0.010031 0.018519
0 0.526235 0.103009 0.003086 0.006944
0 0.543596 0.098958 0.000772 0.001157
0 0.454090 0.099537 0.000772 0.002315
0 0.537809 0.098958 0.004630 0.005787
0 0.562500 0.091435 0.001543 0.002315
1 0.501929 0.902199 0.040895 0.038194
1 0.427855 0.818866 0.010031 0.008102
1 0.419367 0.776042 0.010031 0.021991
1 0.732639 0.532407 0.006944 0.009259
1 0.537037 0.508681 0.009259 0.017361
1 0.383488 0.479167 0.003086 0.013889
1 0.361497 0.395255 0.011574 0.015046
1 0.611497 0.320023 0.005401 0.005787
1 0.658179 0.274306 0.007716 0.009259
1 0.650463 0.231481 0.006173 0.011574
1 0.424383 0.231481 0.007716 0.016204
1 0.555170 0.191551 0.003858 0.005787
1 0.542438 0.192130 0.016975 0.013889
1 0.489969 0.163773 0.016975 0.010417
1 0.462191 0.146412 0.003086 0.012731
1 0.477623 0.132523 0.007716 0.010417
2 0.588349 0.756366 0.020833 0.026620
2 0.587191 0.762731 0.006944 0.008102
2 0.590278 0.335648 0.027778 0.023148
3 0.449460 0.786458 0.003858 0.005787
3 0.423225 0.681713 0.002315 0.002315
3 0.425540 0.662616 0.005401 0.005787
3 0.363426 0.539931 0.001543 0.003472
3 0.312886 0.492477 0.002315 0.003472
3 0.322145 0.484954 0.002315 0.002315
3 0.337191 0.469907 0.003086 0.004630
3 0.334877 0.420139 0.003086 0.004630
3 0.443673 0.410880 0.004630 0.006944
3 0.409722 0.377894 0.004630 0.005787
3 0.368056 0.239005 0.006173 0.008102
3 0.396219 0.229745 0.002315 0.003472
3 0.390818 0.221065 0.006944 0.009259
3 0.408179 0.204861 0.004630 0.006944
3 0.532022 0.166088 0.005401 0.008102
3 0.339506 0.160880 0.001543 0.002315
3 0.335262 0.161458 0.002315 0.003472
3 0.555941 0.161458 0.002315 0.008102
3 0.542824 0.161458 0.005401 0.010417
3 0.548611 0.156250 0.001543 0.002315
3 0.535108 0.154514 0.002315 0.005787
3 0.379630 0.128472 0.004630 0.006944
3 0.475309 0.114005 0.003086 0.003472
3 0.468364 0.113426 0.003086 0.004630
3 0.471451 0.106481 0.004630 0.004630
3 0.475309 0.098380 0.003086 0.004630
3 0.427855 0.086227 0.003858 0.008102