0 0.456790 0.693416 0.009259 0.012346
0 0.609182 0.661523 0.002315 0.002058
0 0.594136 0.657922 0.001543 0.003086
0 0.615741 0.654835 0.001543 0.005144
0 0.592978 0.653292 0.002315 0.004115
0 0.596836 0.648148 0.002315 0.004115
0 0.605324 0.646605 0.005401 0.003086
0 0.646991 0.643519 0.002315 0.003086
0 0.640432 0.643004 0.001543 0.002058
0 0.591435 0.642490 0.002315 0.003086
0 0.608025 0.638374 0.001543 0.001029
0 0.594136 0.638374 0.001543 0.001029
0 0.662037 0.637346 0.001543 0.003086
0 0.656636 0.638374 0.007716 0.015432
0 0.643133 0.631173 0.000772 0.001029
0 0.595293 0.630144 0.000772 0.001029
0 0.657793 0.628086 0.002315 0.003086
0 0.640432 0.627572 0.001543 0.002058
0 0.705247 0.616770 0.001543 0.003086
0 0.694444 0.615226 0.001543 0.002058
0 0.601466 0.611626 0.002315 0.003086
0 0.602623 0.604424 0.001543 0.003086
0 0.648148 0.595679 0.003086 0.004115
0 0.589506 0.594136 0.001543 0.001029
0 0.612654 0.589506 0.001543 0.002058
0 0.690972 0.587449 0.002315 0.004115
0 0.595679 0.584362 0.001543 0.002058
0 0.689043 0.573045 0.001543 0.002058
0 0.683642 0.572016 0.003086 0.004115
0 0.587963 0.569444 0.001543 0.001029
0 0.658179 0.567387 0.003086 0.003086
0 0.743056 0.568930 0.006173 0.010288
0 0.499228 0.564815 0.001543 0.002058
0 0.494985 0.565844 0.002315 0.004115
0 0.669367 0.562757 0.002315 0.002058
0 0.687500 0.562757 0.001543 0.004115
0 0.657407 0.559156 0.003086 0.003086
0 0.661651 0.559671 0.002315 0.006173
0 0.651620 0.559156 0.005401 0.005144
0 0.496528 0.556584 0.002315 0.006173
0 0.643904 0.553498 0.000772 0.002058
0 0.711806 0.560185 0.011574 0.017490
0 0.544367 0.555556 0.006944 0.010288
0 0.565972 0.549383 0.002315 0.004115
0 0.655478 0.550412 0.006944 0.008230
0 0.661651 0.542181 0.002315 0.002058
0 0.554012 0.541667 0.001543 0.001029
0 0.642747 0.541667 0.003086 0.005144
0 0.649691 0.539609 0.001543 0.003086
0 0.521991 0.538066 0.002315 0.002058
0 0.624228 0.535494 0.001543 0.003086
0 0.514275 0.534979 0.003858 0.002058
0 0.627315 0.533436 0.001543 0.001029
0 0.616898 0.533436 0.002315 0.003086
0 0.528935 0.533951 0.003858 0.004115
0 0.513117 0.530864 0.001543 0.002058
0 0.743056 0.531379 0.003086 0.005144
0 0.738426 0.531893 0.003086 0.006173
0 0.621914 0.528807 0.004630 0.004115
0 0.506944 0.529321 0.004630 0.005144
0 0.554398 0.528807 0.003858 0.006173
0 0.732639 0.526235 0.002315 0.003086
0 0.620756 0.520062 0.002315 0.003086
0 0.754244 0.528292 0.010031 0.021605
0 0.702932 0.523148 0.007716 0.013374
0 0.713735 0.526235 0.016975 0.025720
0 0.716435 0.532922 0.003086 0.003086
0 0.732253 0.515947 0.006173 0.009259
0 0.744213 0.512346 0.002315 0.004115
0 0.747299 0.508230 0.002315 0.002058
0 0.755015 0.507202 0.003858 0.004115
0 0.722222 0.508745 0.004630 0.009259
0 0.703318 0.496399 0.000772 0.001029
0 0.698302 0.499486 0.007716 0.007202
0 0.721065 0.495370 0.002315 0.003086
0 0.676698 0.497428 0.009259 0.007202
0 0.665123 0.494342 0.001543 0.001029
0 0.689429 0.496399 0.003858 0.007202
0 0.695216 0.491770 0.003086 0.004115
0 0.678627 0.489198 0.002315 0.003086
0 0.701775 0.486111 0.002315 0.003086
0 0.693673 0.485082 0.001543 0.003086
0 0.682870 0.487140 0.003086 0.009259
0 0.672840 0.487140 0.006173 0.011317
0 0.496142 0.481481 0.001543 0.002058
0 0.684414 0.477366 0.001543 0.002058
0 0.677469 0.478395 0.003086 0.004115
0 0.790123 0.475823 0.003086 0.003086
0 0.506559 0.474794 0.002315 0.003086
0 0.714892 0.472737 0.002315 0.003086
0 0.706404 0.472222 0.000772 0.002058
0 0.795139 0.471708 0.002315 0.003086
0 0.684028 0.471193 0.002315 0.004115
0 0.734954 0.485082 0.027006 0.033951
0 0.804398 0.468107 0.000772 0.002058
0 0.492670 0.469650 0.003858 0.005144
0 0.800926 0.469136 0.003086 0.006173
0 0.792824 0.467078 0.002315 0.002058
0 0.500386 0.467593 0.003858 0.003086
0 0.709877 0.466564 0.003086 0.007202
0 0.804012 0.463477 0.001543 0.003086
0 0.786651 0.462449 0.002315 0.003086
0 0.707176 0.460391 0.000772 0.001029
0 0.499228 0.461420 0.004630 0.005144
0 0.804784 0.457819 0.001543 0.002058
0 0.490355 0.457305 0.000772 0.001029
0 0.785108 0.454733 0.002315 0.002058
0 0.689043 0.455761 0.003086 0.004115
0 0.633488 0.455247 0.003086 0.003086
0 0.681327 0.453189 0.001543 0.003086
0 0.661265 0.454218 0.003086 0.005144
0 0.496142 0.452675 0.001543 0.002058
0 0.803627 0.452160 0.002315 0.003086
0 0.492284 0.451646 0.001543 0.002058
0 0.674769 0.450617 0.002315 0.006173
0 0.473380 0.451646 0.003858 0.008230
0 0.509259 0.447531 0.001543 0.002058
0 0.501929 0.449074 0.006944 0.007202
0 0.684799 0.446502 0.003858 0.004115
0 0.631944 0.445988 0.003086 0.005144
0 0.641204 0.446502 0.007716 0.008230
0 0.668981 0.447531 0.004630 0.012346
0 0.503472 0.440844 0.000772 0.001029
0 0.693673 0.447016 0.007716 0.017490
0 0.658179 0.439815 0.001543 0.005144
0 0.500772 0.438272 0.001543 0.002058
0 0.494985 0.436728 0.000772 0.001029
0 0.647762 0.436728 0.002315 0.003086
0 0.689429 0.434671 0.000772 0.001029
0 0.663966 0.441872 0.005401 0.015432
0 0.684414 0.434156 0.004630 0.006173
0 0.663966 0.431584 0.000772 0.001029
0 0.465664 0.430556 0.003858 0.005144
0 0.472994 0.427984 0.001543 0.002058
0 0.596836 0.426955 0.002315 0.002058
0 0.636960 0.425412 0.002315 0.003086
0 0.695602 0.423868 0.002315 0.002058
0 0.623071 0.422840 0.006944 0.008230
0 0.673997 0.418724 0.000772 0.002058
0 0.485340 0.419753 0.004630 0.004115
0 0.583333 0.424383 0.009259 0.015432
0 0.686343 0.416667 0.002315 0.002058
0 0.684028 0.416152 0.000772 0.001029
0 0.513889 0.414609 0.001543 0.002058
0 0.673611 0.413066 0.001543 0.003086
0 0.734182 0.411523 0.000772 0.002058
0 0.619599 0.411523 0.001543 0.002058
0 0.622685 0.408951 0.001543 0.003086
0 0.555556 0.408436 0.001543 0.002058
0 0.490355 0.407407 0.002315 0.002058
0 0.736111 0.406893 0.003086 0.005144
0 0.579090 0.408951 0.010031 0.009259
0 0.562114 0.404835 0.000772 0.001029
0 0.490741 0.402778 0.001543 0.003086
0 0.630787 0.409979 0.010031 0.019547
0 0.565586 0.401749 0.003086 0.003086
0 0.544367 0.400206 0.000772 0.002058
0 0.504244 0.398663 0.000772 0.001029
0 0.502315 0.399177 0.001543 0.002058
0 0.668596 0.398663 0.002315 0.003086
0 0.648920 0.409465 0.030864 0.024691
0 0.596836 0.399691 0.002315 0.005144
0 0.563272 0.397119 0.001543 0.002058
0 0.489969 0.397634 0.001543 0.003086
0 0.653164 0.395062 0.003858 0.002058
0 0.637731 0.397119 0.006944 0.006173
0 0.633873 0.394547 0.000772 0.001029
0 0.726466 0.393519 0.000772 0.001029
0 0.590278 0.399177 0.007716 0.014403
0 0.684799 0.390947 0.000772 0.002058
0 0.633873 0.391461 0.002315 0.003086
0 0.501929 0.388374 0.002315 0.003086
0 0.629630 0.386317 0.001543 0.005144
0 0.508873 0.408951 0.019290 0.050412
0 0.505401 0.416667 0.002315 0.003086
0 0.513503 0.396091 0.004630 0.005144
0 0.603009 0.387860 0.008488 0.010288
0 0.657407 0.383230 0.003086 0.003086
0 0.606481 0.401235 0.035494 0.043210
0 0.514275 0.380658 0.003858 0.006173
0 0.682099 0.378086 0.003086 0.003086
0 0.676312 0.377058 0.002315 0.003086
0 0.631944 0.377058 0.004630 0.005144
0 0.720679 0.374486 0.001543 0.002058
0 0.724537 0.372428 0.003086 0.004115
0 0.697531 0.406379 0.033951 0.072016
0 0.688657 0.393519 0.001543 0.002058
0 0.699846 0.378086 0.003858 0.006173
0 0.609954 0.371914 0.002315 0.003086
0 0.563657 0.373971 0.006944 0.007202
0 0.596065 0.379630 0.010031 0.020576
0 0.688657 0.369856 0.002315 0.003086
0 0.551698 0.365741 0.001543 0.001029
0 0.625000 0.372428 0.010802 0.018519
0 0.615355 0.369342 0.005401 0.012346
0 0.695988 0.363683 0.001543 0.003086
0 0.662037 0.363683 0.001543 0.003086
0 0.703318 0.363169 0.002315 0.004115
0 0.689429 0.362140 0.000772 0.002058
0 0.542052 0.362654 0.002315 0.003086
0 0.649691 0.362654 0.004630 0.005144
0 0.631944 0.362140 0.004630 0.004115
0 0.733025 0.359053 0.001543 0.002058
0 0.632716 0.356996 0.001543 0.002058
0 0.629244 0.356996 0.002315 0.002058
0 0.647377 0.354424 0.001543 0.003086
0 0.612269 0.354424 0.002315 0.003086
0 0.567130 0.355967 0.009259 0.008230
0 0.703318 0.351852 0.000772 0.002058
0 0.731096 0.345679 0.000772 0.002058
0 0.571759 0.347222 0.004630 0.005144
0 0.688657 0.346193 0.003858 0.007202
0 0.617670 0.345679 0.010031 0.006173
0 0.535880 0.344136 0.002315 0.003086
0 0.702932 0.345679 0.003086 0.008230
0 0.697917 0.340535 0.002315 0.002058
0 0.723765 0.338477 0.001543 0.002058
0 0.689429 0.337963 0.002315 0.001029
0 0.550154 0.348251 0.012346 0.021605
0 0.530478 0.338477 0.000772 0.002058
0 0.330633 0.340021 0.003858 0.005144
0 0.706019 0.337963 0.001543 0.003086
0 0.714892 0.337963 0.005401 0.005144
0 0.729167 0.334877 0.001543 0.001029
0 0.714120 0.333848 0.000772 0.001029
0 0.659722 0.341564 0.010802 0.016461
0 0.568673 0.337963 0.006173 0.009259
0 0.707176 0.333848 0.002315 0.003086
0 0.343750 0.337449 0.005401 0.010288
0 0.722608 0.331790 0.000772 0.001029
0 0.611497 0.334362 0.003858 0.006173
0 0.554398 0.332819 0.002315 0.003086
0 0.707176 0.330761 0.000772 0.001029
0 0.675154 0.332819 0.003086 0.005144
0 0.680941 0.331790 0.005401 0.005144
0 0.670139 0.330761 0.002315 0.003086
0 0.647377 0.330247 0.004630 0.004115
0 0.536651 0.329218 0.000772 0.002058
0 0.686343 0.328704 0.002315 0.003086
0 0.594907 0.328189 0.001543 0.002058
0 0.543210 0.334362 0.009259 0.014403
0 0.396991 0.329218 0.005401 0.004115
0 0.547068 0.328704 0.003086 0.005144
0 0.711806 0.328704 0.005401 0.007202
0 0.618441 0.327160 0.002315 0.004115
0 0.596065 0.352366 0.025463 0.054527
0 0.603009 0.351337 0.003086 0.004115
0 0.558642 0.326646 0.003086 0.007202
0 0.705247 0.324588 0.004630 0.005144
0 0.571373 0.325103 0.006944 0.006173
0 0.671682 0.320473 0.002315 0.003086
0 0.327546 0.318930 0.006944 0.004115
0 0.322917 0.317387 0.000772 0.001029
0 0.678241 0.316872 0.001543 0.002058
0 0.625000 0.317387 0.001543 0.003086
0 0.566744 0.317901 0.002315 0.004115
0 0.562114 0.317387 0.002315 0.003086
0 0.673225 0.314815 0.002315 0.002058
0 0.584491 0.317387 0.003858 0.007202
0 0.552469 0.322531 0.007716 0.017490
0 0.346451 0.317387 0.007716 0.007202
0 0.688272 0.312243 0.003086 0.003086
0 0.716049 0.310700 0.001543 0.002058
0 0.576389 0.313786 0.006173 0.008230
0 0.466435 0.312243 0.010031 0.007202
0 0.707176 0.308128 0.002315 0.007202
0 0.794367 0.305041 0.002315 0.003086
0 0.646605 0.308128 0.007716 0.009259
0 0.628858 0.305041 0.001543 0.003086
0 0.585648 0.306070 0.006173 0.005144
0 0.580633 0.302469 0.002315 0.002058
0 0.582176 0.298868 0.002315 0.003086
0 0.708719 0.297325 0.000772 0.002058
0 0.576775 0.300412 0.005401 0.010288
0 0.540123 0.310700 0.018519 0.030864
0 0.535494 0.311728 0.002315 0.003086
0 0.523148 0.295267 0.001543 0.002058
0 0.507716 0.296296 0.004630 0.004115
0 0.702546 0.302984 0.008488 0.019547
0 0.638117 0.299383 0.004630 0.012346
0 0.684028 0.292181 0.000772 0.002058
0 0.573302 0.293724 0.006173 0.005144
0 0.534336 0.293724 0.003858 0.005144
0 0.693287 0.291667 0.002315 0.003086
0 0.677083 0.293210 0.003858 0.006173
0 0.560957 0.294753 0.007716 0.009259
0 0.507716 0.289095 0.001543 0.002058
0 0.561343 0.287037 0.002315 0.002058
0 0.543981 0.288066 0.003086 0.004115
0 0.494213 0.286523 0.003858 0.005144
0 0.596451 0.284979 0.003086 0.004115
0 0.690586 0.281893 0.004630 0.004115
0 0.684414 0.281893 0.004630 0.004115
0 0.507716 0.281893 0.003086 0.004115
0 0.648534 0.281893 0.003858 0.008230
0 0.589506 0.291667 0.016975 0.029835
0 0.703704 0.275206 0.001543 0.001029
0 0.573302 0.276235 0.003086 0.003086
0 0.697531 0.275206 0.007716 0.005144
0 0.622299 0.297840 0.043981 0.054527
0 0.487654 0.272634 0.009259 0.008230
0 0.591821 0.268519 0.007716 0.010288
0 0.562886 0.273148 0.016204 0.023663
0 0.483796 0.263374 0.004630 0.004115
0 0.499614 0.257202 0.005401 0.004115
0 0.690201 0.264403 0.010031 0.022634
0 0.644290 0.248457 0.007716 0.009259
0 0.649306 0.257202 0.014660 0.028807
0 0.667824 0.268004 0.030093 0.062757
0 0.673997 0.282407 0.004630 0.008230
0 0.671296 0.269033 0.013117 0.010288
0 0.500772 0.128601 0.004630 0.006173
0 0.390046 0.132202 0.042438 0.040123
0 0.372299 0.100309 0.003858 0.005144
0 0.497685 0.094136 0.003086 0.005144
0 0.371528 0.092593 0.002315 0.004115
0 0.582948 0.081276 0.002315 0.004115
0 0.388503 0.083848 0.010031 0.015432
0 0.579861 0.076132 0.002315 0.004115
0 0.408179 0.075103 0.007716 0.008230
1 0.548611 0.778292 0.018519 0.031893
1 0.700617 0.726337 0.012346 0.024691
1 0.574460 0.715535 0.014660 0.015432
1 0.677083 0.716049 0.016204 0.020576
1 0.534336 0.690329 0.017747 0.010288
1 0.729167 0.665638 0.024691 0.039095
1 0.629630 0.635288 0.009259 0.011317
1 0.726080 0.630658 0.009259 0.006173
1 0.739969 0.630144 0.016975 0.023663
1 0.738040 0.632202 0.001543 0.002058
1 0.572531 0.611626 0.007716 0.007202
1 0.583333 0.610082 0.006173 0.008230
1 0.656636 0.587963 0.007716 0.007202
1 0.580247 0.585905 0.009259 0.015432
1 0.523148 0.559156 0.007716 0.009259
1 0.271605 0.506687 0.020062 0.017490
1 0.675154 0.431070 0.015432 0.022634
1 0.275849 0.414095 0.010031 0.011317
1 0.417438 0.411523 0.030864 0.018519
1 0.425154 0.413580 0.002315 0.003086
1 0.423225 0.405864 0.003086 0.004115
1 0.393519 0.406893 0.013889 0.009259
1 0.290895 0.406379 0.012346 0.014403
1 0.672068 0.403807 0.016975 0.029835
1 0.639660 0.384259 0.006173 0.009259
1 0.660494 0.370885 0.001543 0.001029
1 0.667438 0.369856 0.003086 0.003086
1 0.659336 0.365226 0.002315 0.002058
1 0.678627 0.361626 0.000772 0.001029
1 0.638889 0.362140 0.004630 0.004115
1 0.670525 0.355453 0.009259 0.009259
1 0.658179 0.358025 0.009259 0.014403
1 0.714892 0.361111 0.014660 0.024691
1 0.641590 0.352366 0.005401 0.011317
1 0.670139 0.346193 0.002315 0.003086
1 0.651620 0.348765 0.008488 0.010288
1 0.665509 0.338477 0.005401 0.004115
1 0.649691 0.337449 0.001543 0.002058
1 0.658565 0.329733 0.002315 0.003086
1 0.640818 0.336420 0.013117 0.020576
1 0.513117 0.327160 0.004630 0.004115
1 0.678627 0.325103 0.000772 0.002058
1 0.652392 0.327160 0.002315 0.006173
1 0.501157 0.318930 0.005401 0.006173
1 0.649306 0.318930 0.005401 0.008230
1 0.629244 0.315329 0.002315 0.001029
1 0.408951 0.312243 0.010802 0.011317
1 0.485340 0.304527 0.006173 0.012346
1 0.413194 0.301955 0.011574 0.011317
1 0.391204 0.290123 0.016975 0.026749
1 0.760031 0.252572 0.009259 0.011317
1 0.774691 0.252058 0.012346 0.012346
1 0.765818 0.246914 0.002315 0.006173
1 0.748071 0.250514 0.013117 0.015432
1 0.413580 0.244342 0.021605 0.033951
1 0.416281 0.210391 0.017747 0.011317
1 0.639275 0.204733 0.010031 0.012346
1 0.485340 0.171296 0.004630 0.011317
1 0.471836 0.164095 0.003858 0.015432
1 0.492670 0.160494 0.017747 0.012346
1 0.516204 0.152263 0.007716 0.024691
1 0.518519 0.117798 0.013889 0.009259
1 0.406636 0.110082 0.012346 0.010288
1 0.501929 0.071502 0.019290 0.007202
1 0.586806 0.062757 0.008488 0.006173
1 0.567515 0.060700 0.014660 0.018519
1 0.520448 0.043724 0.065586 0.025720
1 0.512731 0.036523 0.001543 0.002058
2 0.595293 0.039095 0.036265 0.059671
2 0.604552 0.063786 0.001543 0.003086
2 0.602238 0.058128 0.001543 0.002058
2 0.601852 0.022634 0.002315 0.003086
2 0.606481 0.013374 0.002315 0.003086
3 0.714892 0.686214 0.003858 0.004115
3 0.683256 0.643004 0.008488 0.008230
3 0.770833 0.617284 0.007716 0.012346
3 0.520448 0.573560 0.003858 0.003086
3 0.517361 0.570988 0.003858 0.004115
3 0.619985 0.571502 0.003858 0.007202
3 0.614583 0.573560 0.010031 0.013374
3 0.634259 0.569444 0.006173 0.007202
3 0.810185 0.564300 0.004630 0.005144
3 0.610340 0.555041 0.003086 0.005144
3 0.500000 0.551955 0.004630 0.005144
3 0.627315 0.514403 0.004630 0.006173
3 0.768519 0.513374 0.006173 0.010288
3 0.295525 0.508230 0.007716 0.008230
3 0.787423 0.503601 0.003858 0.007202
3 0.398920 0.487140 0.009259 0.009259
3 0.284722 0.486111 0.010802 0.007202
3 0.302083 0.473765 0.008488 0.005144
3 0.227623 0.475309 0.004630 0.008230
3 0.327160 0.469136 0.006173 0.006173
3 0.765432 0.467593 0.004630 0.009259
3 0.312886 0.468107 0.005401 0.010288
3 0.654321 0.456276 0.003086 0.007202
3 0.738040 0.454218 0.003858 0.007202
3 0.680941 0.449588 0.005401 0.004115
3 0.736497 0.448045 0.002315 0.003086
3 0.679398 0.440844 0.002315 0.003086
3 0.511574 0.438786 0.004630 0.007202
3 0.728395 0.434671 0.004630 0.007202
3 0.606867 0.433642 0.006944 0.009259
3 0.793210 0.429012 0.001543 0.002058
3 0.509645 0.425412 0.002315 0.007202
3 0.793596 0.418724 0.006944 0.010288
3 0.404707 0.378601 0.006944 0.006173
3 0.393519 0.351337 0.003086 0.005144
3 0.429784 0.349794 0.006173 0.008230
3 0.695988 0.330761 0.001543 0.003086
3 0.380401 0.328704 0.003086 0.005144
3 0.394676 0.327675 0.003858 0.007202
3 0.445602 0.322531 0.002315 0.003086
3 0.771219 0.309156 0.005401 0.007202
3 0.739583 0.299383 0.003858 0.004115
3 0.777778 0.293724 0.003086 0.003086
3 0.734182 0.293210 0.005401 0.006173
3 0.786651 0.289095 0.006944 0.006173
3 0.432485 0.289095 0.005401 0.006173
3 0.751543 0.281893 0.004630 0.004115
3 0.441744 0.281893 0.003858 0.008230
3 0.791281 0.270576 0.002315 0.004115
3 0.792052 0.263889 0.003858 0.005144
3 0.620370 0.260802 0.003086 0.005144
3 0.723380 0.257716 0.002315 0.003086
3 0.791281 0.257202 0.003858 0.004115
3 0.707176 0.257202 0.002315 0.004115
3 0.717207 0.254115 0.002315 0.004115
3 0.560185 0.255144 0.004630 0.006173
3 0.556327 0.246914 0.004630 0.006173
3 0.706790 0.242798 0.004630 0.012346
3 0.356867 0.219136 0.008488 0.010288
3 0.422068 0.193930 0.004630 0.007202
3 0.344907 0.189815 0.006173 0.007202
3 0.364583 0.187243 0.003858 0.004115
3 0.515046 0.162551 0.005401 0.006173
3 0.461420 0.142490 0.006173 0.007202
3 0.475309 0.117284 0.003086 0.004115
3 0.691744 0.103395 0.005401 0.005144
3 0.580633 0.085391 0.002315 0.002058
3 0.588349 0.080761 0.003858 0.005144
3 0.597994 0.078189 0.003086 0.004115
3 0.637731 0.060700 0.002315 0.004115
3 0.627315 0.054527 0.003086 0.006173