0 0.334961 0.814779 0.016602 0.026693
0 0.628174 0.802083 0.006348 0.007813
0 0.637451 0.801107 0.004395 0.009766
0 0.343262 0.792318 0.015625 0.011719
0 0.625977 0.782552 0.023438 0.019531
0 0.619385 0.765299 0.004395 0.007161
0 0.599609 0.735677 0.002930 0.002604
0 0.211914 0.412435 0.010742 0.008464
0 0.189941 0.385417 0.012695 0.006510
0 0.217529 0.392578 0.035645 0.052083
0 0.207031 0.379883 0.001953 0.001953
0 0.208496 0.377930 0.001953 0.001953
0 0.209229 0.377279 0.001465 0.001953
0 0.218262 0.364583 0.008789 0.009115
0 0.228027 0.367839 0.008789 0.018229
0 0.206055 0.349935 0.013672 0.016276
0 0.331299 0.103516 0.008301 0.010417
1 0.615479 0.459310 0.010254 0.007161
1 0.207275 0.406250 0.006348 0.002604
1 0.204590 0.396810 0.002930 0.003255
1 0.190674 0.379557 0.005371 0.007813
1 0.192139 0.376628 0.004395 0.003255
1 0.691650 0.257813 0.019043 0.049479
1 0.624512 0.189779 0.050781 0.061849