0 0.886957 0.694645 0.004348 0.002894
0 0.894203 0.672576 0.002899 0.002171
0 0.944203 0.555355 0.010145 0.010854
0 0.955797 0.538350 0.007246 0.004342
0 0.981522 0.536903 0.003623 0.004342
0 0.966667 0.534370 0.004348 0.003618
0 0.967754 0.524602 0.006522 0.007236
0 0.955797 0.503256 0.007246 0.007959
0 0.939130 0.482272 0.007246 0.006512
0 0.725362 0.447178 0.008696 0.007236
0 0.497101 0.434515 0.007246 0.005065
0 0.705797 0.399783 0.008696 0.009407
0 0.696377 0.400868 0.007246 0.011577
0 0.622101 0.317294 0.003623 0.002171
0 0.647826 0.306802 0.001449 0.001447
0 0.651449 0.300289 0.004348 0.005789
0 0.624638 0.298842 0.004348 0.005789
0 0.646739 0.293054 0.007971 0.008683
0 0.661232 0.284732 0.006522 0.006512
0 0.639130 0.283285 0.010145 0.010854
0 0.621377 0.274602 0.010870 0.010854
0 0.611957 0.271346 0.007971 0.007236
0 0.655797 0.260854 0.001449 0.002171
0 0.626087 0.255427 0.004348 0.002894
0 0.591304 0.255065 0.005797 0.005065
0 0.636957 0.250724 0.008696 0.007959
0 0.620652 0.247467 0.012319 0.010130
0 0.594928 0.239508 0.008696 0.014472
0 0.592754 0.215630 0.004348 0.004342
0 0.572464 0.205861 0.002899 0.002171
0 0.609058 0.205137 0.007971 0.007959
0 0.581884 0.202243 0.002899 0.003618
0 0.580072 0.192475 0.006522 0.005789
0 0.663768 0.180174 0.001449 0.001447
0 0.611232 0.180897 0.006522 0.005789
0 0.676812 0.178003 0.004348 0.005789
0 0.691667 0.150507 0.002174 0.001447
0 0.705072 0.131693 0.004348 0.005789
0 0.580072 0.131693 0.005072 0.005789
0 0.713768 0.129161 0.004348 0.003618
0 0.683333 0.126628 0.002899 0.002894
0 0.694203 0.125181 0.001449 0.001447
0 0.715217 0.121563 0.002899 0.002894
0 0.571377 0.128437 0.010870 0.016643
0 0.560507 0.125904 0.010870 0.011577
0 0.555797 0.118307 0.001449 0.002171
0 0.705435 0.115774 0.002174 0.001447
0 0.734058 0.121925 0.027536 0.016643
0 0.703623 0.122287 0.013043 0.017366
0 0.685145 0.116136 0.009420 0.007959
1 0.779710 0.738784 0.023188 0.039074
1 0.806159 0.695731 0.026812 0.019537
1 0.805072 0.634226 0.044928 0.061505
1 0.196014 0.528220 0.015217 0.047757
1 0.078623 0.395803 0.022464 0.027496
1 0.956522 0.340449 0.014493 0.036903
1 0.746014 0.316570 0.050000 0.034009
1 0.709420 0.242041 0.050725 0.047033
1 0.863768 0.166064 0.015942 0.013748
1 0.528261 0.143994 0.020290 0.008683
1 0.678986 0.137120 0.011594 0.010854