0 0.683845 0.579496 0.005117 0.005482
0 0.567617 0.576754 0.003655 0.006579
0 0.690424 0.567982 0.000731 0.002193
0 0.697003 0.559759 0.003655 0.005482
0 0.699927 0.556469 0.000731 0.001096
0 0.698465 0.551535 0.002193 0.002193
0 0.697003 0.537829 0.003655 0.005482
0 0.679459 0.374452 0.003655 0.007675
0 0.668494 0.367325 0.002193 0.002193
0 0.672880 0.364583 0.002193 0.003289
0 0.479898 0.366228 0.005117 0.006579
0 0.696272 0.366776 0.010965 0.009868
0 0.677266 0.360197 0.000731 0.001096
0 0.703216 0.360746 0.004386 0.004386
0 0.671053 0.354167 0.005848 0.013158
0 0.659722 0.348136 0.002193 0.003289
0 0.471491 0.348136 0.005848 0.012061
0 0.692251 0.337719 0.002924 0.002193
0 0.700658 0.339364 0.005117 0.007675
0 0.682018 0.336623 0.001462 0.002193
0 0.707237 0.336075 0.002193 0.003289
0 0.476974 0.335526 0.000731 0.002193
0 0.465643 0.337719 0.004386 0.006579
0 0.688596 0.331689 0.002924 0.003289
0 0.697734 0.330044 0.003655 0.004386
0 0.678728 0.327303 0.002193 0.003289
0 0.471126 0.328947 0.005117 0.008772
0 0.704678 0.325110 0.004386 0.005482
0 0.578582 0.233553 0.000731 0.002193
0 0.586623 0.233004 0.012427 0.016447
0 0.578216 0.222588 0.001462 0.002193
0 0.573465 0.211075 0.002193 0.003289
0 0.582968 0.210526 0.003655 0.015351
0 0.576389 0.203947 0.003655 0.006579
0 0.580775 0.200110 0.000731 0.001096
1 0.372807 0.780702 0.014620 0.013158
1 0.525950 0.737939 0.015351 0.017544
1 0.744152 0.604715 0.005848 0.007675
1 0.638158 0.591557 0.007310 0.012061
1 0.634868 0.584978 0.000731 0.001096
1 0.683845 0.540570 0.006579 0.010965
1 0.735380 0.364583 0.010234 0.009868
1 0.405702 0.365680 0.008772 0.012061
1 0.375000 0.322917 0.002924 0.003289
1 0.692617 0.279057 0.005117 0.014254
1 0.393275 0.272478 0.004386 0.005482
1 0.732822 0.269189 0.006579 0.009868
1 0.438231 0.259320 0.013889 0.009868
1 0.566520 0.228070 0.002924 0.008772
1 0.578216 0.212171 0.004386 0.007675
1 0.520833 0.194627 0.002193 0.003289
1 0.523757 0.179276 0.002193 0.005482
1 0.528509 0.163925 0.002924 0.003289
1 0.540205 0.159539 0.010234 0.005482
3 0.343933 0.850329 0.003655 0.007675
3 0.572734 0.651316 0.000731 0.002193
3 0.696637 0.648575 0.002924 0.005482
3 0.561038 0.620066 0.002193 0.005482
3 0.742325 0.554276 0.002193 0.003289
3 0.713816 0.532346 0.002193 0.005482
3 0.730263 0.524671 0.002924 0.005482
3 0.391082 0.509320 0.002924 0.003289
3 0.567251 0.485197 0.001462 0.001096
3 0.738670 0.472039 0.000731 0.001096
3 0.675804 0.427632 0.002193 0.004386
3 0.617325 0.404605 0.002193 0.004386
3 0.702851 0.393092 0.000731 0.001096
3 0.544956 0.307018 0.002193 0.002193
3 0.555556 0.302632 0.001462 0.002193
3 0.349050 0.217654 0.006579 0.012061
3 0.552632 0.103618 0.002924 0.007675