1 0.641975 0.804012 0.016461 0.013889
1 0.315844 0.679398 0.004115 0.005401
1 0.311728 0.642361 0.008230 0.011574
1 0.736883 0.643519 0.005658 0.016975
1 0.620370 0.621914 0.009259 0.016975
1 0.300412 0.615355 0.005144 0.008488
1 0.323045 0.539738 0.011317 0.006944
1 0.228395 0.529707 0.014403 0.022377
1 0.723251 0.503086 0.007202 0.015432
1 0.686728 0.454475 0.008230 0.012346
1 0.595936 0.155478 0.006687 0.008488
2 0.430041 0.601080 0.014403 0.023148
3 0.351852 0.755401 0.003086 0.003086
3 0.359825 0.737269 0.002572 0.005401
3 0.342335 0.699074 0.003601 0.004630
3 0.414866 0.696759 0.003601 0.001543
3 0.335905 0.691358 0.002058 0.003086
3 0.333848 0.685185 0.002058 0.004630
3 0.649177 0.605324 0.002058 0.006944
3 0.562757 0.561728 0.003086 0.004630
3 0.598251 0.547840 0.006173 0.007716
3 0.548354 0.513889 0.004115 0.006173
3 0.711677 0.501543 0.002572 0.003086
3 0.703447 0.477238 0.001543 0.000772
3 0.718879 0.469522 0.002572 0.003858
3 0.701646 0.470679 0.003086 0.006173
3 0.614455 0.470293 0.005658 0.010031
3 0.559414 0.420139 0.004630 0.005401
3 0.665381 0.413580 0.003601 0.004630
3 0.555813 0.385031 0.001543 0.003086
3 0.253086 0.367284 0.003086 0.006173
3 0.696502 0.320216 0.002058 0.003086
3 0.686214 0.319444 0.003086 0.004630
3 0.698302 0.180941 0.001543 0.002315
3 0.698302 0.171296 0.003601 0.003086
3 0.577932 0.158951 0.002572 0.003086
3 0.579475 0.152392 0.002572 0.003858
3 0.569444 0.151620 0.003086 0.005401