0 0.578482 0.940068 0.002854 0.003425
0 0.498573 0.896404 0.002854 0.005137
0 0.646119 0.769692 0.002283 0.001712
0 0.697203 0.764983 0.003995 0.004281
0 0.673516 0.750428 0.001142 0.000856
0 0.640696 0.743579 0.001712 0.002568
0 0.648687 0.732021 0.001712 0.001712
0 0.682934 0.734589 0.007420 0.010274
0 0.721176 0.726027 0.001712 0.003425
0 0.680365 0.724743 0.002283 0.005993
0 0.690354 0.717466 0.000571 0.001712
0 0.641838 0.719606 0.003995 0.009418
0 0.714041 0.707192 0.002283 0.003425
0 0.697489 0.712757 0.011416 0.016267
0 0.710331 0.702055 0.003995 0.005137
0 0.677511 0.697346 0.001142 0.002568
0 0.664384 0.693493 0.005708 0.006849
0 0.639840 0.689640 0.001142 0.002568
0 0.657534 0.690068 0.004566 0.006849
0 0.659532 0.681935 0.003995 0.004281
0 0.726598 0.661387 0.001142 0.000856
0 0.687500 0.662243 0.001712 0.002568
0 0.583333 0.663527 0.007991 0.006849
0 0.642694 0.667808 0.009132 0.017123
0 0.665240 0.667380 0.010845 0.023116
0 0.682648 0.647260 0.001142 0.003425
0 0.696062 0.651969 0.018836 0.014555
0 0.719749 0.651541 0.010274 0.018836
0 0.720034 0.657534 0.002283 0.004281
0 0.674087 0.644264 0.007991 0.005993
0 0.690639 0.640411 0.002283 0.003425
0 0.686929 0.436216 0.002854 0.004281
0 0.587043 0.405394 0.001712 0.004281
0 0.553368 0.403682 0.007420 0.016267
0 0.569349 0.393408 0.003995 0.007705
0 0.567637 0.386130 0.005137 0.003425
0 0.585902 0.363014 0.003995 0.006849
0 0.676370 0.359161 0.003425 0.002568
0 0.561929 0.352740 0.003995 0.003425
0 0.586187 0.349315 0.003425 0.005137
0 0.579623 0.347175 0.003995 0.005993
0 0.568493 0.347603 0.006849 0.006849
0 0.647831 0.335616 0.002283 0.003425
0 0.582477 0.334760 0.002854 0.005137
0 0.585902 0.329623 0.002854 0.003425
0 0.576769 0.330479 0.005137 0.005137
0 0.643265 0.323202 0.007991 0.009418
0 0.701199 0.317209 0.006279 0.009418
1 0.592180 0.919092 0.006279 0.009418
1 0.601598 0.891267 0.005708 0.008562
1 0.559361 0.888699 0.003425 0.010274
1 0.645833 0.878425 0.007420 0.008562
1 0.621861 0.864298 0.005137 0.005993
1 0.624715 0.854880 0.003995 0.009418
1 0.654110 0.832192 0.006849 0.010274
1 0.209760 0.814212 0.003995 0.015411
1 0.284247 0.776113 0.005708 0.004281
1 0.189498 0.772688 0.002283 0.011130
1 0.176655 0.762842 0.005137 0.006849
1 0.193208 0.741010 0.002854 0.011130
1 0.693493 0.689212 0.011416 0.011986
1 0.690925 0.677654 0.007420 0.009418
1 0.314212 0.520976 0.003995 0.005993
1 0.300514 0.515411 0.001712 0.005137
1 0.396975 0.371575 0.008562 0.006849
1 0.565354 0.258990 0.007420 0.012842
1 0.788527 0.252997 0.010845 0.005993
1 0.709189 0.217038 0.007420 0.011130
1 0.525685 0.212757 0.012557 0.007705
1 0.574772 0.194777 0.009132 0.009418
1 0.698630 0.195205 0.006849 0.011986
1 0.557934 0.073630 0.038242 0.029110
2 0.537671 0.071062 0.018265 0.041096
3 0.334475 0.939640 0.003425 0.005993
3 0.721461 0.934932 0.002283 0.003425
3 0.701484 0.930223 0.002283 0.004281
3 0.434361 0.910103 0.002283 0.003425
3 0.646119 0.905394 0.002283 0.005993
3 0.617865 0.879709 0.002854 0.005993
3 0.547374 0.874572 0.002283 0.002568
3 0.644406 0.860873 0.004566 0.005993
3 0.550514 0.858305 0.001712 0.002568
3 0.635559 0.855308 0.002854 0.005137
3 0.789098 0.850599 0.001712 0.002568
3 0.695205 0.832620 0.001142 0.002568
3 0.646975 0.827911 0.003995 0.005137
3 0.628425 0.821490 0.003425 0.004281
3 0.648687 0.816781 0.002854 0.003425
3 0.783961 0.815068 0.002854 0.005137
3 0.208904 0.809503 0.002283 0.005993
3 0.742580 0.806079 0.001142 0.002568
3 0.742865 0.803510 0.000571 0.000856
3 0.655537 0.782534 0.001712 0.003425
3 0.701484 0.781250 0.003425 0.002568
3 0.440354 0.775257 0.002854 0.004281
3 0.291096 0.773973 0.002283 0.005137
3 0.282534 0.773973 0.002283 0.005137
3 0.435502 0.759846 0.002283 0.004281
3 0.774258 0.756421 0.001712 0.002568
3 0.744007 0.749144 0.001712 0.001712
3 0.388984 0.738870 0.002854 0.003425
3 0.596461 0.737158 0.002283 0.003425
3 0.604452 0.732877 0.003425 0.003425
3 0.468037 0.681935 0.002283 0.005993
3 0.454909 0.675514 0.003425 0.001712
3 0.484589 0.675514 0.002283 0.005137
3 0.757705 0.664384 0.003995 0.006849
3 0.279966 0.660103 0.002854 0.006849
3 0.804224 0.658818 0.003425 0.005993
3 0.469463 0.651969 0.002854 0.004281
3 0.280537 0.651969 0.001712 0.004281
3 0.691210 0.620719 0.002283 0.003425
3 0.618436 0.614298 0.002854 0.002568
3 0.704909 0.613014 0.003425 0.005137
3 0.697489 0.605736 0.001142 0.004281
3 0.706336 0.605308 0.002854 0.005137
3 0.645833 0.600599 0.003995 0.004281
3 0.648973 0.594178 0.002283 0.003425
3 0.834475 0.588185 0.002283 0.003425
3 0.442066 0.589469 0.003995 0.005993
3 0.703482 0.574914 0.002854 0.004281
3 0.625571 0.574058 0.003425 0.005993
3 0.594463 0.554795 0.001712 0.001712
3 0.591039 0.552654 0.001712 0.002568
3 0.586473 0.553510 0.002854 0.004281
3 0.670091 0.541952 0.001142 0.003425
3 0.706336 0.495719 0.001712 0.003425
3 0.590468 0.493151 0.001712 0.003425
3 0.588756 0.469178 0.002854 0.003425
3 0.691781 0.459332 0.003425 0.004281
3 0.418379 0.448202 0.001142 0.002568
3 0.724030 0.443921 0.002854 0.004281
3 0.779110 0.441781 0.002283 0.006849
3 0.488299 0.432363 0.002854 0.003425
3 0.761416 0.431935 0.002283 0.004281
3 0.588185 0.426370 0.002854 0.003425
3 0.714041 0.399829 0.002283 0.003425
3 0.582763 0.389127 0.002283 0.005993
3 0.470890 0.357877 0.002283 0.003425
3 0.698345 0.354452 0.002854 0.003425
3 0.321062 0.349315 0.002854 0.003425
3 0.258562 0.343750 0.002283 0.002568
3 0.706621 0.333048 0.002283 0.005137
3 0.683790 0.324486 0.002283 0.003425
3 0.579053 0.323630 0.005137 0.003425
3 0.695491 0.315497 0.002854 0.005993
3 0.411815 0.314212 0.002854 0.005137
3 0.651256 0.311644 0.002283 0.003425
3 0.589897 0.313784 0.005137 0.007705
3 0.656393 0.303938 0.002283 0.003425
3 0.600457 0.303938 0.003425 0.003425
3 0.668379 0.297089 0.002283 0.003425
3 0.645548 0.296661 0.002283 0.004281
3 0.635845 0.294949 0.002283 0.002568
3 0.582763 0.296233 0.002283 0.005137
3 0.661530 0.294521 0.002283 0.003425
3 0.653539 0.293664 0.003425 0.005137
3 0.680080 0.287671 0.003995 0.001712
3 0.621290 0.284247 0.002854 0.003425
3 0.544806 0.280394 0.002854 0.004281
3 0.734304 0.279538 0.002854 0.005993
3 0.720034 0.260274 0.001712 0.003425
3 0.651256 0.258134 0.001142 0.000856
3 0.651256 0.255137 0.003425 0.003425
3 0.527968 0.247860 0.001142 0.002568
3 0.534817 0.240154 0.002283 0.004281
3 0.545091 0.239298 0.003425 0.004281
3 0.531678 0.232449 0.000571 0.002568
3 0.579053 0.225599 0.003995 0.004281
3 0.686073 0.223459 0.002283 0.005137
3 0.422089 0.222603 0.002854 0.003425
3 0.540525 0.222175 0.002283 0.004281
3 0.502568 0.213185 0.001712 0.003425
3 0.568208 0.207620 0.002854 0.004281
3 0.503139 0.203339 0.001712 0.002568
3 0.519977 0.200342 0.002283 0.001712
3 0.507991 0.200342 0.003425 0.008562
3 0.442352 0.193493 0.001142 0.001712
3 0.572203 0.191781 0.001712 0.003425
3 0.562500 0.189212 0.002854 0.005137
3 0.537100 0.157534 0.003425 0.003425
3 0.539384 0.150257 0.003425 0.002568
3 0.632135 0.141267 0.001712 0.003425
3 0.502568 0.139127 0.001712 0.002568
3 0.502854 0.132277 0.002283 0.004281
3 0.498002 0.123288 0.002854 0.003425
3 0.618436 0.119435 0.002854 0.005993
3 0.387557 0.056507 0.002283 0.003425