0 0.514660 0.887153 0.004630 0.008102
0 0.565586 0.839699 0.001543 0.003472
0 0.554012 0.839699 0.007716 0.005787
0 0.522762 0.841435 0.005401 0.011574
0 0.570216 0.826968 0.003086 0.005787
0 0.744213 0.751736 0.000772 0.001157
0 0.743056 0.739583 0.003086 0.004630
0 0.748071 0.701968 0.005401 0.008102
0 0.758102 0.698495 0.006944 0.017361
0 0.763503 0.690972 0.003858 0.004630
0 0.730324 0.691551 0.005401 0.008102
0 0.739969 0.688079 0.004630 0.005787
0 0.768519 0.685185 0.003086 0.004630
0 0.749228 0.688079 0.009259 0.012731
0 0.762731 0.681713 0.005401 0.006944
0 0.731096 0.675926 0.005401 0.004630
0 0.748843 0.672454 0.003858 0.004630
0 0.740741 0.675926 0.009259 0.011574
0 0.731096 0.659144 0.000772 0.001157
0 0.739969 0.662037 0.007716 0.013889
0 0.715278 0.653935 0.003086 0.004630
0 0.716821 0.638889 0.003086 0.006944
0 0.724923 0.636574 0.002315 0.004630
0 0.721836 0.619213 0.003858 0.004630
0 0.740355 0.610532 0.003858 0.005787
0 0.729552 0.610532 0.005401 0.008102
0 0.273534 0.603009 0.000772 0.002315
0 0.288580 0.600116 0.003086 0.003472
0 0.255401 0.599537 0.003086 0.004630
0 0.263889 0.592593 0.001543 0.002315
0 0.753858 0.583912 0.001543 0.003472
0 0.743441 0.586806 0.003858 0.009259
0 0.743441 0.587384 0.001543 0.006944
0 0.750000 0.579282 0.001543 0.001157
0 0.291667 0.579861 0.001543 0.002315
0 0.745370 0.577546 0.001543 0.002315
0 0.790895 0.577546 0.003086 0.004630
0 0.731096 0.576968 0.005401 0.003472
0 0.765818 0.574653 0.002315 0.003472
0 0.260802 0.576968 0.003086 0.008102
0 0.779707 0.576968 0.014660 0.010417
0 0.281250 0.567130 0.000772 0.002315
0 0.769676 0.568287 0.005401 0.009259
0 0.293596 0.565394 0.003858 0.005787
0 0.761188 0.563657 0.005401 0.006944
0 0.787423 0.559028 0.000772 0.002315
0 0.266975 0.559028 0.001543 0.002315
0 0.260802 0.557870 0.001543 0.002315
0 0.748457 0.558449 0.004630 0.008102
0 0.757716 0.554977 0.003086 0.003472
0 0.290509 0.553819 0.000772 0.001157
0 0.273534 0.549769 0.002315 0.002315
0 0.779707 0.551505 0.005401 0.008102
0 0.752701 0.549769 0.003858 0.004630
0 0.763889 0.545139 0.003086 0.004630
0 0.280864 0.532407 0.003086 0.002315
0 0.272377 0.531829 0.001543 0.003472
0 0.275077 0.524884 0.002315 0.001157
0 0.791281 0.520833 0.003858 0.006944
0 0.270833 0.518519 0.001543 0.002315
0 0.781250 0.516782 0.002315 0.005787
0 0.263117 0.515625 0.003086 0.003472
0 0.771991 0.501736 0.005401 0.010417
0 0.437114 0.498264 0.002315 0.003472
0 0.425540 0.486690 0.002315 0.003472
0 0.736497 0.478009 0.003858 0.006944
0 0.218364 0.463542 0.003086 0.005787
0 0.433256 0.438079 0.000772 0.001157
0 0.594907 0.426505 0.003086 0.003472
0 0.616512 0.428819 0.026235 0.017361
0 0.597608 0.420139 0.002315 0.004630
0 0.603009 0.416088 0.003858 0.005787
0 0.542052 0.412616 0.000772 0.001157
0 0.547840 0.407407 0.003086 0.006944
0 0.541281 0.402778 0.003858 0.006944
0 0.547068 0.396412 0.004630 0.005787
0 0.555556 0.392940 0.004630 0.005787
0 0.576389 0.405671 0.029321 0.063657
0 0.570988 0.419560 0.003858 0.004630
0 0.551698 0.376736 0.007716 0.012731
0 0.543210 0.371528 0.004630 0.004630
0 0.585648 0.370949 0.006173 0.010417
0 0.562500 0.369792 0.006173 0.008102
0 0.555941 0.364005 0.010031 0.010417
0 0.719907 0.358796 0.007716 0.011574
0 0.589120 0.354167 0.000772 0.002315
0 0.226852 0.355324 0.004630 0.004630
0 0.648148 0.356481 0.006173 0.013889
0 0.566744 0.356481 0.008488 0.013889
0 0.731096 0.356481 0.010031 0.020833
0 0.654321 0.350116 0.003086 0.008102
0 0.236111 0.348958 0.003086 0.005787
0 0.542052 0.346065 0.000772 0.002315
0 0.533565 0.356481 0.022377 0.025463
0 0.549769 0.344907 0.003858 0.004630
0 0.629244 0.347222 0.005401 0.011574
0 0.540895 0.341435 0.001543 0.002315
0 0.637731 0.329282 0.011574 0.017361
0 0.530093 0.325231 0.010802 0.011574
0 0.419753 0.322917 0.004630 0.006944
0 0.623457 0.287616 0.009259 0.017361
0 0.657407 0.183449 0.004630 0.010417
0 0.405864 0.166088 0.007716 0.005787
0 0.495370 0.139468 0.003086 0.008102
0 0.478009 0.133681 0.002315 0.003472
0 0.496914 0.120949 0.006173 0.008102
0 0.443673 0.107639 0.001543 0.002315
1 0.493827 0.874421 0.016975 0.012731
1 0.524306 0.865741 0.008488 0.013889
1 0.524306 0.858218 0.000772 0.001157
1 0.436343 0.801505 0.005401 0.005787
1 0.432870 0.780093 0.015432 0.023148
1 0.431713 0.779514 0.001543 0.002315
1 0.462963 0.733218 0.009259 0.017361
1 0.465664 0.732060 0.001543 0.002315
1 0.609954 0.711227 0.020833 0.026620
1 0.609568 0.679398 0.023148 0.032407
1 0.607639 0.684606 0.003086 0.002315
1 0.773920 0.627315 0.018519 0.027778
1 0.744985 0.611690 0.005401 0.005787
1 0.277006 0.573495 0.004630 0.005787
1 0.543596 0.576389 0.042438 0.020833
1 0.256173 0.521991 0.007716 0.006944
1 0.230324 0.508681 0.011574 0.019676
1 0.784722 0.498843 0.009259 0.018519
1 0.258873 0.415509 0.006944 0.006944
1 0.264660 0.409722 0.016975 0.018519
1 0.263503 0.410301 0.001543 0.002315
1 0.234954 0.382523 0.003858 0.008102
1 0.775849 0.361111 0.010031 0.016204
1 0.246528 0.344329 0.008488 0.019676
1 0.290123 0.328704 0.024691 0.030093
1 0.293981 0.325231 0.002315 0.003472
1 0.296682 0.322338 0.001543 0.002315
1 0.487654 0.280093 0.010802 0.023148
1 0.304012 0.270255 0.007716 0.015046
1 0.285494 0.276620 0.009259 0.027778
1 0.500386 0.266782 0.008488 0.015046
1 0.332562 0.247685 0.007716 0.011574
1 0.701389 0.178819 0.013889 0.015046
3 0.482253 0.748843 0.003086 0.004630
3 0.358796 0.715856 0.001543 0.001157
3 0.249614 0.709491 0.002315 0.004630
3 0.276235 0.588542 0.003086 0.003472
3 0.267747 0.576968 0.003086 0.003472
3 0.214120 0.535301 0.003858 0.003472
3 0.209877 0.531829 0.001543 0.001157
3 0.261188 0.528356 0.002315 0.003472
3 0.286651 0.527199 0.002315 0.003472
3 0.750772 0.500579 0.001543 0.001157
3 0.378086 0.501736 0.003086 0.005787
3 0.285880 0.454861 0.003858 0.006944
3 0.754244 0.429977 0.002315 0.001157
3 0.761960 0.407407 0.002315 0.002315
3 0.513503 0.399884 0.002315 0.003472
3 0.497685 0.385417 0.001543 0.002315
3 0.264660 0.344329 0.003086 0.003472
3 0.299383 0.314815 0.003086 0.002315
3 0.694830 0.298032 0.003858 0.003472
3 0.620370 0.285880 0.001543 0.002315
3 0.621528 0.279514 0.002315 0.003472
3 0.386188 0.216435 0.003858 0.004630
3 0.549383 0.201389 0.001543 0.002315
3 0.550540 0.195023 0.002315 0.003472
3 0.518904 0.192130 0.002315 0.004630
3 0.513889 0.185185 0.001543 0.002315