0 0.363812 0.711420 0.003858 0.007202
0 0.373071 0.714506 0.011574 0.017490
0 0.355324 0.701646 0.003858 0.006173
0 0.515046 0.676440 0.002315 0.003086
0 0.478395 0.678498 0.003086 0.007202
0 0.488812 0.671296 0.003858 0.005144
0 0.516590 0.668724 0.006944 0.004115
0 0.481481 0.665123 0.003086 0.005144
0 0.498071 0.661008 0.002315 0.003086
0 0.491127 0.659465 0.000772 0.002058
0 0.501543 0.670267 0.023148 0.025720
0 0.487269 0.654835 0.000772 0.001029
0 0.517747 0.653292 0.004630 0.006173
0 0.553627 0.648663 0.002315 0.003086
0 0.563657 0.645576 0.002315 0.003086
0 0.484568 0.645576 0.006173 0.005144
0 0.550540 0.655350 0.011574 0.026749
0 0.557099 0.635802 0.003086 0.004115
0 0.496142 0.634259 0.001543 0.001029
0 0.796296 0.639918 0.012346 0.014403
0 0.796682 0.641975 0.006173 0.005144
0 0.493056 0.631687 0.003086 0.004115
0 0.487654 0.631173 0.001543 0.003086
0 0.501543 0.627058 0.001543 0.001029
0 0.566744 0.631687 0.013117 0.026749
0 0.506173 0.619342 0.003086 0.004115
0 0.557870 0.619342 0.003086 0.006173
0 0.634645 0.614712 0.002315 0.003086
0 0.624228 0.614712 0.004630 0.003086
0 0.569059 0.613169 0.002315 0.002058
0 0.512731 0.614198 0.003858 0.006173
0 0.848765 0.611626 0.004630 0.007202
0 0.645062 0.608025 0.001543 0.002058
0 0.812114 0.610597 0.005401 0.009259
0 0.505787 0.606481 0.000772 0.001029
0 0.547068 0.619856 0.016975 0.031893
0 0.509259 0.602366 0.003086 0.005144
0 0.554398 0.596193 0.002315 0.003086
0 0.636574 0.595165 0.003086 0.003086
0 0.632330 0.597222 0.002315 0.007202
0 0.628086 0.595679 0.003086 0.004115
0 0.648534 0.597222 0.005401 0.013374
0 0.677855 0.598765 0.023920 0.028807
0 0.499228 0.586420 0.004630 0.004115
0 0.660494 0.584362 0.003086 0.004115
0 0.630015 0.585905 0.003858 0.009259
0 0.262731 0.584362 0.006944 0.018519
0 0.487654 0.572016 0.003086 0.004115
0 0.636574 0.569444 0.003086 0.003086
0 0.480324 0.569959 0.005401 0.010288
0 0.636574 0.563786 0.001543 0.002058
0 0.631173 0.565844 0.007716 0.010288
0 0.649691 0.567901 0.020062 0.018519
0 0.505401 0.560700 0.003086 0.004115
0 0.284722 0.556584 0.003086 0.004115
0 0.251929 0.557099 0.005401 0.011317
0 0.751929 0.561214 0.010031 0.023663
0 0.646991 0.551440 0.002315 0.004115
0 0.272377 0.556584 0.016975 0.018519
0 0.272377 0.556070 0.002315 0.004115
0 0.763503 0.546811 0.011574 0.013374
0 0.672068 0.525720 0.013889 0.012346
0 0.660108 0.523663 0.008488 0.012346
0 0.232253 0.521605 0.004630 0.008230
0 0.643133 0.528807 0.017747 0.026749
0 0.629244 0.520576 0.010031 0.012346
0 0.243441 0.518004 0.006944 0.009259
0 0.255401 0.507716 0.006173 0.005144
0 0.240741 0.507202 0.004630 0.006173
0 0.658565 0.498457 0.002315 0.003086
0 0.240355 0.492284 0.006944 0.009259
0 0.653935 0.493313 0.016204 0.015432
0 0.668210 0.482510 0.004630 0.008230
0 0.686728 0.469650 0.001543 0.001029
0 0.680556 0.470165 0.001543 0.002058
0 0.659722 0.476337 0.007716 0.014403
0 0.653164 0.466049 0.006944 0.006173
0 0.395062 0.466564 0.004630 0.007202
0 0.657022 0.460391 0.000772 0.001029
0 0.662809 0.460391 0.001543 0.003086
0 0.361111 0.448045 0.003086 0.005144
0 0.682099 0.446502 0.006173 0.008230
0 0.672840 0.451132 0.010802 0.017490
0 0.469136 0.435700 0.001543 0.001029
0 0.502315 0.438786 0.012346 0.013374
0 0.466821 0.433128 0.001543 0.002058
0 0.501543 0.421811 0.010802 0.012346
0 0.483796 0.426955 0.013889 0.022634
0 0.474151 0.406379 0.003858 0.012346
0 0.567515 0.385288 0.000772 0.001029
0 0.564043 0.385288 0.004630 0.003086
0 0.459491 0.384774 0.002315 0.006173
0 0.498071 0.379115 0.003858 0.005144
0 0.485725 0.387346 0.008488 0.021605
0 0.468750 0.382716 0.011574 0.024691
0 0.434028 0.361111 0.011574 0.010288
0 0.562500 0.354424 0.001543 0.003086
0 0.537037 0.363169 0.013889 0.022634
0 0.543210 0.352881 0.007716 0.012346
0 0.521991 0.362140 0.014660 0.034979
0 0.552469 0.346708 0.007716 0.012346
0 0.546296 0.341564 0.001543 0.002058
0 0.491127 0.337963 0.005401 0.009259
0 0.517361 0.335391 0.003858 0.008230
0 0.459877 0.346708 0.043210 0.032922
0 0.690201 0.334877 0.006944 0.011317
0 0.230324 0.334877 0.008488 0.011317
0 0.672068 0.323045 0.003086 0.004115
0 0.682099 0.320988 0.001543 0.002058
0 0.303241 0.324588 0.006173 0.009259
0 0.652006 0.319959 0.003086 0.004115
0 0.413194 0.322531 0.006944 0.013374
0 0.460262 0.316872 0.002315 0.004115
0 0.542438 0.324074 0.012346 0.020576
0 0.511574 0.314815 0.001543 0.002058
0 0.769290 0.313786 0.001543 0.002058
0 0.330633 0.312243 0.006944 0.005144
0 0.526235 0.309156 0.001543 0.001029
0 0.665509 0.310700 0.003858 0.006173
0 0.503086 0.308642 0.004630 0.006173
0 0.642747 0.305041 0.001543 0.001029
0 0.401620 0.313272 0.010031 0.017490
0 0.681327 0.306070 0.004630 0.005144
0 0.660880 0.305041 0.002315 0.003086
0 0.430170 0.334877 0.028549 0.062757
0 0.762346 0.307613 0.006173 0.010288
0 0.488426 0.304527 0.006173 0.006173
0 0.688657 0.304012 0.005401 0.007202
0 0.824846 0.299383 0.001543 0.002058
0 0.762346 0.295267 0.001543 0.002058
0 0.780478 0.304012 0.010031 0.021605
0 0.750772 0.295267 0.003086 0.008230
0 0.732253 0.291667 0.004630 0.005144
0 0.412037 0.292181 0.003086 0.008230
0 0.517747 0.290123 0.001543 0.006173
0 0.727623 0.288580 0.003086 0.005144
0 0.406250 0.292695 0.003858 0.013374
0 0.389660 0.292695 0.018519 0.013374
0 0.737269 0.295267 0.011574 0.020576
0 0.549383 0.301955 0.015432 0.033951
0 0.478781 0.286523 0.002315 0.003086
0 0.359182 0.302984 0.047068 0.038066
0 0.361111 0.299897 0.002315 0.004115
0 0.475309 0.284465 0.003086 0.007202
0 0.467207 0.280864 0.000772 0.002058
0 0.390046 0.280864 0.002315 0.004115
0 0.382330 0.281379 0.003858 0.007202
0 0.479938 0.277263 0.001543 0.001029
0 0.742670 0.274177 0.000772 0.001029
0 0.542824 0.277778 0.005401 0.008230
0 0.405864 0.275206 0.003086 0.003086
0 0.661265 0.289609 0.043210 0.033951
0 0.230324 0.276749 0.003858 0.008230
0 0.399691 0.274691 0.006173 0.006173
0 0.458719 0.273148 0.003858 0.005144
0 0.419753 0.273148 0.004630 0.005144
0 0.570988 0.271605 0.001543 0.004115
0 0.448688 0.277263 0.014660 0.015432
0 0.331019 0.271091 0.003086 0.003086
0 0.341435 0.270576 0.003858 0.008230
0 0.277778 0.270576 0.004630 0.008230
0 0.532022 0.278807 0.016204 0.026749
0 0.530093 0.277263 0.003858 0.004115
0 0.488040 0.268004 0.003858 0.005144
0 0.375772 0.269033 0.006173 0.007202
0 0.554012 0.277263 0.013889 0.025720
0 0.521219 0.270062 0.003858 0.011317
0 0.563657 0.264918 0.002315 0.003086
0 0.225309 0.267490 0.004630 0.010288
0 0.517747 0.262860 0.001543 0.003086
0 0.539738 0.265432 0.006944 0.010288
0 0.434028 0.260802 0.000772 0.001029
0 0.340278 0.259774 0.001543 0.001029
0 0.530093 0.260802 0.004630 0.005144
0 0.469907 0.259774 0.007716 0.009259
0 0.373843 0.259259 0.002315 0.008230
0 0.422068 0.255144 0.001543 0.002058
0 0.608796 0.257202 0.006173 0.008230
0 0.479167 0.256687 0.006173 0.007202
0 0.517747 0.251543 0.001543 0.001029
0 0.619985 0.249486 0.005401 0.005144
0 0.501543 0.246914 0.001543 0.002058
0 0.464120 0.246399 0.000772 0.001029
0 0.483025 0.248457 0.003086 0.007202
0 0.385417 0.243313 0.002315 0.003086
0 0.370756 0.240741 0.000772 0.002058
0 0.358796 0.240741 0.001543 0.002058
0 0.403549 0.238169 0.001543 0.003086
0 0.479552 0.237140 0.000772 0.003086
0 0.460262 0.239198 0.010031 0.009259
0 0.369985 0.233025 0.000772 0.001029
0 0.537423 0.243313 0.014660 0.023663
0 0.434799 0.232510 0.002315 0.002058
0 0.335262 0.244342 0.020833 0.029835
0 0.391975 0.228909 0.001543 0.001029
0 0.349923 0.230967 0.003858 0.005144
0 0.500000 0.228909 0.003086 0.003086
0 0.377701 0.233539 0.011574 0.012346
0 0.373071 0.228395 0.002315 0.004115
0 0.446373 0.225309 0.000772 0.002058
0 0.442515 0.225309 0.000772 0.002058
0 0.449074 0.221193 0.003086 0.004115
0 0.507716 0.222222 0.006173 0.008230
0 0.422068 0.218107 0.001543 0.002058
0 0.481481 0.216564 0.001543 0.001029
0 0.652006 0.230967 0.024691 0.033951
0 0.457562 0.213477 0.001543 0.001029
0 0.461420 0.221708 0.012346 0.019547
0 0.488812 0.220165 0.022377 0.018519
0 0.492284 0.207819 0.001543 0.004115
0 0.415895 0.210905 0.004630 0.010288
0 0.337963 0.206276 0.001543 0.001029
0 0.337963 0.201646 0.001543 0.002058
0 0.427083 0.202675 0.008488 0.008230
0 0.420910 0.199074 0.002315 0.005144
0 0.404707 0.209362 0.022377 0.031893
0 0.379630 0.193416 0.003086 0.002058
0 0.372299 0.194959 0.003858 0.005144
0 0.453318 0.199588 0.013117 0.016461
0 0.363040 0.193416 0.002315 0.004115
0 0.506559 0.192901 0.003858 0.007202
0 0.389660 0.191358 0.003086 0.004115
0 0.437500 0.189300 0.003086 0.006173
0 0.352623 0.196502 0.013889 0.030864
0 0.365741 0.177469 0.001543 0.001029
0 0.386960 0.177984 0.010031 0.014403
0 0.495756 0.168724 0.014660 0.004115
0 0.472608 0.163066 0.008488 0.011317
0 0.439429 0.147634 0.002315 0.005144
0 0.482639 0.145062 0.005401 0.006173
0 0.487269 0.142490 0.002315 0.003086
0 0.463349 0.150206 0.027006 0.020576
0 0.463349 0.153807 0.003086 0.004115
0 0.460262 0.152778 0.001543 0.002058
0 0.462963 0.150720 0.002315 0.002058
0 0.493827 0.141461 0.003086 0.005144
0 0.432870 0.140432 0.001543 0.003086
0 0.461420 0.137860 0.003086 0.004115
0 0.485340 0.135802 0.001543 0.004115
0 0.445216 0.135802 0.004630 0.004115
0 0.437500 0.137346 0.003086 0.009259
0 0.449460 0.131173 0.002315 0.005144
0 0.433256 0.123457 0.003858 0.006173
0 0.468750 0.119342 0.005401 0.006173
0 0.449846 0.117284 0.004630 0.012346
1 0.526620 0.875000 0.019290 0.013374
1 0.482639 0.872942 0.016204 0.015432
1 0.683256 0.746914 0.014660 0.014403
1 0.684414 0.746914 0.003858 0.005144
1 0.422454 0.755658 0.014660 0.038066
1 0.343364 0.728395 0.010802 0.008230
1 0.317901 0.730453 0.009259 0.014403
1 0.353009 0.827675 0.418981 0.245885
1 0.435571 0.790638 0.001543 0.002058
1 0.433256 0.789609 0.001543 0.002058
1 0.431713 0.788580 0.001543 0.002058
1 0.304012 0.692901 0.016975 0.017490
1 0.776620 0.615226 0.016204 0.028807
1 0.863812 0.584877 0.000772 0.001029
1 0.711420 0.596193 0.021605 0.023663
1 0.852623 0.588992 0.016975 0.025720
1 0.777392 0.581276 0.013117 0.012346
1 0.705633 0.570988 0.020833 0.030864
1 0.706019 0.579218 0.002315 0.003086
1 0.425540 0.551440 0.014660 0.016461
1 0.664352 0.541152 0.007716 0.010288
1 0.677469 0.544753 0.012346 0.027778
1 0.783951 0.542695 0.016975 0.029835
1 0.703704 0.536523 0.010802 0.021605
1 0.730710 0.533951 0.026235 0.043210
1 0.684414 0.511317 0.024691 0.016461
1 0.688272 0.490226 0.012346 0.021605
1 0.881173 0.483025 0.013889 0.025720
1 0.883102 0.483539 0.004630 0.003086
1 0.866898 0.452160 0.000772 0.001029
1 0.751543 0.446502 0.033951 0.030864
1 0.754630 0.417695 0.010802 0.016461
1 0.868827 0.393004 0.001543 0.002058
1 0.865355 0.389403 0.002315 0.003086
1 0.858796 0.396605 0.015432 0.025720
1 0.709877 0.396091 0.016975 0.039095
1 0.792824 0.307099 0.003858 0.003086
1 0.798997 0.298354 0.016204 0.032922
1 0.796296 0.277263 0.001543 0.003086
1 0.836806 0.294239 0.022377 0.039095
1 0.794367 0.275720 0.000772 0.002058
1 0.683642 0.254630 0.009259 0.013374
1 0.371528 0.256173 0.048611 0.022634
1 0.613812 0.199588 0.020833 0.018519
1 0.419753 0.159465 0.035494 0.008230
1 0.473765 0.065329 0.009259 0.013374
1 0.450231 0.057613 0.008488 0.008230
3 0.687500 0.941872 0.003086 0.005144
3 0.588349 0.862654 0.002315 0.003086
3 0.660108 0.825617 0.008488 0.013374
3 0.488040 0.820473 0.003858 0.005144
3 0.624614 0.808642 0.008488 0.006173
3 0.534722 0.801955 0.004630 0.007202
3 0.610725 0.794753 0.005401 0.007202
3 0.500772 0.764403 0.003086 0.004115
3 0.486883 0.731996 0.003086 0.003086
3 0.488040 0.726852 0.003858 0.003086
3 0.553241 0.726852 0.015432 0.011317
3 0.484954 0.716049 0.005401 0.008230
3 0.406636 0.711420 0.006173 0.011317
3 0.346451 0.705761 0.003086 0.002058
3 0.630401 0.711934 0.015432 0.016461
3 0.626543 0.707819 0.002315 0.003086
3 0.495756 0.704733 0.005401 0.004115
3 0.358796 0.702675 0.003086 0.006173
3 0.379630 0.693930 0.003086 0.005144
3 0.364969 0.688272 0.003086 0.004115
3 0.255787 0.689300 0.011574 0.010288
3 0.290509 0.684671 0.003858 0.003086
3 0.223765 0.688272 0.006173 0.010288
3 0.273920 0.682099 0.004630 0.004115
3 0.365741 0.680556 0.003086 0.003086
3 0.166281 0.679527 0.003858 0.005144
3 0.358410 0.677984 0.002315 0.004115
3 0.217593 0.673868 0.003086 0.004115
3 0.677855 0.670782 0.013117 0.020576
3 0.598765 0.665123 0.007716 0.009259
3 0.417824 0.663066 0.006944 0.005144
3 0.363812 0.664609 0.005401 0.008230
3 0.655478 0.662037 0.010031 0.009259
3 0.388503 0.657407 0.013117 0.016461
3 0.152778 0.655864 0.007716 0.013374
3 0.684799 0.650720 0.002315 0.005144
3 0.542052 0.648148 0.002315 0.004115
3 0.550926 0.647119 0.003086 0.004115
3 0.314429 0.647634 0.013117 0.011317
3 0.277778 0.643004 0.006173 0.006173
3 0.690972 0.640947 0.006944 0.006173
3 0.317515 0.633745 0.006944 0.008230
3 0.822917 0.633745 0.006944 0.012346
3 0.430941 0.623457 0.002315 0.002058
3 0.684799 0.626543 0.006944 0.010288
3 0.425540 0.622942 0.005401 0.003086
3 0.332562 0.625000 0.009259 0.007202
3 0.523148 0.619856 0.006173 0.011317
3 0.357639 0.609053 0.002315 0.004115
3 0.538194 0.605453 0.005401 0.005144
3 0.325617 0.604938 0.004630 0.008230
3 0.789738 0.596708 0.002315 0.002058
3 0.457176 0.600823 0.017747 0.010288
3 0.489198 0.595679 0.004630 0.006173
3 0.459877 0.593621 0.001543 0.002058
3 0.640432 0.592078 0.010802 0.011317
3 0.430941 0.579733 0.002315 0.003086
3 0.639275 0.579733 0.011574 0.013374
3 0.723765 0.563272 0.003086 0.003086
3 0.344907 0.566358 0.007716 0.009259
3 0.320988 0.562757 0.003086 0.004115
3 0.793596 0.552469 0.002315 0.004115
3 0.803241 0.545267 0.001543 0.002058
3 0.651620 0.544239 0.002315 0.004115
3 0.796682 0.544753 0.003858 0.009259
3 0.469136 0.549897 0.012346 0.019547
3 0.815972 0.539609 0.003858 0.007202
3 0.820602 0.534465 0.000772 0.001029
3 0.814429 0.526235 0.003858 0.005144
3 0.549769 0.512860 0.005401 0.009259
3 0.310571 0.509774 0.005401 0.005144
3 0.298611 0.501029 0.004630 0.006173
3 0.292438 0.498971 0.003086 0.004115
3 0.633873 0.493313 0.005401 0.007202
3 0.711034 0.488169 0.002315 0.003086
3 0.724537 0.487140 0.006173 0.007202
3 0.851466 0.477881 0.008488 0.007202
3 0.329090 0.477881 0.006944 0.009259
3 0.855324 0.472737 0.000772 0.001029
3 0.711420 0.473251 0.003086 0.008230
3 0.693287 0.467593 0.008488 0.009259
3 0.584877 0.464506 0.009259 0.009259
3 0.836806 0.458333 0.002315 0.003086
3 0.552469 0.458333 0.006173 0.007202
3 0.828318 0.449074 0.002315 0.005144
3 0.831790 0.447016 0.009259 0.015432
3 0.774691 0.437757 0.003086 0.003086
3 0.510802 0.431584 0.004630 0.007202
3 0.675154 0.423868 0.009259 0.008230
3 0.603395 0.414095 0.003086 0.003086
3 0.699074 0.412551 0.006173 0.004115
3 0.609568 0.407922 0.003086 0.003086
3 0.668981 0.397634 0.003086 0.005144
3 0.691358 0.394547 0.007716 0.007202
3 0.667438 0.388889 0.004630 0.006173
3 0.649306 0.391975 0.006944 0.024691
3 0.716049 0.380144 0.006173 0.007202
3 0.703318 0.372942 0.003858 0.007202
3 0.806713 0.373457 0.010031 0.012346
3 0.680170 0.368827 0.003858 0.007202
3 0.804012 0.362654 0.003086 0.003086
3 0.718364 0.364198 0.006173 0.006173
3 0.859182 0.361626 0.005401 0.005144
3 0.571759 0.360082 0.012346 0.008230
3 0.856096 0.355967 0.002315 0.002058
3 0.730324 0.353395 0.002315 0.003086
3 0.730710 0.341564 0.009259 0.012346
3 0.852238 0.342078 0.020833 0.019547
3 0.856096 0.331790 0.000772 0.001029
3 0.834491 0.333333 0.005401 0.008230
3 0.741898 0.329733 0.000772 0.001029
3 0.859182 0.327160 0.005401 0.008230
3 0.853009 0.324074 0.002315 0.002058
3 0.832948 0.325617 0.002315 0.005144
3 0.864969 0.324074 0.004630 0.004115
3 0.728781 0.325103 0.005401 0.006173
3 0.588349 0.326646 0.008488 0.013374
3 0.836034 0.322016 0.005401 0.006173
3 0.820988 0.316358 0.003086 0.003086
3 0.853009 0.314815 0.000772 0.002058
3 0.856096 0.316358 0.006944 0.009259
3 0.669753 0.312243 0.004630 0.005144
3 0.817130 0.306584 0.001543 0.002058
3 0.817130 0.299897 0.001543 0.001029
3 0.240355 0.290638 0.003858 0.007202
3 0.284722 0.291152 0.007716 0.014403
3 0.761960 0.284979 0.006944 0.012346
3 0.281250 0.260288 0.002315 0.006173
3 0.674769 0.256687 0.000772 0.001029
3 0.705247 0.250514 0.001543 0.003086
3 0.701389 0.252572 0.003086 0.007202
3 0.688272 0.245370 0.001543 0.003086
3 0.563272 0.249486 0.007716 0.013374
3 0.691744 0.243313 0.002315 0.003086
3 0.577546 0.243313 0.003858 0.005144
3 0.292438 0.245885 0.013889 0.012346
3 0.687500 0.227366 0.001543 0.002058
3 0.586420 0.226337 0.003086 0.004115
3 0.684028 0.224280 0.000772 0.002058
3 0.695602 0.222737 0.002315 0.003086
3 0.701003 0.223765 0.002315 0.007202
3 0.520062 0.219136 0.007716 0.010288
3 0.764660 0.213477 0.001543 0.001029
3 0.369985 0.212963 0.013117 0.012346
3 0.780478 0.200617 0.003858 0.006173
3 0.741512 0.142490 0.006173 0.009259
3 0.635417 0.132716 0.005401 0.006173
3 0.549383 0.085905 0.009259 0.009259
3 0.454090 0.081790 0.003858 0.005144
3 0.530478 0.065844 0.008488 0.016461