1 0.637451 0.842122 0.020996 0.022786
1 0.538574 0.798503 0.027344 0.046224
1 0.809814 0.298503 0.012207 0.041016
1 0.644287 0.245443 0.013184 0.023438
1 0.579834 0.201823 0.010254 0.014323
2 0.446289 0.264648 0.016602 0.041016
2 0.424805 0.222331 0.017578 0.033203
3 0.512207 0.654297 0.003906 0.005208
3 0.590088 0.558594 0.006348 0.006510
3 0.774658 0.256510 0.005371 0.006510
3 0.459961 0.245117 0.011719 0.011068
3 0.562012 0.190104 0.006836 0.007813
3 0.391357 0.167318 0.006348 0.006510
3 0.642822 0.149414 0.007324 0.008464