0 0.339844 0.747396 0.005859 0.006510
0 0.269775 0.571615 0.005371 0.007813
0 0.244385 0.461914 0.003418 0.005859
0 0.181396 0.451497 0.016113 0.014974
0 0.187500 0.434245 0.004883 0.006510
0 0.327637 0.381836 0.023438 0.021484
0 0.318604 0.367839 0.028809 0.029948
0 0.309082 0.360677 0.003906 0.006510
0 0.330811 0.347982 0.005371 0.005859
0 0.472656 0.332682 0.005859 0.010417
0 0.457275 0.328776 0.004395 0.006510
0 0.444092 0.326172 0.008301 0.010417
0 0.432373 0.319336 0.001465 0.001953
0 0.459229 0.319010 0.006348 0.007813
0 0.441406 0.309896 0.004883 0.003906
0 0.462891 0.307943 0.003906 0.007813
0 0.453857 0.309896 0.007324 0.013021
0 0.457275 0.289388 0.001465 0.001953
0 0.463867 0.292643 0.004883 0.013672
0 0.428711 0.285807 0.003906 0.006510
0 0.450439 0.279948 0.017090 0.016927
0 0.456299 0.267578 0.002441 0.002604
0 0.457275 0.262044 0.001465 0.001953
1 0.377930 0.740234 0.007813 0.006510
1 0.291260 0.315430 0.009277 0.014974
3 0.440430 0.108398 0.004883 0.007161