1 0.408951 0.852623 0.012346 0.016975
1 0.336163 0.856867 0.016975 0.036265
1 0.647119 0.338349 0.009259 0.016204
1 0.377315 0.135031 0.005658 0.015432
1 0.465792 0.069444 0.010802 0.013889
3 0.677726 0.787037 0.001543 0.003086
3 0.622428 0.738812 0.004115 0.005401
3 0.568673 0.722994 0.005658 0.007716
3 0.699846 0.651235 0.003601 0.007716
3 0.699846 0.545910 0.003601 0.006944
3 0.685957 0.526235 0.002572 0.004630
3 0.724023 0.510417 0.004630 0.005401
3 0.705761 0.471836 0.002058 0.002315
3 0.371914 0.461420 0.004115 0.006173
3 0.469907 0.302469 0.002572 0.004630
3 0.461420 0.275077 0.003086 0.005401
3 0.522891 0.216435 0.003601 0.006944
3 0.524434 0.195988 0.003601 0.006173
3 0.535494 0.186728 0.002058 0.003086
3 0.538580 0.182485 0.003086 0.002315
3 0.527263 0.182099 0.003086 0.003086
3 0.503858 0.133873 0.002572 0.002315
3 0.408179 0.094522 0.002572 0.005401