0 0.537109 0.781250 0.003906 0.003906
0 0.549316 0.779622 0.001953 0.004557
0 0.582520 0.753906 0.001953 0.003906
0 0.525879 0.749674 0.001953 0.003255
0 0.553711 0.749349 0.003906 0.003906
0 0.604248 0.742513 0.006348 0.009766
0 0.536621 0.728841 0.001953 0.004557
0 0.647705 0.721029 0.001465 0.001953
0 0.526123 0.714193 0.001465 0.001302
0 0.608154 0.713542 0.005371 0.007813
0 0.562012 0.706380 0.001953 0.002604
0 0.522217 0.701823 0.003418 0.003906
0 0.615967 0.698568 0.001465 0.001302
0 0.642822 0.696615 0.004395 0.003906
0 0.631836 0.693034 0.001953 0.003255
0 0.646240 0.688802 0.001465 0.001302
0 0.566650 0.688802 0.008301 0.011719
0 0.584961 0.680013 0.002930 0.003255
0 0.491699 0.678711 0.001953 0.001953
0 0.647217 0.680664 0.007324 0.008464
0 0.471191 0.677409 0.007813 0.005859
0 0.483398 0.675130 0.003906 0.002604
0 0.409424 0.674479 0.001465 0.002604
0 0.398193 0.675130 0.005371 0.005208
0 0.643555 0.673177 0.002930 0.002604
0 0.535400 0.672526 0.007324 0.003906
0 0.465576 0.672852 0.009277 0.005859
0 0.487793 0.670898 0.004883 0.003255
0 0.401367 0.667969 0.000977 0.001302
0 0.397949 0.668294 0.001953 0.001953
0 0.629395 0.671224 0.005859 0.010417
0 0.503418 0.668945 0.004883 0.005859
0 0.471680 0.668620 0.003906 0.005208
0 0.479492 0.668620 0.003906 0.006510
0 0.498535 0.665039 0.002930 0.004557
0 0.469238 0.662760 0.001953 0.002604
0 0.621094 0.662435 0.002930 0.003255
0 0.506104 0.659831 0.002441 0.001953
0 0.490479 0.660482 0.005371 0.005859
0 0.398193 0.660807 0.004395 0.006510
0 0.383545 0.659180 0.003418 0.004557
0 0.660156 0.656576 0.000977 0.001953
0 0.388672 0.653320 0.001953 0.001953
0 0.667725 0.652018 0.001465 0.001953
0 0.637939 0.650065 0.001465 0.001953
0 0.693359 0.648112 0.000977 0.001953
0 0.398193 0.651042 0.015137 0.011719
0 0.649658 0.646810 0.003418 0.009766
0 0.665283 0.643555 0.003418 0.005859
0 0.649170 0.632487 0.004395 0.005859
0 0.547852 0.626953 0.001953 0.002604
0 0.525635 0.627279 0.004395 0.004557
0 0.520508 0.625977 0.002930 0.001953
0 0.640869 0.623698 0.006348 0.007813
0 0.630127 0.618815 0.001465 0.001953
0 0.641113 0.616536 0.001953 0.002604
0 0.643555 0.614583 0.003906 0.003906
0 0.540283 0.610677 0.002441 0.003906
0 0.546143 0.605469 0.001465 0.001302
0 0.641113 0.602865 0.004883 0.003906
0 0.491699 0.598307 0.002930 0.003906
0 0.487305 0.597331 0.000977 0.001953
0 0.697266 0.597005 0.002930 0.005208
0 0.710449 0.592448 0.000977 0.002604
0 0.364258 0.590169 0.002930 0.003255
0 0.629883 0.590169 0.010742 0.008464
0 0.699219 0.587240 0.004883 0.006510
0 0.473145 0.602865 0.031250 0.037760
0 0.474121 0.613932 0.002930 0.003906
0 0.708740 0.584635 0.001465 0.002604
0 0.691895 0.585286 0.001953 0.003906
0 0.480469 0.586263 0.004883 0.005859
0 0.702637 0.580404 0.003906 0.003255
0 0.663330 0.584635 0.010254 0.011719
0 0.649902 0.578776 0.002930 0.006510
0 0.712158 0.580404 0.004395 0.013672
0 0.706787 0.577474 0.003418 0.007813
0 0.632324 0.574870 0.002930 0.003906
0 0.495850 0.571940 0.002441 0.003255
0 0.490234 0.579102 0.006836 0.017578
0 0.723145 0.568685 0.001953 0.003255
0 0.697998 0.569010 0.004395 0.005208
0 0.487793 0.564779 0.001953 0.003255
0 0.507813 0.564128 0.002930 0.004557
0 0.376953 0.560872 0.005859 0.008464
0 0.368652 0.567057 0.012695 0.020833
0 0.409912 0.554362 0.002441 0.003255
0 0.630615 0.554036 0.003418 0.003906
0 0.626709 0.552734 0.001465 0.002604
0 0.634033 0.551432 0.002441 0.002604
0 0.450439 0.558594 0.018066 0.016927
0 0.524658 0.549154 0.001465 0.001953
0 0.521484 0.548828 0.001953 0.002604
0 0.450439 0.547201 0.001465 0.001953
0 0.637695 0.546549 0.001953 0.003255
0 0.536621 0.544922 0.002930 0.002604
0 0.582520 0.543620 0.000977 0.001302
0 0.453857 0.543620 0.003418 0.003906
0 0.484375 0.542969 0.009766 0.006510
0 0.517822 0.538086 0.001465 0.001953
0 0.502197 0.546224 0.008301 0.019531
0 0.510498 0.539388 0.004395 0.007161
0 0.634033 0.538086 0.005371 0.005859
0 0.446289 0.543620 0.012695 0.018229
0 0.445313 0.543620 0.002930 0.005208
0 0.444580 0.539063 0.003418 0.005208
0 0.608398 0.532878 0.002930 0.003255
0 0.583008 0.527344 0.001953 0.002604
0 0.364502 0.528320 0.006348 0.005859
0 0.613770 0.524089 0.003906 0.003906
0 0.482910 0.528320 0.007813 0.014974
0 0.599609 0.526693 0.005859 0.013021
0 0.517090 0.522135 0.012695 0.007813
0 0.618896 0.513997 0.005371 0.004557
0 0.586426 0.514648 0.005859 0.008464
0 0.494385 0.515625 0.008301 0.010417
0 0.592529 0.512695 0.006348 0.005859
0 0.614258 0.509115 0.001953 0.002604
0 0.538086 0.512370 0.009766 0.009115
0 0.483398 0.508789 0.001953 0.003255
0 0.496338 0.502604 0.003418 0.002604
0 0.460449 0.503255 0.002930 0.003906
0 0.464111 0.500326 0.001465 0.001953
0 0.517334 0.501953 0.003418 0.006510
0 0.576660 0.496419 0.000977 0.001953
0 0.531738 0.498372 0.005859 0.007161
0 0.550049 0.489909 0.001465 0.001953
0 0.538818 0.494466 0.008301 0.011068
0 0.458252 0.493815 0.008301 0.009766
0 0.436279 0.490560 0.004395 0.004557
0 0.407227 0.490560 0.004883 0.008464
0 0.483887 0.490885 0.005859 0.011719
0 0.464355 0.487305 0.004883 0.005859
0 0.553223 0.483724 0.001953 0.002604
0 0.579102 0.483073 0.002930 0.003906
0 0.383057 0.483724 0.002441 0.005208
0 0.510010 0.480143 0.004395 0.004557
0 0.537842 0.481771 0.015137 0.010417
0 0.496582 0.487305 0.015625 0.022786
0 0.497559 0.483724 0.001953 0.002604
0 0.491211 0.483724 0.002930 0.002604
0 0.498535 0.475260 0.002930 0.002604
0 0.489502 0.468750 0.001465 0.001302
0 0.447266 0.467773 0.001953 0.003255
0 0.526367 0.466797 0.001953 0.002604
0 0.555664 0.462891 0.001953 0.002604
0 0.511719 0.465495 0.003906 0.007813
0 0.583008 0.456706 0.000977 0.001953
0 0.596924 0.454427 0.001465 0.001302
0 0.599854 0.453776 0.001465 0.001302
0 0.530762 0.460286 0.013672 0.014323
0 0.578857 0.456380 0.005371 0.009115
0 0.566406 0.459961 0.018555 0.016276
0 0.572021 0.460612 0.002441 0.003255
0 0.568604 0.449544 0.001465 0.001953
0 0.616455 0.416992 0.002441 0.004557
0 0.396729 0.362305 0.001465 0.001953
0 0.391357 0.362956 0.003418 0.004557
0 0.359619 0.360677 0.003418 0.003906
0 0.394043 0.356120 0.002930 0.003906
0 0.351074 0.341146 0.001953 0.006510
0 0.443115 0.314128 0.002441 0.003255
0 0.362793 0.301107 0.003906 0.005859
1 0.597412 0.707357 0.006348 0.004557
1 0.555908 0.683268 0.008301 0.005859
1 0.593018 0.680664 0.003418 0.004557
1 0.593750 0.594076 0.007813 0.008464
1 0.567627 0.587240 0.012207 0.014323
1 0.641113 0.557292 0.011719 0.014323
1 0.643555 0.544596 0.002930 0.005859
1 0.613037 0.539388 0.008301 0.012370
1 0.639893 0.530924 0.020996 0.021484
1 0.641846 0.538737 0.001465 0.003255
1 0.614502 0.470703 0.014160 0.019531
1 0.619141 0.474284 0.001953 0.001953
1 0.612549 0.466797 0.002441 0.002604
1 0.325195 0.230794 0.023438 0.031901
1 0.413818 0.217448 0.007324 0.007813
1 0.334961 0.179362 0.016602 0.016276
3 0.581299 0.623047 0.002441 0.003906
3 0.549805 0.554688 0.001953 0.003906
3 0.401123 0.488281 0.004395 0.006510
3 0.593018 0.471354 0.002441 0.002604
3 0.611328 0.447266 0.001953 0.003906