0 0.231481 0.460648 0.001543 0.004630
0 0.241127 0.457755 0.000772 0.001157
0 0.283565 0.427662 0.002315 0.003472
0 0.230710 0.427662 0.004630 0.005787
0 0.271219 0.423032 0.002315 0.003472
0 0.282022 0.416088 0.002315 0.003472
0 0.236111 0.414931 0.001543 0.001157
0 0.231867 0.413194 0.005401 0.006944
0 0.239969 0.403356 0.001543 0.001157
0 0.260417 0.401620 0.003858 0.006944
0 0.253472 0.400463 0.006944 0.013889
0 0.230710 0.395255 0.003086 0.003472
1 0.297454 0.728009 0.014660 0.023148
1 0.291281 0.460648 0.008488 0.011574
1 0.261574 0.461806 0.007716 0.013889
3 0.282793 0.740162 0.000772 0.001157
3 0.285880 0.475694 0.003858 0.004630
3 0.283951 0.469907 0.001543 0.002315
3 0.280093 0.462384 0.001543 0.003472
3 0.283179 0.459491 0.001543 0.002315