0 0.361497 0.633745 0.002315 0.004115
0 0.370756 0.625000 0.000772 0.001029
0 0.366512 0.622942 0.007716 0.011317
0 0.369985 0.615226 0.002315 0.002058
0 0.363426 0.614198 0.001543 0.004115
0 0.388117 0.607510 0.003086 0.003086
0 0.368441 0.608025 0.002315 0.004115
0 0.376543 0.605453 0.001543 0.003086
0 0.384259 0.603395 0.004630 0.007202
0 0.394676 0.600309 0.003858 0.009259
0 0.360725 0.594136 0.002315 0.003086
0 0.391975 0.589506 0.001543 0.002058
0 0.380015 0.586934 0.006944 0.009259
0 0.372299 0.584362 0.003858 0.006173
0 0.375772 0.575103 0.001543 0.002058
1 0.497685 0.626543 0.012346 0.016461
1 0.394290 0.491770 0.006173 0.014403
1 0.439043 0.075103 0.004630 0.008230
1 0.439429 0.064815 0.002315 0.002058
1 0.443673 0.057099 0.009259 0.013374
1 0.433256 0.051440 0.010031 0.018519
2 0.509645 0.643519 0.014660 0.017490
2 0.684799 0.497428 0.025463 0.046296
3 0.493056 0.652263 0.001543 0.004115
3 0.371142 0.606481 0.003086 0.005144
3 0.416281 0.548868 0.002315 0.003086
3 0.371142 0.531379 0.009259 0.009259
3 0.385417 0.517490 0.005401 0.004115
3 0.384645 0.501543 0.005401 0.007202
3 0.402392 0.487140 0.000772 0.001029
3 0.496528 0.416152 0.003858 0.007202
3 0.237654 0.390432 0.001543 0.003086
3 0.522762 0.369856 0.003858 0.005144