0 0.407715 0.332357 0.012695 0.013672
0 0.412598 0.326172 0.001953 0.003906
0 0.394287 0.300456 0.004395 0.004557
0 0.433105 0.309570 0.008789 0.027995
0 0.415527 0.295573 0.003906 0.006510
0 0.436035 0.292969 0.001953 0.002604
0 0.424316 0.290039 0.005859 0.004557
0 0.413330 0.288086 0.001465 0.001953
0 0.545898 0.288086 0.004883 0.005859
0 0.405029 0.287435 0.002441 0.004557
0 0.529297 0.282227 0.006836 0.011068
0 0.544189 0.276693 0.004395 0.003906
0 0.534668 0.275065 0.001953 0.001953
0 0.520508 0.279297 0.007813 0.013021
0 0.396973 0.275391 0.006836 0.010417
0 0.511230 0.271484 0.003906 0.005208
1 0.419678 0.767578 0.006348 0.010417
1 0.395508 0.668620 0.009766 0.013021
1 0.626953 0.509766 0.007813 0.014323
1 0.657471 0.383138 0.011230 0.013672
1 0.443115 0.343750 0.011230 0.007813
1 0.424316 0.330729 0.002930 0.005208
2 0.427002 0.392253 0.004395 0.005859
2 0.435791 0.382161 0.003418 0.003906
2 0.427979 0.380534 0.001465 0.001953
2 0.425293 0.375326 0.001953 0.003255
2 0.425049 0.372396 0.001465 0.001302
2 0.409912 0.388997 0.025879 0.037109
2 0.406494 0.379232 0.004395 0.007161
3 0.520020 0.713867 0.007813 0.005859
3 0.556885 0.702148 0.001465 0.001953
3 0.390869 0.701497 0.001465 0.001953
3 0.306152 0.666992 0.001953 0.005859
3 0.276123 0.655273 0.003418 0.003255
3 0.294922 0.577474 0.001953 0.003906
3 0.268311 0.572591 0.003418 0.005859
3 0.519775 0.504232 0.006348 0.012370
3 0.497559 0.479492 0.001953 0.001953
3 0.245605 0.475586 0.003906 0.005859
3 0.315918 0.355143 0.007813 0.011068