0 0.312619 0.520476 0.015714 0.009524
0 0.367143 0.520952 0.018095 0.012381
0 0.330952 0.513810 0.007619 0.003810
0 0.347143 0.515238 0.009524 0.008571
0 0.430476 0.510000 0.003810 0.003810
0 0.410952 0.517619 0.101905 0.030476
0 0.415238 0.505714 0.006667 0.008571
0 0.281667 0.506429 0.010000 0.012857
0 0.476190 0.503095 0.014286 0.015714
0 0.441429 0.496905 0.002857 0.003333
0 0.376190 0.486429 0.046667 0.026190
0 0.383333 0.475714 0.001905 0.001905
0 0.450952 0.466429 0.016190 0.015714
0 0.429286 0.479524 0.085238 0.053333
0 0.270476 0.439048 0.008571 0.016190
0 0.368333 0.419762 0.044286 0.033810
3 0.301429 0.374524 0.010476 0.009048