1 0.573302 0.896412 0.004630 0.008102
1 0.655093 0.847222 0.006173 0.013889
1 0.396219 0.846644 0.013117 0.017361
1 0.445216 0.766782 0.009259 0.015046
1 0.361111 0.763889 0.009259 0.018519
1 0.573688 0.751736 0.005401 0.005787
1 0.496528 0.747685 0.003858 0.006944
1 0.530864 0.748264 0.006173 0.010417
1 0.434028 0.744213 0.006944 0.011574
1 0.548225 0.734375 0.010031 0.012731
1 0.587191 0.736690 0.035494 0.033565
1 0.440972 0.726852 0.010031 0.013889
1 0.521219 0.714120 0.003858 0.004630
1 0.378858 0.682292 0.007716 0.008102
1 0.299383 0.616898 0.007716 0.013889
1 0.630015 0.392940 0.000772 0.003472
1 0.556713 0.361690 0.000772 0.001157
1 0.565972 0.356481 0.014660 0.011574
1 0.503858 0.319444 0.004630 0.006944
1 0.372685 0.318866 0.003086 0.005787
1 0.511188 0.316551 0.002315 0.003472
1 0.369213 0.309606 0.005401 0.010417
1 0.518519 0.305556 0.003086 0.004630
1 0.511188 0.306134 0.003858 0.008102
1 0.442130 0.252894 0.004630 0.012731
1 0.514660 0.230903 0.010802 0.010417
1 0.500386 0.204861 0.020833 0.023148
1 0.638117 0.129051 0.007716 0.012731
1 0.441744 0.102431 0.006944 0.017361
1 0.512346 0.086806 0.013889 0.016204
1 0.511960 0.086806 0.003086 0.003472
2 0.534336 0.763889 0.011574 0.023148
2 0.296682 0.765046 0.017747 0.027778
2 0.298997 0.768519 0.003086 0.003472
2 0.286265 0.748843 0.001543 0.002315
2 0.279707 0.725116 0.020833 0.033565
2 0.604552 0.681134 0.020833 0.047454
2 0.612269 0.664931 0.001543 0.006944
2 0.245756 0.627315 0.016204 0.020833
2 0.250386 0.589120 0.027006 0.037037
2 0.253858 0.584491 0.003858 0.005787
2 0.483796 0.534144 0.020062 0.035880
2 0.284336 0.517361 0.027006 0.050926
2 0.275849 0.524306 0.003086 0.003472
2 0.212577 0.436343 0.014660 0.032407
2 0.245370 0.368634 0.026235 0.049769
2 0.564815 0.331597 0.043210 0.035880
2 0.547454 0.336227 0.001543 0.002315
2 0.562500 0.332176 0.002315 0.003472
2 0.580247 0.320602 0.002315 0.003472
2 0.609182 0.329861 0.020833 0.037037
2 0.626929 0.287616 0.010031 0.015046
2 0.378086 0.278935 0.038580 0.046296
2 0.373457 0.284722 0.003858 0.005787
2 0.367284 0.277199 0.005401 0.009259
2 0.389275 0.272569 0.001543 0.004630
2 0.342978 0.235532 0.014660 0.035880
2 0.372685 0.210648 0.026235 0.027778
2 0.435957 0.195023 0.026235 0.031250
2 0.596451 0.178241 0.046296 0.025463
2 0.610340 0.183449 0.002315 0.002315
2 0.483796 0.181134 0.024691 0.033565
2 0.350694 0.164931 0.010031 0.024306
2 0.347222 0.143519 0.006173 0.013889
2 0.501543 0.129051 0.016975 0.017361
2 0.347994 0.122106 0.007716 0.010417
3 0.528549 0.896991 0.001543 0.002315
3 0.491127 0.882523 0.002315 0.003472
3 0.494213 0.844329 0.003858 0.003472
3 0.495756 0.833333 0.002315 0.002315
3 0.457948 0.829861 0.003858 0.002315
3 0.469136 0.811343 0.003086 0.002315
3 0.472222 0.810185 0.001543 0.002315
3 0.370756 0.804977 0.002315 0.005787
3 0.388889 0.798032 0.001543 0.003472
3 0.373843 0.796296 0.003858 0.004630
3 0.449074 0.787037 0.004630 0.004630
3 0.429012 0.779514 0.003086 0.003472
3 0.437886 0.773727 0.000772 0.001157
3 0.285494 0.777778 0.006173 0.009259
3 0.422840 0.773727 0.003086 0.005787
3 0.704861 0.760995 0.000772 0.001157
3 0.426698 0.761574 0.001543 0.002315
3 0.700617 0.758681 0.004630 0.005787
3 0.336806 0.751157 0.002315 0.002315
3 0.497685 0.750000 0.003086 0.006944
3 0.450617 0.733218 0.001543 0.005787
3 0.335648 0.726273 0.001543 0.003472
3 0.452160 0.724537 0.001543 0.002315
3 0.401620 0.722801 0.002315 0.003472
3 0.454090 0.717014 0.000772 0.001157
3 0.340278 0.719907 0.003086 0.006944
3 0.511188 0.656829 0.002315 0.003472
3 0.520448 0.651042 0.003858 0.003472
3 0.386960 0.648727 0.000772 0.001157
3 0.264660 0.645833 0.001543 0.002315
3 0.499614 0.645833 0.003858 0.004630
3 0.387346 0.643519 0.001543 0.004630
3 0.442515 0.643519 0.003858 0.009259
3 0.511574 0.635417 0.001543 0.002315
3 0.398920 0.625000 0.003086 0.004630
3 0.263889 0.622685 0.003086 0.004630
3 0.483025 0.615741 0.001543 0.002315
3 0.471065 0.614583 0.005401 0.002315
3 0.480710 0.610532 0.003086 0.003472
3 0.484568 0.607060 0.003086 0.003472
3 0.467978 0.608218 0.003858 0.005787
3 0.472222 0.605324 0.001543 0.002315
3 0.459877 0.608218 0.006173 0.008102
3 0.488040 0.603009 0.000772 0.002315
3 0.467978 0.600116 0.003858 0.003472
3 0.508102 0.597801 0.005401 0.008102
3 0.275077 0.593171 0.003858 0.005787
3 0.488040 0.589120 0.002315 0.002315
3 0.508488 0.584491 0.003086 0.004630
3 0.469522 0.587384 0.006944 0.012731
3 0.710262 0.573495 0.002315 0.003472
3 0.306327 0.563657 0.003086 0.004630
3 0.321759 0.556713 0.003086 0.004630
3 0.782022 0.546296 0.000772 0.002315
3 0.278164 0.547454 0.003858 0.004630
3 0.285880 0.542245 0.002315 0.003472
3 0.459877 0.538773 0.001543 0.003472
3 0.658565 0.533565 0.002315 0.002315
3 0.513503 0.527199 0.002315 0.003472
3 0.468750 0.521991 0.003858 0.004630
3 0.454090 0.502894 0.002315 0.005787
3 0.322531 0.494213 0.004630 0.006944
3 0.541281 0.485532 0.003858 0.005787
3 0.486883 0.475694 0.004630 0.006944
3 0.484182 0.458912 0.005401 0.008102
3 0.488426 0.450810 0.004630 0.003472
3 0.490741 0.445602 0.003086 0.002315
3 0.516975 0.448495 0.009259 0.010417
3 0.516590 0.438079 0.000772 0.001157
3 0.484182 0.431134 0.003858 0.001157
3 0.505401 0.431713 0.004630 0.004630
3 0.507716 0.427662 0.003086 0.003472
3 0.528164 0.415509 0.003858 0.002315
3 0.515818 0.402199 0.000772 0.001157
3 0.754244 0.396412 0.003858 0.008102
3 0.516204 0.395255 0.007716 0.008102
3 0.475309 0.392940 0.003086 0.003472
3 0.493827 0.393519 0.006173 0.006944
3 0.518904 0.388889 0.002315 0.002315
3 0.516590 0.384838 0.000772 0.001157
3 0.523920 0.384838 0.004630 0.005787
3 0.483410 0.384259 0.002315 0.004630
3 0.532407 0.381944 0.001543 0.002315
3 0.520448 0.377894 0.002315 0.003472
3 0.429784 0.376736 0.003086 0.005787
3 0.511574 0.375000 0.003086 0.006944
3 0.543596 0.373264 0.005401 0.005787
3 0.614969 0.372106 0.003086 0.005787
3 0.610340 0.359375 0.003086 0.003472
3 0.441744 0.357060 0.005401 0.008102
3 0.640818 0.351273 0.008488 0.005787
3 0.504630 0.321181 0.003086 0.003472
3 0.445216 0.321181 0.001543 0.003472
3 0.462577 0.312500 0.002315 0.002315
3 0.467207 0.309606 0.002315 0.003472
3 0.611883 0.293981 0.004630 0.004630
3 0.615355 0.289352 0.002315 0.002315
3 0.533565 0.285880 0.003858 0.006944
3 0.619213 0.280671 0.000772 0.001157
3 0.638117 0.276042 0.001543 0.001157
3 0.534722 0.277778 0.003086 0.006944
3 0.652006 0.274306 0.001543 0.002315
3 0.638117 0.271991 0.001543 0.002315
3 0.627315 0.273727 0.003086 0.005787
3 0.427083 0.269676 0.002315 0.004630
3 0.374228 0.246528 0.001543 0.002315
3 0.380787 0.228588 0.002315 0.003472
3 0.514660 0.222222 0.004630 0.004630
3 0.497299 0.218171 0.003858 0.003472
3 0.485725 0.206019 0.006944 0.011574
3 0.682485 0.186921 0.000772 0.001157
3 0.519676 0.182870 0.003858 0.004630
3 0.514660 0.177083 0.001543 0.002315
3 0.440586 0.171875 0.003086 0.008102
3 0.497685 0.166088 0.001543 0.001157
3 0.351080 0.164931 0.003086 0.003472
3 0.351080 0.151042 0.003086 0.008102
3 0.678627 0.146412 0.000772 0.001157
3 0.438272 0.133681 0.003086 0.003472
3 0.395062 0.121528 0.006173 0.009259
3 0.435571 0.073495 0.002315 0.003472