0 0.369883 0.654057 0.001462 0.001096
0 0.369152 0.622807 0.001462 0.002193
0 0.277412 0.618969 0.005117 0.009868
0 0.350512 0.606908 0.002193 0.005482
0 0.270833 0.605263 0.006579 0.008772
0 0.370614 0.601974 0.002924 0.004386
0 0.770833 0.600329 0.005117 0.014254
0 0.276316 0.593750 0.002924 0.005482
0 0.366959 0.586623 0.004386 0.006579
0 0.328582 0.598684 0.034357 0.032895
0 0.278874 0.584430 0.008041 0.006579
0 0.381213 0.579496 0.002193 0.003289
0 0.388523 0.580592 0.008041 0.007675
0 0.376096 0.580044 0.006579 0.010965
0 0.312865 0.580044 0.007310 0.015351
0 0.304094 0.582785 0.010234 0.033991
0 0.278874 0.567434 0.005117 0.007675
0 0.355629 0.564145 0.005117 0.007675
0 0.778143 0.561404 0.002193 0.004386
0 0.298611 0.557018 0.003655 0.006579
0 0.273757 0.558662 0.009503 0.009868
0 0.421053 0.559759 0.014620 0.020833
0 0.398757 0.547149 0.002193 0.002193
0 0.369518 0.547149 0.002193 0.006579
0 0.744518 0.542763 0.003655 0.004386
0 0.419225 0.543311 0.003655 0.007675
0 0.268275 0.541667 0.004386 0.008772
0 0.378289 0.535636 0.000731 0.001096
0 0.251462 0.537829 0.007310 0.014254
0 0.367690 0.526864 0.002924 0.005482
0 0.372076 0.524671 0.004386 0.003289
0 0.414839 0.518092 0.002193 0.003289
0 0.288012 0.530702 0.029240 0.037281
0 0.290936 0.536732 0.002193 0.002193
0 0.260965 0.513706 0.001462 0.003289
0 0.370980 0.514254 0.003655 0.010965
0 0.379751 0.501645 0.000731 0.001096
0 0.383406 0.500548 0.002193 0.003289
0 0.266447 0.500548 0.008041 0.014254
0 0.421784 0.493969 0.002924 0.003289
0 0.253655 0.490132 0.001462 0.002193
0 0.354898 0.493969 0.005117 0.016447
0 0.295687 0.489035 0.003655 0.006579
0 0.327485 0.492325 0.021930 0.024123
0 0.297515 0.476974 0.002924 0.006579
0 0.409357 0.475329 0.001462 0.005482
0 0.415936 0.476425 0.002924 0.009868
0 0.378289 0.476425 0.008041 0.009868
0 0.381213 0.471491 0.002193 0.006579
0 0.347953 0.471491 0.007310 0.010965
0 0.400950 0.465461 0.003655 0.007675
0 0.285088 0.467654 0.017544 0.023026
0 0.332237 0.457785 0.003655 0.009868
0 0.402412 0.483553 0.037281 0.065789
0 0.422149 0.453399 0.005117 0.007675
0 0.395468 0.444627 0.005848 0.012061
0 0.425073 0.440241 0.012427 0.018640
0 0.332602 0.433114 0.001462 0.004386
0 0.337354 0.431469 0.002193 0.005482
0 0.306652 0.441886 0.032895 0.032895
0 0.430921 0.415022 0.000731 0.001096
0 0.381579 0.415022 0.002924 0.005482
0 0.363670 0.414474 0.005117 0.006579
0 0.369518 0.427083 0.018275 0.036184
0 0.308114 0.407346 0.006579 0.014254
0 0.342836 0.400219 0.008772 0.010965
0 0.403874 0.391996 0.005117 0.007675
0 0.378655 0.391447 0.007310 0.010965
0 0.330775 0.390899 0.009503 0.012061
0 0.434576 0.388706 0.006579 0.012061
0 0.354167 0.389803 0.022661 0.016447
0 0.285453 0.382127 0.003655 0.007675
0 0.388889 0.381031 0.013158 0.012061
0 0.422149 0.390351 0.019737 0.032895
0 0.304094 0.385417 0.011696 0.029605
0 0.388889 0.365132 0.001462 0.002193
0 0.278143 0.334430 0.003655 0.004386
0 0.275219 0.321820 0.002193 0.005482
0 0.259868 0.321820 0.003655 0.005482
0 0.281067 0.317434 0.003655 0.005482
0 0.264985 0.315241 0.002193 0.003289
0 0.410819 0.309759 0.001462 0.001096
0 0.402047 0.304825 0.002924 0.004386
0 0.294956 0.274123 0.002193 0.004386
0 0.388523 0.262061 0.003655 0.004386
0 0.378655 0.260965 0.005848 0.006579
1 0.451754 0.781798 0.008772 0.008772
1 0.334064 0.770833 0.007310 0.015351
1 0.493787 0.751645 0.006579 0.007675
1 0.380482 0.708882 0.013889 0.020833
1 0.539108 0.600329 0.006579 0.012061
1 0.358187 0.591557 0.004386 0.009868
1 0.526316 0.577303 0.013158 0.012061
1 0.326023 0.538377 0.011696 0.019737
1 0.559942 0.529605 0.004386 0.006579
1 0.549342 0.506031 0.006579 0.005482
1 0.544225 0.500000 0.006579 0.004386
1 0.284722 0.501096 0.013889 0.021930
1 0.281067 0.507127 0.001462 0.002193
1 0.493056 0.466009 0.009503 0.008772
1 0.392909 0.396930 0.009503 0.017544
1 0.403509 0.363487 0.005848 0.007675
1 0.700292 0.262061 0.004386 0.008772
1 0.623904 0.173246 0.005117 0.006579
3 0.501462 0.887061 0.004386 0.004386
3 0.655336 0.862390 0.002193 0.003289
3 0.655336 0.838268 0.002193 0.003289
3 0.575658 0.813048 0.003655 0.007675
3 0.586988 0.787829 0.002924 0.003289
3 0.729532 0.634320 0.002924 0.005482
3 0.764985 0.558662 0.000731 0.001096
3 0.756579 0.513706 0.001462 0.003289
3 0.760234 0.508772 0.001462 0.002193
3 0.770468 0.508772 0.002924 0.004386
3 0.751096 0.504386 0.002193 0.002193
3 0.310307 0.327303 0.000731 0.001096
3 0.383406 0.318531 0.003655 0.003289
3 0.416301 0.316886 0.005117 0.006579
3 0.390351 0.255482 0.002924 0.004386
3 0.303728 0.253838 0.003655 0.007675
3 0.627558 0.190789 0.002193 0.004386
3 0.585161 0.125000 0.002193 0.002193