0 0.344136 0.874421 0.003086 0.005787
0 0.341049 0.864005 0.004630 0.005787
0 0.380015 0.855903 0.002315 0.003472
0 0.403164 0.850116 0.000772 0.001157
0 0.345293 0.850694 0.002315 0.004630
0 0.407022 0.854167 0.008488 0.013889
0 0.337577 0.850694 0.010031 0.006944
0 0.420525 0.848380 0.001543 0.004630
0 0.396991 0.846644 0.000772 0.001157
0 0.403164 0.845486 0.000772 0.001157
0 0.323302 0.848380 0.004630 0.009259
0 0.386574 0.843750 0.001543 0.002315
0 0.370370 0.846065 0.013889 0.011574
0 0.373457 0.847801 0.002315 0.002315
0 0.309028 0.839699 0.000772 0.001157
0 0.400849 0.838542 0.006944 0.008102
0 0.306327 0.835648 0.001543 0.002315
0 0.417824 0.833333 0.000772 0.002315
0 0.423611 0.837384 0.006173 0.012731
0 0.407022 0.828704 0.000772 0.002315
0 0.363040 0.833912 0.013117 0.015046
0 0.417052 0.827546 0.002315 0.004630
0 0.356096 0.826968 0.002315 0.003472
0 0.400077 0.828704 0.005401 0.009259
0 0.410494 0.825231 0.004630 0.004630
0 0.375772 0.824653 0.001543 0.003472
0 0.354938 0.824653 0.001543 0.003472
0 0.418596 0.822338 0.000772 0.001157
0 0.380015 0.822338 0.005401 0.005787
0 0.299383 0.823495 0.003086 0.008102
0 0.337963 0.820602 0.003086 0.004630
0 0.348380 0.827546 0.010031 0.020833
0 0.419753 0.816551 0.001543 0.001157
0 0.381173 0.811921 0.001543 0.001157
0 0.344136 0.810764 0.004630 0.008102
0 0.318287 0.806134 0.000772 0.001157
0 0.404321 0.808449 0.004630 0.008102
0 0.307099 0.805556 0.001543 0.002315
0 0.393133 0.807870 0.006944 0.009259
0 0.312114 0.803241 0.002315 0.002315
0 0.391204 0.800347 0.001543 0.001157
0 0.421682 0.800347 0.002315 0.005787
0 0.347222 0.800347 0.007716 0.008102
0 0.319059 0.798611 0.005401 0.006944
0 0.301312 0.795718 0.000772 0.001157
0 0.397377 0.791088 0.001543 0.001157
0 0.307485 0.793981 0.008488 0.006944
0 0.402778 0.794560 0.009259 0.010417
0 0.310571 0.788194 0.000772 0.002315
0 0.389275 0.789352 0.005401 0.006944
0 0.344136 0.786458 0.001543 0.003472
0 0.337963 0.784722 0.001543 0.002315
0 0.396991 0.784722 0.003858 0.006944
0 0.353395 0.787037 0.010802 0.018519
0 0.355324 0.787616 0.001543 0.002315
0 0.305941 0.782986 0.006944 0.010417
0 0.429784 0.779514 0.007716 0.010417
0 0.364583 0.774884 0.000772 0.001157
0 0.607639 0.775463 0.002315 0.009259
0 0.420139 0.771412 0.002315 0.003472
0 0.431327 0.770833 0.003086 0.004630
0 0.357253 0.768519 0.001543 0.002315
0 0.406250 0.777778 0.013117 0.023148
0 0.396991 0.771412 0.008488 0.015046
0 0.435957 0.764468 0.001543 0.003472
0 0.368056 0.766782 0.016975 0.015046
0 0.369985 0.766204 0.001543 0.003472
0 0.273534 0.760417 0.002315 0.002315
0 0.438657 0.759259 0.002315 0.002315
0 0.361497 0.761574 0.005401 0.006944
0 0.366127 0.756366 0.000772 0.001157
0 0.379244 0.760417 0.005401 0.016204
0 0.361883 0.754630 0.003086 0.004630
0 0.404321 0.759259 0.007716 0.016204
0 0.389660 0.755787 0.012346 0.011574
0 0.386188 0.755787 0.001543 0.003472
0 0.389275 0.742477 0.005401 0.005787
0 0.255401 0.728009 0.001543 0.002315
0 0.279707 0.701389 0.010031 0.016204
0 0.359954 0.696759 0.008488 0.016204
0 0.510802 0.671296 0.012346 0.016204
0 0.351080 0.598380 0.001543 0.002315
0 0.418596 0.592593 0.000772 0.002315
0 0.343750 0.592014 0.002315 0.003472
0 0.349151 0.589120 0.000772 0.002315
0 0.345293 0.587384 0.000772 0.001157
0 0.400849 0.586806 0.002315 0.002315
0 0.365741 0.586806 0.003086 0.004630
0 0.431713 0.580440 0.002315 0.003472
0 0.349923 0.560764 0.003858 0.005787
0 0.375772 0.553241 0.001543 0.002315
0 0.372685 0.550926 0.001543 0.002315
0 0.374614 0.545139 0.000772 0.002315
0 0.371142 0.542245 0.007716 0.012731
0 0.536265 0.514468 0.009259 0.008102
0 0.535880 0.498264 0.008488 0.015046
0 0.477623 0.482060 0.012346 0.019676
0 0.385417 0.469907 0.002315 0.004630
0 0.428627 0.442708 0.003858 0.005787
0 0.513503 0.443866 0.013117 0.017361
0 0.408951 0.435764 0.003086 0.003472
0 0.396219 0.435764 0.002315 0.003472
0 0.391590 0.433449 0.002315 0.003472
0 0.400077 0.421875 0.002315 0.005787
0 0.413194 0.349537 0.002315 0.004630
0 0.488040 0.292245 0.006944 0.015046
0 0.380401 0.282407 0.004630 0.004630
0 0.371914 0.292245 0.038580 0.028935
0 0.391204 0.271412 0.001543 0.001157
0 0.354167 0.271412 0.003086 0.010417
0 0.397762 0.273727 0.013117 0.019676
0 0.387346 0.254051 0.001543 0.003472
0 0.392747 0.254051 0.006173 0.010417
0 0.446759 0.249421 0.016975 0.017361
0 0.351852 0.245370 0.013889 0.018519
0 0.385031 0.239583 0.012346 0.013889
0 0.356096 0.228588 0.010031 0.010417
0 0.398920 0.221644 0.003086 0.003472
0 0.385031 0.214699 0.004630 0.008102
0 0.324074 0.182870 0.003086 0.004630
1 0.393904 0.828704 0.006944 0.011574
1 0.305941 0.818866 0.006944 0.015046
1 0.285108 0.794560 0.005401 0.010417
1 0.506944 0.783565 0.010802 0.011574
1 0.364969 0.804398 0.029321 0.053241
1 0.479552 0.777778 0.011574 0.018519
1 0.478395 0.775463 0.002315 0.003472
1 0.615355 0.736111 0.008488 0.013889
1 0.648534 0.708912 0.006944 0.012731
1 0.258488 0.688079 0.007716 0.010417
1 0.258102 0.688079 0.001543 0.002315
1 0.227238 0.642940 0.011574 0.017361
1 0.440586 0.615162 0.004630 0.010417
1 0.307870 0.625000 0.010802 0.030093
1 0.400463 0.607639 0.009259 0.006944
1 0.432485 0.587963 0.010031 0.011574
1 0.347222 0.576968 0.007716 0.012731
1 0.362654 0.582755 0.016975 0.042824
1 0.261188 0.534722 0.011574 0.018519
1 0.525849 0.414352 0.006944 0.006944
1 0.233410 0.379630 0.008488 0.009259
1 0.307870 0.287616 0.006173 0.010417
1 0.319444 0.266204 0.006173 0.006944
1 0.308256 0.248843 0.003858 0.004630
1 0.295525 0.227431 0.007716 0.008102
1 0.379630 0.183449 0.004630 0.003472
3 0.516590 0.911458 0.003858 0.005787
3 0.506173 0.900463 0.001543 0.002315
3 0.618441 0.836806 0.002315 0.002315
3 0.448302 0.807292 0.006173 0.008102
3 0.431713 0.807292 0.005401 0.008102
3 0.571759 0.795139 0.003086 0.004630
3 0.444444 0.784144 0.001543 0.001157
3 0.342593 0.771412 0.001543 0.003472
3 0.609954 0.762731 0.003858 0.006944
3 0.632716 0.741898 0.003086 0.004630
3 0.266590 0.699074 0.002315 0.004630
3 0.272762 0.666088 0.005401 0.008102
3 0.729938 0.642361 0.003086 0.004630
3 0.745756 0.627315 0.003858 0.004630
3 0.304398 0.604745 0.002315 0.005787
3 0.504244 0.598380 0.002315 0.004630
3 0.304784 0.595486 0.003086 0.005787
3 0.475694 0.585648 0.002315 0.004630
3 0.723380 0.561921 0.005401 0.010417
3 0.339892 0.552083 0.000772 0.002315
3 0.388117 0.543403 0.003086 0.005787
3 0.351466 0.535301 0.002315 0.003472
3 0.305170 0.537037 0.003858 0.006944
3 0.310185 0.535880 0.004630 0.006944
3 0.494985 0.530671 0.002315 0.003472
3 0.382330 0.528935 0.000772 0.002315
3 0.491512 0.469907 0.001543 0.002315
3 0.373071 0.441551 0.003858 0.005787
3 0.429784 0.436921 0.004630 0.003472
3 0.656636 0.436921 0.006173 0.005787
3 0.521219 0.420139 0.002315 0.004630
3 0.375772 0.412616 0.001543 0.003472
3 0.241512 0.403935 0.004630 0.009259
3 0.402006 0.393519 0.004630 0.004630
3 0.648920 0.392361 0.003086 0.004630
3 0.413580 0.390625 0.003086 0.003472
3 0.224151 0.390046 0.000772 0.002315
3 0.470293 0.388889 0.002315 0.004630
3 0.439815 0.387731 0.001543 0.002315
3 0.390818 0.388310 0.003858 0.005787
3 0.392747 0.378472 0.003086 0.004630
3 0.411651 0.357060 0.002315 0.005787
3 0.430941 0.348958 0.000772 0.001157
3 0.624228 0.349537 0.003086 0.004630
3 0.482639 0.340856 0.003858 0.005787
3 0.445988 0.339120 0.003086 0.004630
3 0.323688 0.331019 0.003858 0.004630
3 0.620756 0.310185 0.002315 0.002315
3 0.524691 0.287037 0.004630 0.009259
3 0.320216 0.266204 0.003086 0.006944
3 0.542438 0.201389 0.001543 0.002315
3 0.307870 0.199653 0.004630 0.005787
3 0.537037 0.180556 0.001543 0.004630
3 0.470679 0.165509 0.001543 0.002315
3 0.536651 0.162616 0.002315 0.003472
3 0.585648 0.154514 0.004630 0.005787
3 0.329475 0.145255 0.004630 0.003472