0 0.370370 0.847222 0.012346 0.013889
0 0.368441 0.837963 0.002315 0.004630
0 0.312886 0.807292 0.005401 0.005787
0 0.646605 0.740162 0.012346 0.017361
0 0.363040 0.741898 0.010031 0.020833
0 0.238040 0.653356 0.002315 0.003472
0 0.386188 0.645255 0.002315 0.003472
0 0.250386 0.617477 0.006944 0.010417
0 0.272377 0.611690 0.004630 0.010417
0 0.231481 0.593750 0.004630 0.006944
0 0.296296 0.602431 0.013889 0.035880
0 0.261574 0.593171 0.013889 0.024306
0 0.299383 0.581597 0.001543 0.003472
0 0.216821 0.589699 0.010802 0.021991
0 0.260802 0.576968 0.006173 0.005787
0 0.290895 0.572338 0.009259 0.010417
0 0.240741 0.582176 0.016975 0.037037
0 0.208333 0.562500 0.004630 0.006944
0 0.251929 0.564236 0.005401 0.024306
0 0.246528 0.554977 0.005401 0.008102
0 0.271991 0.557870 0.019290 0.016204
0 0.301312 0.559606 0.013117 0.033565
0 0.257716 0.544560 0.006173 0.008102
0 0.307485 0.541667 0.002315 0.004630
0 0.426698 0.534722 0.001543 0.002315
0 0.297840 0.535301 0.004630 0.008102
0 0.299769 0.529514 0.000772 0.001157
0 0.296682 0.527199 0.002315 0.003472
0 0.254244 0.532986 0.010031 0.019676
0 0.418210 0.520255 0.001543 0.003472
0 0.277006 0.516782 0.001543 0.001157
0 0.303627 0.519097 0.005401 0.012731
0 0.285108 0.510417 0.002315 0.004630
0 0.216435 0.516782 0.014660 0.031250
0 0.218750 0.522569 0.004630 0.004630
0 0.203318 0.497106 0.000772 0.005787
0 0.219907 0.497685 0.015432 0.020833
0 0.244213 0.483218 0.010031 0.010417
0 0.271991 0.505787 0.019290 0.062500
0 0.570602 0.479167 0.005401 0.016204
0 0.318287 0.475694 0.005401 0.009259
0 0.323302 0.471065 0.001543 0.002315
0 0.234954 0.469329 0.000772 0.001157
0 0.229167 0.479745 0.015432 0.026620
0 0.258102 0.474537 0.013117 0.020833
0 0.276235 0.468171 0.013889 0.012731
0 0.212191 0.469907 0.012346 0.020833
0 0.263503 0.454861 0.006944 0.011574
0 0.237269 0.447338 0.003858 0.005787
0 0.334105 0.450231 0.004630 0.013889
0 0.320216 0.443866 0.013889 0.024306
0 0.251543 0.438657 0.009259 0.016204
0 0.355710 0.432292 0.003086 0.005787
0 0.243441 0.433449 0.006944 0.012731
0 0.278935 0.425926 0.002315 0.004630
0 0.263503 0.418403 0.000772 0.001157
0 0.259645 0.404514 0.005401 0.005787
0 0.453704 0.391782 0.003086 0.003472
0 0.374614 0.392940 0.005401 0.005787
0 0.416667 0.367477 0.003086 0.003472
0 0.416281 0.353588 0.002315 0.003472
0 0.623457 0.177662 0.007716 0.017361
0 0.328704 0.164931 0.001543 0.003472
0 0.333719 0.164931 0.006944 0.010417
0 0.489583 0.162616 0.005401 0.010417
0 0.492284 0.141782 0.013889 0.010417
0 0.445602 0.113426 0.003858 0.002315
0 0.464120 0.120949 0.027006 0.021991
0 0.455633 0.118634 0.003086 0.004630
0 0.419753 0.092593 0.001543 0.002315
0 0.427855 0.087384 0.011574 0.012731
0 0.407793 0.078704 0.005401 0.004630
0 0.500386 0.081019 0.013117 0.011574
0 0.415123 0.075810 0.006173 0.003472
0 0.442130 0.069444 0.003086 0.004630
1 0.234954 0.638889 0.006944 0.009259
1 0.715278 0.610532 0.006173 0.008102
1 0.219522 0.612847 0.013117 0.017361
1 0.751543 0.662037 0.043210 0.120370
1 0.726466 0.600694 0.005401 0.006944
1 0.721451 0.590856 0.004630 0.012731
1 0.710648 0.568287 0.015432 0.013889
1 0.733025 0.571181 0.012346 0.024306
1 0.726852 0.535301 0.007716 0.021991
1 0.248071 0.311343 0.025463 0.020833
1 0.278549 0.278356 0.038580 0.038194
1 0.328318 0.251736 0.040895 0.019676
1 0.328318 0.250000 0.003086 0.005787
1 0.358796 0.227431 0.016975 0.015046
1 0.446373 0.167245 0.031636 0.015046
3 0.728009 0.627894 0.003858 0.008102
3 0.327160 0.280671 0.001543 0.003472
3 0.460648 0.091435 0.003086 0.004630