1 0.943214 0.675714 0.016429 0.022857
1 0.440714 0.495357 0.105714 0.065000
1 0.430714 0.467143 0.004286 0.002857
1 0.435714 0.466071 0.005714 0.002143
1 0.608214 0.303214 0.037857 0.027857
1 0.563571 0.297143 0.045714 0.021429
1 0.093929 0.287857 0.039286 0.042857
1 0.097500 0.301786 0.005000 0.005000
1 0.094286 0.296071 0.008571 0.009286
1 0.101429 0.291786 0.002857 0.002143
1 0.096071 0.288214 0.006429 0.003571
1 0.105357 0.284643 0.003571 0.003571
1 0.093214 0.284286 0.005000 0.007143
1 0.094286 0.277500 0.002857 0.002143
1 0.822500 0.220357 0.036429 0.029286
2 0.243214 0.694286 0.053571 0.045714
2 0.267857 0.690357 0.002857 0.002143
2 0.323571 0.587500 0.020000 0.017857
2 0.047143 0.407500 0.032857 0.030714
2 0.102143 0.343571 0.027143 0.021429
2 0.096786 0.345000 0.003571 0.002857
2 0.598571 0.329286 0.037143 0.037143
2 0.598929 0.341786 0.003571 0.002143
2 0.612857 0.333214 0.004286 0.003571
2 0.601071 0.332857 0.005000 0.004286
2 0.610714 0.331071 0.002857 0.002143
2 0.607500 0.329286 0.002143 0.002857
2 0.583214 0.322500 0.002143 0.002143
2 0.513571 0.309643 0.025714 0.032143
2 0.123929 0.313929 0.032143 0.055000
2 0.128214 0.325714 0.003571 0.002857
2 0.133929 0.312857 0.003571 0.002857
2 0.065000 0.296786 0.022857 0.030714
2 0.070357 0.299643 0.002143 0.002143
2 0.584286 0.288929 0.021429 0.022143
2 0.620714 0.251071 0.024286 0.026429
2 0.524643 0.251429 0.025000 0.042857
2 0.528571 0.266786 0.002857 0.002143
2 0.426429 0.178929 0.061429 0.115000
2 0.448571 0.193929 0.002857 0.002143
2 0.415000 0.193571 0.002857 0.002857
2 0.416429 0.186071 0.005714 0.005000
2 0.433929 0.098214 0.019286 0.023571
2 0.435714 0.104286 0.002857 0.002857
3 0.641786 0.583214 0.007857 0.012143
3 0.627500 0.578571 0.013571 0.014286