1 0.321289 0.863932 0.011719 0.026042
1 0.374268 0.828451 0.020996 0.024089
1 0.316162 0.809570 0.020996 0.037109
1 0.267334 0.782227 0.012207 0.012370
1 0.639648 0.712565 0.010742 0.018880
1 0.252197 0.598633 0.007324 0.007161
1 0.229736 0.585938 0.014160 0.014323
1 0.815186 0.582682 0.013184 0.024740
1 0.162354 0.571940 0.013184 0.021484
1 0.689941 0.142578 0.009766 0.028646
1 0.356689 0.089193 0.011230 0.029948
1 0.499756 0.055664 0.016113 0.030599
2 0.338623 0.847331 0.025879 0.087891
2 0.334229 0.822266 0.002441 0.002604
3 0.312012 0.835612 0.001953 0.003255
3 0.726807 0.812826 0.003418 0.004557
3 0.312256 0.795573 0.003418 0.005208
3 0.293701 0.752930 0.004395 0.004557
3 0.636963 0.729818 0.004395 0.005208
3 0.218750 0.672526 0.003906 0.003906
3 0.241943 0.670573 0.001465 0.003906
3 0.211426 0.606771 0.001953 0.002604
3 0.190918 0.557617 0.001953 0.001953
3 0.211914 0.511719 0.004883 0.003906
3 0.788330 0.238607 0.006348 0.008464
3 0.348145 0.217773 0.003906 0.003255
3 0.337402 0.201823 0.003906 0.005208
3 0.389893 0.155599 0.002441 0.002604
3 0.483887 0.110677 0.004883 0.006510
3 0.562988 0.038086 0.001953 0.003255