0 0.460205 0.912435 0.006348 0.011068
0 0.441650 0.906576 0.004395 0.005859
0 0.435791 0.892578 0.003418 0.003906
0 0.372559 0.854167 0.002930 0.002604
0 0.722900 0.818034 0.001465 0.001953
0 0.730469 0.817383 0.006836 0.005859
0 0.694580 0.815104 0.002441 0.003906
0 0.684082 0.806315 0.007813 0.008464
0 0.739746 0.795247 0.006836 0.008464
0 0.682861 0.793294 0.003418 0.004557
0 0.239258 0.746419 0.001953 0.005859
0 0.224121 0.744792 0.002930 0.002604
0 0.237549 0.740234 0.001465 0.002604
0 0.236816 0.720703 0.003906 0.002604
0 0.237793 0.712240 0.004883 0.006510
0 0.209473 0.713216 0.006836 0.012370
0 0.218994 0.682943 0.006348 0.005208
0 0.198486 0.667969 0.003418 0.003906
0 0.269287 0.667969 0.006348 0.009115
0 0.248047 0.659831 0.004883 0.004557
0 0.265625 0.657227 0.007813 0.008464
0 0.234863 0.656576 0.014648 0.014974
0 0.243652 0.647461 0.003906 0.005859
0 0.218262 0.638997 0.004883 0.007161
0 0.231689 0.640625 0.011230 0.011719
0 0.255859 0.634440 0.004883 0.003255
0 0.191895 0.635091 0.005859 0.004557
0 0.274902 0.627930 0.010742 0.011068
0 0.218750 0.620443 0.001953 0.003906
0 0.231445 0.611654 0.001953 0.003255
0 0.204346 0.611003 0.006348 0.011068
0 0.268555 0.605794 0.001953 0.004557
0 0.232910 0.599284 0.001953 0.004557
0 0.271240 0.599935 0.009277 0.007161
0 0.298828 0.597982 0.009766 0.009766
0 0.266846 0.586914 0.011230 0.011068
0 0.406982 0.576497 0.006348 0.007161
0 0.813232 0.567708 0.001465 0.002604
0 0.834229 0.568685 0.004395 0.007161
0 0.221191 0.568359 0.004883 0.007813
0 0.808594 0.567383 0.003906 0.007161
0 0.806152 0.562826 0.000977 0.001953
0 0.208008 0.572591 0.012695 0.027995
0 0.823730 0.559896 0.002930 0.003906
0 0.739014 0.560547 0.005371 0.006510
0 0.751953 0.557943 0.003906 0.003906
0 0.223145 0.559896 0.004883 0.007813
0 0.793701 0.557292 0.006348 0.006510
0 0.246826 0.552083 0.002441 0.002604
0 0.815186 0.551758 0.004395 0.004557
0 0.791016 0.550781 0.001953 0.002604
0 0.424072 0.554688 0.015137 0.010417
0 0.394287 0.550781 0.003418 0.002604
0 0.215820 0.552409 0.003906 0.005859
0 0.240967 0.547852 0.005371 0.005859
0 0.259277 0.540039 0.001953 0.001953
0 0.251221 0.543294 0.003418 0.008464
0 0.405518 0.540365 0.003418 0.003906
0 0.798584 0.545247 0.008301 0.017578
0 0.773438 0.537435 0.002930 0.005859
0 0.262207 0.536133 0.001953 0.003255
0 0.238037 0.537109 0.004395 0.006510
0 0.760010 0.535482 0.005371 0.007161
0 0.411865 0.535156 0.006348 0.006510
0 0.219727 0.535482 0.004883 0.007161
0 0.201660 0.527018 0.001953 0.001953
0 0.779541 0.526367 0.001465 0.001953
0 0.239014 0.526367 0.001465 0.001953
0 0.770752 0.529622 0.006348 0.009766
0 0.745117 0.525065 0.002930 0.001953
0 0.262207 0.522461 0.001953 0.001953
0 0.786865 0.518555 0.002441 0.001953
0 0.763428 0.513021 0.002441 0.003906
0 0.565918 0.512695 0.001953 0.003255
0 0.251221 0.518229 0.009277 0.014323
0 0.791016 0.512695 0.004883 0.007161
0 0.758545 0.509766 0.001465 0.001302
0 0.204590 0.509440 0.003906 0.005859
0 0.199463 0.507161 0.001465 0.005208
0 0.793213 0.504232 0.003418 0.004557
0 0.656738 0.487305 0.004883 0.004557
0 0.564941 0.488932 0.014648 0.035156
0 0.562988 0.468099 0.001953 0.002604
0 0.665039 0.468099 0.017578 0.032552
0 0.588623 0.457682 0.015137 0.018229
0 0.679199 0.451823 0.011719 0.009115
0 0.574219 0.444661 0.021484 0.022135
0 0.621582 0.429036 0.019531 0.013021
0 0.616211 0.416016 0.001953 0.005208
0 0.572754 0.418620 0.007813 0.023438
0 0.616943 0.407227 0.002441 0.004557
0 0.448242 0.390951 0.007813 0.007161
0 0.489014 0.387695 0.003418 0.004557
0 0.479248 0.396159 0.016113 0.021484
0 0.434326 0.351563 0.006348 0.014323
0 0.187256 0.347331 0.006348 0.007161
0 0.170654 0.348958 0.007324 0.011719
0 0.514404 0.354167 0.007324 0.023438
0 0.496582 0.350911 0.007813 0.018229
0 0.535156 0.340169 0.004883 0.004557
0 0.550049 0.338867 0.005371 0.003255
0 0.500977 0.341797 0.004883 0.009115
0 0.487549 0.327474 0.010254 0.013021
0 0.427490 0.324870 0.003418 0.007813
0 0.445313 0.318685 0.004883 0.004557
0 0.422607 0.316732 0.003418 0.004557
0 0.426758 0.310872 0.004883 0.007161
0 0.504883 0.302409 0.001953 0.005859
0 0.590820 0.297526 0.002930 0.002604
0 0.579590 0.299154 0.005859 0.009766
0 0.544189 0.296549 0.003418 0.004557
0 0.764160 0.295898 0.003906 0.007161
0 0.514893 0.305339 0.009277 0.026042
0 0.547363 0.290365 0.002930 0.003906
0 0.605713 0.288411 0.002441 0.003906
0 0.540283 0.287760 0.004395 0.003906
0 0.525635 0.296549 0.008301 0.021484
0 0.754639 0.287435 0.003418 0.005859
0 0.794189 0.277344 0.002441 0.003906
0 0.477783 0.284180 0.038574 0.026693
0 0.517334 0.267253 0.004395 0.004557
0 0.607178 0.263997 0.003418 0.004557
0 0.781738 0.261393 0.002930 0.003255
0 0.483643 0.263021 0.004395 0.006510
0 0.452393 0.260417 0.003418 0.005208
0 0.533691 0.252604 0.003906 0.005208
0 0.781738 0.252604 0.003906 0.006510
0 0.548584 0.250651 0.006348 0.010417
0 0.576172 0.242839 0.004883 0.007813
0 0.770752 0.240560 0.012207 0.008464
0 0.513672 0.236328 0.005859 0.005208
0 0.504150 0.236003 0.003418 0.004557
0 0.505859 0.224609 0.004883 0.006510
0 0.469727 0.223633 0.003906 0.004557
0 0.512695 0.222331 0.003906 0.005859
0 0.526367 0.214844 0.002930 0.005208
0 0.552490 0.207357 0.003418 0.001953
0 0.524170 0.201823 0.005371 0.005208
0 0.604248 0.123372 0.006348 0.011068
0 0.593018 0.088867 0.003418 0.011068
0 0.616211 0.063802 0.004883 0.005208
0 0.378662 0.056315 0.004395 0.003255
0 0.497070 0.029948 0.004883 0.003906
1 0.441406 0.887370 0.020508 0.019531
3 0.728516 0.335286 0.002930 0.003906
3 0.757568 0.335286 0.002441 0.006510
3 0.790771 0.332682 0.001465 0.002604
3 0.288574 0.193359 0.002930 0.003906
3 0.578369 0.154622 0.003418 0.003255
3 0.577393 0.103516 0.004395 0.006510
3 0.630371 0.095052 0.004883 0.006510