1 0.701775 0.740162 0.006944 0.017361
1 0.530864 0.686921 0.006173 0.010417
1 0.576389 0.679977 0.004630 0.005787
1 0.641590 0.668981 0.014660 0.018519
1 0.605324 0.660880 0.002315 0.006944
1 0.612269 0.644097 0.005401 0.015046
1 0.631173 0.633681 0.009259 0.017361
1 0.670525 0.631366 0.007716 0.017361
1 0.548611 0.605903 0.003086 0.003472
1 0.563272 0.597801 0.004630 0.008102
1 0.599923 0.535880 0.006944 0.009259
1 0.523920 0.496528 0.043210 0.025463
1 0.571373 0.380787 0.006944 0.011574
1 0.405478 0.380208 0.040895 0.031250
1 0.416667 0.375000 0.005401 0.005787
2 0.677855 0.667824 0.010031 0.025463
2 0.548997 0.473958 0.013117 0.024306
2 0.525463 0.222801 0.018519 0.019676
3 0.514275 0.719329 0.003858 0.005787
3 0.718364 0.688079 0.003086 0.003472
3 0.527392 0.673032 0.005401 0.005787
3 0.745370 0.664931 0.003086 0.003472
3 0.662037 0.655093 0.001543 0.002315
3 0.507330 0.652199 0.003858 0.005787
3 0.681327 0.648727 0.001543 0.001157
3 0.658951 0.641782 0.001543 0.003472
3 0.563272 0.268519 0.006173 0.009259
3 0.505787 0.249421 0.005401 0.005787
3 0.504630 0.203704 0.004630 0.009259