0 0.672852 0.614583 0.001953 0.003906
0 0.660156 0.604818 0.004883 0.005208
0 0.659668 0.549154 0.007813 0.008464
0 0.621338 0.503255 0.004395 0.006510
0 0.615967 0.480794 0.005371 0.008464
1 0.749756 0.748372 0.009277 0.008464
1 0.743652 0.725586 0.007813 0.018880
1 0.643311 0.529297 0.011230 0.015625
1 0.290527 0.160482 0.006836 0.011068
2 0.753418 0.763346 0.020508 0.017578
2 0.762207 0.736654 0.029297 0.041016
2 0.772949 0.749349 0.002930 0.003906
2 0.644287 0.566732 0.012207 0.012370
2 0.597168 0.512044 0.009766 0.014974
3 0.725342 0.824870 0.003418 0.002604
3 0.731689 0.768880 0.002441 0.002604
3 0.608887 0.747721 0.005859 0.005859
3 0.698730 0.614258 0.005859 0.012370
3 0.729736 0.607747 0.003418 0.004557
3 0.718994 0.605794 0.006348 0.007161
3 0.219971 0.590820 0.004395 0.007161
3 0.687012 0.587565 0.004883 0.005859
3 0.699951 0.551107 0.004395 0.005859
3 0.553711 0.511393 0.003906 0.004557
3 0.683350 0.499023 0.003418 0.005859
3 0.526855 0.498047 0.004883 0.005208
3 0.753174 0.462565 0.003418 0.005859
3 0.478027 0.459635 0.003906 0.003906
3 0.526367 0.429362 0.003906 0.004557
3 0.165039 0.375977 0.001953 0.003255
3 0.763428 0.375651 0.005371 0.006510
3 0.670410 0.319987 0.005859 0.005859
3 0.449219 0.252604 0.001953 0.002604
3 0.267822 0.160156 0.002441 0.002604
3 0.637695 0.119792 0.006836 0.007813
3 0.387451 0.090495 0.002441 0.002604
3 0.397705 0.085612 0.004395 0.007161
3 0.387939 0.082682 0.001465 0.002604
3 0.596436 0.079102 0.003418 0.004557
3 0.570068 0.078776 0.003418 0.003906
3 0.589600 0.060547 0.002441 0.002604
3 0.581055 0.059570 0.009766 0.012370
3 0.545166 0.054362 0.008301 0.011068
3 0.600098 0.048503 0.007813 0.005859