1 0.417438 0.925926 0.002572 0.004630
1 0.379372 0.835648 0.008745 0.010802
1 0.563529 0.768519 0.001543 0.003086
1 0.601852 0.748843 0.002058 0.003858
1 0.595679 0.692515 0.002058 0.002315
1 0.721193 0.633873 0.003086 0.002315
1 0.719650 0.628086 0.003086 0.004630
1 0.722479 0.582562 0.001543 0.003086
1 0.544239 0.576775 0.001029 0.000772
1 0.540895 0.575231 0.001543 0.002315
1 0.721193 0.572917 0.003086 0.005401
1 0.753086 0.382330 0.004115 0.005401
1 0.572531 0.339120 0.005144 0.011574
1 0.537294 0.328704 0.004630 0.006173
1 0.471193 0.259259 0.003086 0.004630
1 0.429527 0.250772 0.001029 0.001543
1 0.473251 0.243056 0.003086 0.004630
1 0.504630 0.238426 0.002058 0.003086