0 0.303241 0.826389 0.004630 0.006944
0 0.296296 0.819444 0.003086 0.009259
0 0.307099 0.811921 0.007716 0.010417
0 0.290509 0.809028 0.003858 0.004630
0 0.315586 0.800926 0.009259 0.013889
0 0.313657 0.799769 0.001543 0.003472
0 0.213735 0.391782 0.003086 0.005787
1 0.585262 0.893519 0.003858 0.006944
1 0.214120 0.602431 0.008488 0.026620
2 0.596065 0.814815 0.030093 0.032407
2 0.267747 0.593171 0.020062 0.040509
2 0.677469 0.520833 0.024691 0.039352
2 0.446373 0.307292 0.031636 0.047454
3 0.486883 0.910880 0.006173 0.009259
3 0.585262 0.894676 0.003858 0.009259
3 0.487654 0.845486 0.004630 0.005787
3 0.568673 0.821181 0.010802 0.010417
3 0.571759 0.813079 0.003086 0.003472
3 0.662809 0.776620 0.003086 0.004630
3 0.312114 0.728588 0.002315 0.003472
3 0.725309 0.640625 0.003086 0.003472
3 0.229167 0.598958 0.004630 0.010417
3 0.224923 0.342593 0.005401 0.009259
3 0.335262 0.328125 0.000772 0.001157
3 0.325617 0.325810 0.001543 0.003472
3 0.337577 0.321181 0.002315 0.003472
3 0.334877 0.315394 0.003086 0.005787
3 0.390046 0.262153 0.003858 0.010417
3 0.437500 0.141204 0.003086 0.004630
3 0.403549 0.145255 0.007716 0.012731
3 0.539738 0.133681 0.003858 0.005787
3 0.595293 0.128472 0.002315 0.002315
3 0.432870 0.125579 0.007716 0.012731