0 0.416301 0.760417 0.003655 0.005482
0 0.418860 0.747259 0.016082 0.023026
0 0.422880 0.734101 0.000731 0.001096
0 0.430190 0.726974 0.012427 0.013158
0 0.417398 0.302083 0.004386 0.005482
0 0.417763 0.295504 0.012427 0.016447
1 0.429825 0.707785 0.011696 0.018640
1 0.749269 0.653509 0.008772 0.010965
1 0.404971 0.290022 0.007310 0.012061
2 0.683480 0.783443 0.030702 0.040570
2 0.671784 0.785088 0.002193 0.003289
2 0.692251 0.775219 0.002193 0.003289
2 0.673977 0.762061 0.007310 0.021930
2 0.681287 0.747807 0.004386 0.019737
2 0.681287 0.732456 0.004386 0.006579
2 0.676901 0.728070 0.001462 0.002193
2 0.677997 0.716009 0.003655 0.010965
2 0.706871 0.709430 0.027778 0.065789
2 0.714912 0.734101 0.002193 0.002193
2 0.706506 0.689693 0.002924 0.005482
3 0.631579 0.846491 0.002924 0.004386
3 0.691886 0.777961 0.002193 0.005482
3 0.619152 0.771382 0.004386 0.005482
3 0.456140 0.768640 0.001462 0.004386
3 0.669956 0.768092 0.003655 0.005482
3 0.496345 0.758772 0.001462 0.002193
3 0.712354 0.756579 0.002193 0.002193
3 0.717471 0.754934 0.000731 0.001096
3 0.677266 0.747259 0.002193 0.005482
3 0.729167 0.742873 0.003655 0.003289
3 0.488670 0.739583 0.002193 0.001096
3 0.721126 0.737390 0.002193 0.003289
3 0.750000 0.733553 0.001462 0.002193
3 0.701023 0.735197 0.002924 0.007675
3 0.411550 0.703947 0.001462 0.002193
3 0.675439 0.697368 0.001462 0.004386
3 0.767544 0.689693 0.001462 0.002193
3 0.759868 0.684759 0.002193 0.003289
3 0.676170 0.683114 0.002924 0.006579
3 0.674342 0.673246 0.000731 0.002193
3 0.674708 0.662829 0.002924 0.007675
3 0.730994 0.654057 0.001462 0.001096
3 0.466374 0.652961 0.002924 0.007675
3 0.726243 0.650768 0.003655 0.005482
3 0.734649 0.647478 0.002924 0.005482
3 0.741228 0.619518 0.002924 0.002193
3 0.777047 0.620066 0.005848 0.009868
3 0.763158 0.617873 0.002924 0.005482
3 0.324561 0.614583 0.001462 0.003289
3 0.776681 0.608553 0.002193 0.004386
3 0.788012 0.603070 0.001462 0.002193
3 0.732456 0.603070 0.001462 0.002193
3 0.758041 0.604167 0.005848 0.008772
3 0.776316 0.599232 0.001462 0.003289
3 0.781067 0.595395 0.003655 0.006579
3 0.703582 0.591557 0.000731 0.001096
3 0.721126 0.591009 0.002193 0.002193
3 0.473319 0.590461 0.000731 0.001096
3 0.724781 0.588268 0.000731 0.001096
3 0.469298 0.588816 0.001462 0.002193
3 0.480994 0.582237 0.002924 0.004386
3 0.712719 0.580044 0.001462 0.002193
3 0.700292 0.562500 0.004386 0.006579
3 0.722588 0.544408 0.000731 0.001096
3 0.718933 0.547149 0.005117 0.006579
3 0.557749 0.544956 0.001462 0.002193
3 0.708333 0.547697 0.005848 0.009868
3 0.770468 0.544956 0.005848 0.008772
3 0.769006 0.521382 0.001462 0.003289
3 0.762061 0.510965 0.003655 0.004386
3 0.782529 0.506031 0.002193 0.003289
3 0.293860 0.496711 0.001462 0.002193
3 0.789839 0.495066 0.005117 0.003289
3 0.716374 0.484649 0.002924 0.004386
3 0.537281 0.476974 0.001462 0.004386
3 0.480263 0.473136 0.005848 0.003289
3 0.773757 0.461623 0.002193 0.002193
3 0.795322 0.462171 0.001462 0.005482
3 0.747807 0.455592 0.001462 0.001096
3 0.528143 0.455592 0.002193 0.003289
3 0.793129 0.453399 0.001462 0.003289
3 0.418494 0.439693 0.000731 0.002193
3 0.751462 0.433662 0.004386 0.005482
3 0.241228 0.429825 0.001462 0.002193
3 0.514985 0.426535 0.000731 0.002193
3 0.777778 0.422149 0.002924 0.004386
3 0.325658 0.416118 0.003655 0.005482
3 0.334795 0.413377 0.001462 0.002193
3 0.217105 0.407346 0.004386 0.005482
3 0.502558 0.397478 0.003655 0.003289
3 0.217105 0.398026 0.004386 0.010965
3 0.546053 0.388706 0.001462 0.001096
3 0.482456 0.371162 0.002924 0.003289
3 0.726608 0.367873 0.001462 0.003289
3 0.275950 0.355263 0.002193 0.002193
3 0.461623 0.354715 0.002193 0.005482
3 0.409722 0.345943 0.002193 0.003289
3 0.491594 0.336075 0.002193 0.003289
3 0.421784 0.324561 0.002924 0.002193
3 0.613670 0.297697 0.002193 0.003289
3 0.398026 0.298246 0.002193 0.004386
3 0.637792 0.269189 0.000731 0.001096
3 0.647295 0.265351 0.002193 0.002193
3 0.631944 0.265351 0.002193 0.002193
3 0.447003 0.235197 0.002193 0.003289
3 0.691886 0.220395 0.002193 0.004386