0 0.198125 0.285208 0.008750 0.007917
0 0.205417 0.263333 0.010000 0.006667
0 0.193750 0.230208 0.007500 0.004583
0 0.182917 0.213125 0.005833 0.003750
0 0.214583 0.209792 0.006667 0.010417
0 0.376667 0.198542 0.004167 0.003750
0 0.368958 0.196667 0.007917 0.005833
0 0.376042 0.192292 0.001250 0.001250
0 0.346042 0.190833 0.002917 0.001667
0 0.378125 0.187292 0.004583 0.002917
0 0.352292 0.187917 0.007917 0.005833
0 0.332917 0.188542 0.010000 0.008750
0 0.291042 0.183542 0.003750 0.002917
0 0.260417 0.184167 0.006667 0.005833
0 0.316875 0.181042 0.001250 0.002083
0 0.402500 0.182083 0.010833 0.010000
0 0.345000 0.173333 0.016667 0.010000
0 0.363125 0.180208 0.009583 0.025417
0 0.433542 0.169583 0.008750 0.011667
0 0.451667 0.167500 0.011667 0.010000
0 0.385833 0.163542 0.000833 0.002083
0 0.395625 0.156875 0.001250 0.002083
0 0.413125 0.156458 0.004583 0.002917
0 0.300833 0.155833 0.004167 0.004167
0 0.434583 0.153958 0.005000 0.007917
0 0.307083 0.153333 0.005000 0.006667
0 0.381458 0.149375 0.003750 0.002917
0 0.401458 0.148542 0.002917 0.002917
0 0.280417 0.162500 0.030833 0.035000
0 0.304167 0.145208 0.005000 0.003750
0 0.473542 0.143542 0.002917 0.002917
0 0.385417 0.143542 0.004167 0.002917
0 0.314375 0.144583 0.009583 0.006667
0 0.400417 0.138333 0.005000 0.004167
0 0.293958 0.137292 0.002083 0.002083
0 0.414167 0.139792 0.005000 0.008750
0 0.456875 0.142708 0.012917 0.016250
0 0.365833 0.136458 0.005833 0.003750
0 0.383958 0.135417 0.004583 0.004167
0 0.449167 0.131042 0.006667 0.012917
0 0.375208 0.127500 0.014583 0.005833
0 0.318958 0.130000 0.008750 0.010833
0 0.513333 0.123750 0.000833 0.001667
0 0.517708 0.130000 0.007917 0.018333
0 0.474375 0.130625 0.032083 0.019583
0 0.436458 0.122292 0.007083 0.007083
0 0.424375 0.118750 0.003750 0.005833
0 0.396458 0.118750 0.008750 0.005833
0 0.342083 0.122708 0.018333 0.013750
0 0.563333 0.118958 0.005833 0.007917
0 0.482708 0.119792 0.013750 0.009583
0 0.474792 0.116042 0.002083 0.003750
0 0.408333 0.116458 0.005000 0.004583
0 0.304583 0.111042 0.005833 0.003750
0 0.460417 0.110625 0.017500 0.010417
0 0.415000 0.106250 0.000833 0.001667
0 0.352292 0.108542 0.015417 0.008750
0 0.427292 0.103958 0.002083 0.002917
0 0.505000 0.121667 0.027500 0.046667
0 0.449583 0.099792 0.004167 0.002917
0 0.445625 0.098542 0.002083 0.002083
0 0.528958 0.101875 0.008750 0.010417
0 0.518542 0.097500 0.007917 0.011667
0 0.509792 0.093125 0.003750 0.002917
0 0.362500 0.098125 0.018333 0.014583
0 0.449167 0.090625 0.000833 0.002083
0 0.311667 0.090208 0.005833 0.004583
0 0.548750 0.097083 0.029167 0.035833
0 0.354375 0.079792 0.002083 0.002083
0 0.597292 0.077083 0.007917 0.007500
0 0.391250 0.074583 0.010000 0.006667
0 0.350000 0.066458 0.005000 0.003750
0 0.386458 0.066875 0.007917 0.007083
0 0.559583 0.056250 0.005833 0.005000
0 0.397083 0.061042 0.011667 0.014583
0 0.589167 0.052292 0.000833 0.001250
0 0.552708 0.053333 0.007917 0.012500
0 0.638542 0.047292 0.008750 0.008750
0 0.562292 0.043125 0.002083 0.002083
0 0.553125 0.041250 0.012917 0.005833
0 0.538125 0.042708 0.007917 0.008750
0 0.573958 0.038542 0.002083 0.001250
0 0.586667 0.042500 0.011667 0.016667
0 0.610417 0.047917 0.034167 0.033333
0 0.604792 0.045000 0.003750 0.002500
0 0.593958 0.032292 0.001250 0.002083
0 0.520625 0.032292 0.002083 0.002083
0 0.474375 0.040625 0.014583 0.020417
0 0.380625 0.030000 0.003750 0.005000
0 0.418958 0.024167 0.010417 0.006667
0 0.572917 0.020208 0.005833 0.008750
0 0.558125 0.017292 0.002917 0.004583
0 0.574167 0.013750 0.005833 0.002500
0 0.550833 0.013333 0.005833 0.006667