0 0.291667 0.690972 0.001543 0.002315
0 0.286651 0.690972 0.000772 0.002315
0 0.320988 0.684606 0.001543 0.001157
0 0.324074 0.684606 0.001543 0.003472
0 0.325617 0.679398 0.001543 0.002315
0 0.322145 0.677662 0.002315 0.008102
0 0.299769 0.674190 0.000772 0.001157
0 0.337577 0.678819 0.013117 0.015046
0 0.371142 0.670718 0.004630 0.005787
0 0.328704 0.670139 0.004630 0.006944
0 0.325231 0.664352 0.002315 0.002315
0 0.398534 0.660301 0.002315 0.003472
0 0.293981 0.653356 0.003086 0.005787
0 0.320216 0.649306 0.001543 0.002315
0 0.388117 0.649306 0.003086 0.004630
0 0.304012 0.644676 0.001543 0.002315
0 0.398148 0.644097 0.004630 0.003472
0 0.377701 0.641782 0.000772 0.001157
0 0.303627 0.638310 0.002315 0.003472
0 0.434799 0.626736 0.002315 0.003472
0 0.386960 0.623843 0.000772 0.002315
0 0.545910 0.614583 0.005401 0.009259
0 0.535880 0.609375 0.006944 0.008102
0 0.550926 0.603009 0.003086 0.004630
0 0.542438 0.600694 0.004630 0.006944
0 0.454475 0.595486 0.001543 0.003472
0 0.550926 0.593171 0.004630 0.008102
0 0.477623 0.584491 0.001543 0.002315
0 0.480710 0.576968 0.001543 0.001157
0 0.474923 0.574074 0.002315 0.002315
0 0.495370 0.572338 0.001543 0.001157
0 0.499614 0.571759 0.000772 0.002315
0 0.566358 0.579282 0.007716 0.021991
0 0.469907 0.569444 0.001543 0.002315
0 0.603395 0.582176 0.013889 0.032407
0 0.479167 0.572338 0.012346 0.012731
0 0.386188 0.565394 0.000772 0.001157
0 0.377701 0.561921 0.000772 0.001157
0 0.578704 0.560764 0.004630 0.010417
0 0.340664 0.552662 0.002315 0.001157
0 0.473765 0.557870 0.007716 0.016204
0 0.482639 0.550347 0.002315 0.003472
0 0.489583 0.557870 0.017747 0.025463
0 0.484182 0.558449 0.001543 0.002315
0 0.457562 0.542824 0.001543 0.002315
0 0.497685 0.542824 0.004630 0.004630
0 0.268904 0.541088 0.000772 0.001157
0 0.476080 0.534144 0.001543 0.003472
0 0.507716 0.532986 0.001543 0.003472
0 0.487654 0.538773 0.007716 0.017361
0 0.488040 0.534144 0.001543 0.002315
0 0.496142 0.532407 0.006173 0.006944
0 0.342978 0.529514 0.000772 0.001157
0 0.513117 0.526620 0.001543 0.002315
0 0.364969 0.525463 0.004630 0.006944
0 0.285880 0.523727 0.003858 0.003472
0 0.584491 0.520255 0.000772 0.001157
0 0.511960 0.520833 0.006944 0.006944
0 0.510031 0.534722 0.023148 0.034722
0 0.364969 0.515625 0.003086 0.003472
0 0.339892 0.519097 0.002315 0.010417
0 0.333333 0.522569 0.009259 0.021991
0 0.332562 0.520833 0.002315 0.003472
0 0.288580 0.511574 0.001543 0.002315
0 0.515818 0.510417 0.002315 0.002315
0 0.343750 0.509259 0.000772 0.002315
0 0.292824 0.512153 0.003858 0.010417
0 0.513889 0.505787 0.001543 0.002315
0 0.283565 0.506366 0.002315 0.003472
0 0.301312 0.503472 0.002315 0.002315
0 0.482253 0.511574 0.026235 0.023148
0 0.307870 0.501157 0.003086 0.004630
0 0.289738 0.503472 0.005401 0.009259
0 0.387731 0.498264 0.002315 0.001157
0 0.384645 0.498264 0.000772 0.001157
0 0.304012 0.498264 0.001543 0.003472
0 0.288580 0.497685 0.001543 0.002315
0 0.513503 0.497685 0.002315 0.004630
0 0.390432 0.496528 0.001543 0.002315
0 0.295139 0.500579 0.005401 0.010417
0 0.580247 0.513889 0.021605 0.039352
0 0.497685 0.498843 0.010802 0.013889
0 0.341435 0.494792 0.005401 0.005787
0 0.515432 0.491898 0.001543 0.002315
0 0.509645 0.492477 0.002315 0.005787
0 0.327932 0.488426 0.001543 0.002315
0 0.520833 0.486690 0.001543 0.005787
0 0.504244 0.485532 0.003858 0.005787
0 0.321759 0.486111 0.003086 0.009259
0 0.345293 0.479745 0.002315 0.003472
0 0.364969 0.474537 0.001543 0.002315
0 0.312500 0.475116 0.003086 0.003472
0 0.539738 0.476852 0.008488 0.009259
0 0.545525 0.469329 0.003086 0.003472
0 0.396219 0.468171 0.002315 0.003472
0 0.435571 0.480324 0.019290 0.032407
0 0.552855 0.465278 0.000772 0.004630
0 0.395448 0.462384 0.002315 0.003472
0 0.554012 0.456019 0.001543 0.004630
0 0.510417 0.454861 0.002315 0.004630
0 0.562500 0.451968 0.001543 0.001157
0 0.549383 0.451389 0.003086 0.004630
0 0.545910 0.449653 0.000772 0.001157
0 0.488426 0.476273 0.052469 0.054398
0 0.482639 0.467593 0.007716 0.008102
0 0.488040 0.463542 0.001543 0.002315
0 0.493441 0.458912 0.003086 0.004630
0 0.495370 0.454861 0.002315 0.005787
0 0.331790 0.465278 0.033951 0.032407
0 0.338349 0.477431 0.001543 0.002315
0 0.339506 0.468171 0.002315 0.002315
0 0.552083 0.449653 0.002315 0.005787
0 0.432099 0.450231 0.009259 0.006944
0 0.478009 0.447338 0.002315 0.003472
0 0.422068 0.450231 0.009259 0.009259
0 0.396605 0.453125 0.009259 0.015046
0 0.538194 0.446181 0.002315 0.003472
0 0.340278 0.446759 0.003086 0.004630
0 0.396605 0.443287 0.001543 0.002315
0 0.498457 0.440394 0.003086 0.003472
0 0.484954 0.439236 0.000772 0.001157
0 0.491512 0.439815 0.004630 0.004630
0 0.398534 0.439236 0.002315 0.003472
0 0.254244 0.438079 0.002315 0.003472
0 0.569830 0.435185 0.002315 0.002315
0 0.458333 0.433449 0.001543 0.001157
0 0.550926 0.435764 0.007716 0.017361
0 0.475309 0.428241 0.001543 0.002315
0 0.396219 0.426505 0.000772 0.001157
0 0.423611 0.428819 0.004630 0.008102
0 0.564815 0.423032 0.003086 0.005787
0 0.552855 0.420718 0.000772 0.001157
0 0.469522 0.423032 0.003858 0.005787
0 0.574074 0.423032 0.009259 0.008102
0 0.481481 0.424190 0.009259 0.015046
0 0.459105 0.421296 0.003086 0.009259
0 0.290123 0.416088 0.001543 0.003472
0 0.402392 0.418403 0.003858 0.010417
0 0.554012 0.416667 0.004630 0.011574
0 0.539352 0.412037 0.001543 0.002315
0 0.521219 0.416667 0.005401 0.011574
0 0.418981 0.416667 0.007716 0.011574
0 0.463349 0.411458 0.003858 0.003472
0 0.557870 0.410301 0.001543 0.003472
0 0.417052 0.409722 0.000772 0.002315
0 0.267747 0.410880 0.003086 0.004630
0 0.258102 0.416088 0.005401 0.017361
0 0.251929 0.414352 0.011574 0.025463
0 0.393904 0.399884 0.000772 0.001157
0 0.290509 0.406829 0.006944 0.015046
0 0.299383 0.398727 0.001543 0.001157
0 0.270833 0.399884 0.001543 0.003472
0 0.285494 0.396412 0.001543 0.003472
0 0.420910 0.393519 0.002315 0.004630
0 0.409336 0.407986 0.011574 0.033565
0 0.550926 0.391204 0.001543 0.002315
0 0.406250 0.380208 0.000772 0.001157
0 0.284336 0.383102 0.005401 0.006944
0 0.285880 0.376736 0.000772 0.001157
0 0.304784 0.374421 0.001543 0.003472
0 0.397762 0.375000 0.005401 0.009259
0 0.517361 0.372685 0.003858 0.006944
0 0.508102 0.371528 0.005401 0.011574
0 0.451775 0.368634 0.006944 0.008102
0 0.399306 0.364583 0.003858 0.004630
0 0.492284 0.370370 0.012346 0.018519
0 0.393133 0.361111 0.002315 0.002315
0 0.314815 0.359954 0.001543 0.002315
0 0.429398 0.354745 0.003858 0.005787
0 0.427083 0.341435 0.002315 0.002315
0 0.365741 0.340856 0.001543 0.001157
0 0.418596 0.339699 0.000772 0.001157
0 0.309028 0.347801 0.011574 0.019676
0 0.302855 0.331597 0.000772 0.001157
0 0.360725 0.329282 0.000772 0.003472
0 0.320988 0.325810 0.003086 0.005787
0 0.311343 0.321181 0.003858 0.003472
0 0.353395 0.325231 0.016975 0.018519
0 0.312500 0.316551 0.001543 0.001157
0 0.369599 0.318866 0.004630 0.008102
0 0.377315 0.315394 0.007716 0.010417
0 0.386574 0.310764 0.001543 0.003472
0 0.318673 0.309606 0.001543 0.003472
0 0.314815 0.308449 0.003086 0.003472
0 0.325231 0.305556 0.002315 0.004630
0 0.340664 0.295718 0.006944 0.008102
0 0.334491 0.292245 0.000772 0.001157
0 0.380787 0.270255 0.002315 0.003472
1 0.572531 0.627315 0.024691 0.013889
1 0.621142 0.621528 0.006173 0.013889
1 0.302855 0.617477 0.014660 0.024306
1 0.365741 0.580440 0.003086 0.005787
1 0.404321 0.587963 0.016975 0.025463
1 0.396219 0.539931 0.003858 0.008102
1 0.431327 0.519676 0.003086 0.004630
1 0.315201 0.528935 0.020833 0.032407
1 0.656250 0.513889 0.016204 0.030093
1 0.433642 0.505787 0.010802 0.018519
1 0.368827 0.522569 0.041667 0.056713
1 0.266590 0.484375 0.002315 0.003472
1 0.402778 0.499421 0.020062 0.040509
1 0.270448 0.470486 0.000772 0.001157
1 0.298225 0.480324 0.020833 0.032407
1 0.432099 0.458912 0.003086 0.005787
1 0.277006 0.449074 0.003086 0.006944
1 0.414352 0.460069 0.020062 0.035880
1 0.272762 0.442708 0.000772 0.001157
1 0.326003 0.439815 0.011574 0.011574
1 0.241127 0.434606 0.002315 0.005787
1 0.358410 0.428241 0.003858 0.006944
1 0.358410 0.419560 0.003858 0.003472
1 0.368827 0.395255 0.004630 0.008102
1 0.338735 0.400463 0.010802 0.023148
1 0.387346 0.388889 0.004630 0.006944
1 0.315972 0.383102 0.008488 0.016204
1 0.356096 0.355324 0.008488 0.013889
1 0.385417 0.348958 0.011574 0.015046
1 0.426312 0.328704 0.008488 0.018519
1 0.242284 0.353009 0.054012 0.078704
1 0.299769 0.318287 0.008488 0.011574
1 0.270833 0.303819 0.004630 0.008102
1 0.499228 0.321181 0.050926 0.049769
1 0.408565 0.252894 0.000772 0.001157
1 0.416281 0.239005 0.008488 0.008102
1 0.373843 0.229167 0.010031 0.009259
1 0.429784 0.233218 0.009259 0.019676
1 0.401620 0.221644 0.002315 0.003472
1 0.462191 0.227431 0.006173 0.017361
1 0.430170 0.185764 0.002315 0.003472
1 0.435185 0.189236 0.012346 0.024306
1 0.339892 0.179977 0.013117 0.033565
1 0.438272 0.131366 0.010802 0.010417
3 0.399306 0.705440 0.006944 0.015046
3 0.429784 0.565972 0.001543 0.002315
3 0.604167 0.565972 0.006173 0.006944
3 0.427083 0.557870 0.003858 0.006944
3 0.509645 0.555556 0.005401 0.009259
3 0.494985 0.545718 0.002315 0.003472
3 0.595293 0.461227 0.002315 0.005787
3 0.429398 0.433449 0.002315 0.003472
3 0.437500 0.426505 0.001543 0.001157
3 0.609182 0.342014 0.000772 0.001157
3 0.531636 0.299190 0.003086 0.005787
3 0.427083 0.281829 0.006944 0.015046
3 0.531636 0.212384 0.001543 0.001157
3 0.523148 0.211806 0.007716 0.006944
3 0.514660 0.212384 0.006173 0.008102
3 0.650077 0.202546 0.003858 0.004630
3 0.645062 0.200231 0.001543 0.004630
3 0.530478 0.201389 0.008488 0.006944
3 0.545139 0.185764 0.003858 0.005787
3 0.543981 0.162037 0.004630 0.006944