0 0.739401 0.496711 0.003655 0.008772
0 0.727339 0.493421 0.005848 0.013158
0 0.736842 0.484101 0.004386 0.005482
2 0.711257 0.593750 0.008772 0.020833
3 0.560673 0.907895 0.001462 0.002193
3 0.550804 0.890899 0.003655 0.005482
3 0.356725 0.796601 0.004386 0.005482
3 0.420687 0.794408 0.009503 0.009868
3 0.729532 0.776316 0.004386 0.008772
3 0.300073 0.772478 0.002193 0.003289
3 0.577120 0.665570 0.002193 0.004386
3 0.394371 0.654605 0.002193 0.006579
3 0.716009 0.652412 0.002193 0.004386
3 0.589547 0.651864 0.003655 0.005482
3 0.569810 0.645285 0.005117 0.007675
3 0.601608 0.620614 0.002924 0.006579
3 0.702485 0.591557 0.005848 0.007675
3 0.664108 0.536732 0.002193 0.005482
3 0.629020 0.461623 0.005117 0.008772
3 0.793494 0.445175 0.002193 0.006579
3 0.641447 0.410088 0.003655 0.008772
3 0.663743 0.369518 0.005848 0.006579
3 0.671418 0.244518 0.003655 0.004386
3 0.647295 0.230263 0.003655 0.006579
3 0.495980 0.223136 0.003655 0.005482
3 0.476243 0.212719 0.005117 0.006579
3 0.611842 0.198465 0.001462 0.004386
3 0.510965 0.115680 0.002924 0.003289
3 0.506579 0.108004 0.004386 0.003289
3 0.437865 0.078399 0.002924 0.003289