0 0.376087 0.751809 0.005797 0.004342
0 0.512681 0.750724 0.007971 0.003618
0 0.379710 0.744211 0.002899 0.003618
0 0.388406 0.731548 0.001449 0.001447
0 0.526812 0.725036 0.010145 0.010130
0 0.385870 0.713459 0.002174 0.001447
0 0.424275 0.706585 0.006522 0.009407
0 0.390942 0.703690 0.009420 0.012301
0 0.333333 0.702605 0.010145 0.013025
0 0.390942 0.695369 0.003623 0.001447
0 0.385870 0.694284 0.002174 0.002171
0 0.397464 0.694284 0.003623 0.003618
0 0.377536 0.692113 0.004348 0.006512
0 0.407971 0.684515 0.013043 0.015919
0 0.376812 0.676918 0.002899 0.003618
0 0.550725 0.678726 0.010145 0.011577
0 0.392029 0.670767 0.005797 0.002894
0 0.483333 0.655210 0.005797 0.007959
0 0.360507 0.649783 0.003623 0.004342
0 0.368478 0.646889 0.003623 0.005789
0 0.475000 0.644718 0.006522 0.005789
0 0.467391 0.640014 0.001449 0.002171
0 0.459058 0.642909 0.006522 0.007959
0 0.481884 0.638929 0.004348 0.005789
0 0.462319 0.634226 0.002899 0.003618
0 0.461957 0.626628 0.002174 0.002894
0 0.423913 0.611071 0.027536 0.022431
0 0.381884 0.605644 0.011594 0.017366
0 0.393841 0.600217 0.007971 0.016643
0 0.405072 0.577786 0.002899 0.002171
0 0.921739 0.558249 0.001449 0.002171
0 0.427174 0.561143 0.010870 0.012301
0 0.907609 0.549928 0.012319 0.004342
0 0.401449 0.566932 0.040580 0.038350
0 0.399275 0.566208 0.010145 0.009407
0 0.901812 0.541968 0.003623 0.002894
0 0.914130 0.541245 0.005072 0.002894
0 0.955435 0.539074 0.002174 0.002894
0 0.901449 0.515557 0.002899 0.002171
0 0.910145 0.514472 0.001449 0.001447
0 0.956884 0.511577 0.006522 0.005789
0 0.955797 0.510854 0.004348 0.002894
0 0.903261 0.501085 0.006522 0.005065
0 0.951449 0.500000 0.005797 0.005789
0 0.938768 0.494935 0.002174 0.001447
0 0.913768 0.493849 0.008696 0.007959
0 0.923913 0.485890 0.002899 0.002171
0 0.953986 0.485166 0.005072 0.003618
0 0.943841 0.483719 0.007971 0.006512
0 0.962319 0.486614 0.015942 0.016643
0 0.920290 0.476845 0.001449 0.001447
0 0.908333 0.477931 0.007971 0.012301
0 0.270652 0.451881 0.002174 0.002171
0 0.256522 0.441751 0.002899 0.005065
0 0.279710 0.432706 0.004348 0.004342
0 0.269203 0.430174 0.006522 0.006512
0 0.264493 0.417511 0.002899 0.002894
0 0.394203 0.351302 0.014493 0.028220
1 0.136232 0.815847 0.044928 0.042692
1 0.503623 0.725036 0.024638 0.018813
1 0.493116 0.700072 0.019565 0.022431
1 0.925362 0.514834 0.023188 0.026773
1 0.573188 0.328509 0.050725 0.021708
2 0.381159 0.201881 0.078261 0.102750
3 0.586594 0.909551 0.009420 0.007236
3 0.622464 0.885673 0.004348 0.004342
3 0.631884 0.885673 0.008696 0.010130
3 0.584783 0.874096 0.011594 0.007236
3 0.724638 0.868669 0.005797 0.006512
3 0.559058 0.858900 0.006522 0.004342
3 0.480072 0.842619 0.006522 0.005065
3 0.778986 0.804631 0.005797 0.005789
3 0.751449 0.788350 0.005797 0.005065
3 0.835145 0.765919 0.005072 0.005065
3 0.860145 0.761577 0.005797 0.006512
3 0.817754 0.759407 0.002174 0.002171
3 0.844928 0.759768 0.002899 0.004342
3 0.858696 0.753980 0.010145 0.008683
3 0.333333 0.739146 0.007246 0.006512
3 0.461594 0.701158 0.002899 0.001447
3 0.690217 0.694645 0.007971 0.005789
3 0.534058 0.651954 0.001449 0.002894
3 0.541304 0.590449 0.002899 0.002894
3 0.974638 0.585384 0.004348 0.007236
3 0.080797 0.543777 0.007971 0.007959
3 0.498188 0.533647 0.002174 0.003618
3 0.216667 0.460564 0.008696 0.006512
3 0.464130 0.458032 0.003623 0.004342
3 0.257609 0.425832 0.016667 0.009407
3 0.641304 0.399783 0.011594 0.016643
3 0.893116 0.222865 0.003623 0.004342
3 0.429710 0.178365 0.005797 0.003618
3 0.412319 0.176918 0.005797 0.005065
3 0.712681 0.111071 0.003623 0.005065
3 0.728623 0.090810 0.006522 0.007959