1 0.427002 0.897461 0.013184 0.008464
1 0.406006 0.886068 0.019043 0.016927
1 0.544678 0.861328 0.009277 0.010417
1 0.558105 0.886393 0.208008 0.070964
1 0.369873 0.850260 0.027832 0.018229
1 0.688965 0.829102 0.004883 0.005859
1 0.450928 0.826823 0.009277 0.010417
1 0.737793 0.689779 0.015625 0.017578
1 0.289307 0.634115 0.008301 0.007813
1 0.672119 0.607422 0.010254 0.015625
1 0.724609 0.591471 0.007813 0.008464
1 0.806641 0.528646 0.001953 0.003906
1 0.453369 0.522786 0.008301 0.010417
1 0.798340 0.519857 0.010742 0.013672
1 0.815186 0.485677 0.009277 0.026042
1 0.813721 0.455729 0.013184 0.013021
1 0.817871 0.441406 0.008789 0.015625
1 0.423340 0.430990 0.012695 0.010417
1 0.817139 0.417643 0.006348 0.007161
1 0.749756 0.412435 0.004395 0.004557
1 0.759766 0.404948 0.021484 0.028646
1 0.758789 0.398112 0.007813 0.009766
1 0.796143 0.375326 0.006348 0.005859
1 0.743408 0.339518 0.011230 0.009766
1 0.671875 0.292969 0.012695 0.010417
3 0.366943 0.866536 0.003418 0.003906
3 0.388916 0.842448 0.002441 0.003906
3 0.715576 0.807292 0.003418 0.005208
3 0.464355 0.797526 0.009766 0.007813
3 0.635010 0.778646 0.003418 0.005208
3 0.523682 0.634766 0.003418 0.006510
3 0.793457 0.542643 0.004883 0.005859
3 0.458252 0.531901 0.002441 0.002604
3 0.810791 0.451823 0.003418 0.003906
3 0.563477 0.415039 0.001953 0.004557
3 0.525391 0.376302 0.002930 0.003906