0 0.479278 0.602000 0.004011 0.004000
0 0.751671 0.598000 0.006016 0.008000
0 0.474933 0.592000 0.002005 0.006000
0 0.471925 0.592000 0.002674 0.006000
0 0.449198 0.578500 0.002674 0.003000
0 0.550802 0.563000 0.001337 0.008000
0 0.728275 0.553500 0.002005 0.003000
0 0.494652 0.551500 0.001337 0.003000
0 0.773061 0.528500 0.002005 0.003000
0 0.527406 0.524000 0.001337 0.002000
0 0.773730 0.514500 0.002005 0.003000
0 0.200201 0.512500 0.004679 0.007000
0 0.809492 0.502500 0.004011 0.005000
0 0.550802 0.493000 0.001337 0.004000
0 0.569853 0.488500 0.002005 0.003000
0 0.701537 0.428500 0.002005 0.003000
1 0.485294 0.549500 0.005348 0.009000
1 0.650735 0.537500 0.006016 0.005000
1 0.451537 0.132500 0.002005 0.005000
3 0.568850 0.913500 0.001337 0.003000
3 0.549465 0.863000 0.004011 0.004000
3 0.548128 0.837000 0.001337 0.002000
3 0.539439 0.836000 0.001337 0.002000
3 0.467580 0.803500 0.003342 0.003000
3 0.623329 0.801000 0.000668 0.002000
3 0.437500 0.767000 0.002005 0.002000
3 0.493650 0.746500 0.004679 0.005000
3 0.775067 0.666000 0.004679 0.006000
3 0.774733 0.641000 0.001337 0.002000
3 0.561832 0.630000 0.002005 0.002000
3 0.556484 0.624000 0.002005 0.006000
3 0.648061 0.613000 0.004679 0.006000
3 0.499332 0.604500 0.001337 0.003000
3 0.587233 0.604000 0.003342 0.004000
3 0.583222 0.602500 0.000668 0.001000
3 0.529412 0.577500 0.001337 0.001000
3 0.526070 0.574000 0.002674 0.004000
3 0.427139 0.564500 0.002674 0.003000
3 0.759693 0.498500 0.000668 0.001000
3 0.650401 0.497500 0.001337 0.003000
3 0.643382 0.499500 0.003342 0.007000
3 0.713570 0.478000 0.002005 0.002000
3 0.720922 0.469000 0.000668 0.002000
3 0.496992 0.466000 0.002005 0.004000
3 0.728944 0.458000 0.002005 0.002000
3 0.685829 0.426500 0.001337 0.003000
3 0.631350 0.413500 0.002005 0.003000
3 0.678142 0.403000 0.002005 0.004000
3 0.607955 0.365000 0.003342 0.006000
3 0.635695 0.337500 0.001337 0.003000
3 0.668115 0.326500 0.002005 0.003000
3 0.669118 0.321500 0.002674 0.003000
3 0.551805 0.319500 0.003342 0.003000
3 0.664439 0.318500 0.001337 0.003000
3 0.558489 0.314000 0.002005 0.002000
3 0.659759 0.156500 0.002674 0.003000
3 0.402741 0.136000 0.002005 0.002000
3 0.443850 0.106500 0.001337 0.001000