0 0.193604 0.571289 0.003418 0.007161
0 0.193604 0.563802 0.003418 0.005208
0 0.456055 0.285482 0.004883 0.007161
1 0.663330 0.867839 0.014160 0.015625
1 0.663086 0.867188 0.005859 0.006510
1 0.664063 0.853516 0.003906 0.006510
1 0.512695 0.819010 0.020508 0.013021
1 0.612305 0.793294 0.009766 0.012370
1 0.657227 0.723633 0.009766 0.009766
1 0.197266 0.692708 0.014648 0.022135
1 0.682861 0.497070 0.003418 0.005859
1 0.445068 0.269531 0.008301 0.013021
1 0.583008 0.244466 0.005859 0.007161
1 0.429443 0.237305 0.061035 0.067057
1 0.411133 0.198568 0.009766 0.006510
1 0.399902 0.193359 0.001953 0.007813
1 0.724365 0.173828 0.005371 0.003906
1 0.404297 0.156901 0.000977 0.001302
1 0.393555 0.157552 0.002930 0.002604
1 0.401611 0.153320 0.003418 0.003255
1 0.376709 0.149414 0.001465 0.001953
1 0.409912 0.150065 0.003418 0.004557
1 0.405029 0.147461 0.003418 0.005859
1 0.373779 0.142904 0.002441 0.007161
1 0.375244 0.136719 0.001465 0.001302
1 0.536621 0.138021 0.017578 0.016927
1 0.582275 0.094076 0.008301 0.029297
1 0.583740 0.077799 0.001465 0.001953
1 0.560059 0.089193 0.014648 0.032552
3 0.593994 0.679688 0.003418 0.003906
3 0.513672 0.665365 0.000977 0.001302
3 0.485596 0.445638 0.003418 0.004557
3 0.656494 0.365885 0.002441 0.003906