0 0.664352 0.954733 0.001543 0.002058
0 0.592593 0.945988 0.004630 0.005144
0 0.677469 0.943416 0.004630 0.008230
0 0.658951 0.922840 0.004630 0.006173
0 0.613426 0.917695 0.006173 0.010288
0 0.664738 0.908436 0.006944 0.006173
0 0.276620 0.904321 0.010031 0.006173
0 0.347994 0.902778 0.006173 0.007202
0 0.200231 0.840021 0.002315 0.005144
0 0.193673 0.840535 0.006173 0.006173
0 0.288194 0.820473 0.002315 0.003086
0 0.181713 0.815844 0.000772 0.002058
0 0.280864 0.816358 0.007716 0.013374
0 0.268904 0.812243 0.003858 0.005144
0 0.382330 0.808642 0.002315 0.002058
0 0.415123 0.804527 0.003086 0.004115
0 0.352623 0.800926 0.010802 0.007202
0 0.281250 0.798868 0.002315 0.003086
0 0.218364 0.802469 0.007716 0.012346
0 0.175926 0.797325 0.003086 0.004115
0 0.202932 0.794239 0.003086 0.002058
0 0.192515 0.783951 0.002315 0.004115
0 0.300540 0.782922 0.005401 0.008230
0 0.293981 0.776235 0.003086 0.005144
0 0.298611 0.770062 0.004630 0.005144
0 0.184028 0.771605 0.005401 0.008230
0 0.267747 0.755658 0.010802 0.007202
0 0.251157 0.755144 0.005401 0.006173
0 0.241127 0.753601 0.017747 0.019547
0 0.239583 0.754630 0.001543 0.002058
0 0.226466 0.744342 0.006944 0.007202
0 0.235725 0.739712 0.003858 0.004115
0 0.667824 0.697531 0.002315 0.002058
0 0.673997 0.694959 0.005401 0.011317
0 0.670910 0.682613 0.002315 0.005144
0 0.645448 0.681070 0.000772 0.002058
0 0.623071 0.682613 0.005401 0.007202
0 0.643519 0.677469 0.001543 0.003086
0 0.666281 0.674383 0.000772 0.001029
0 0.650849 0.676440 0.005401 0.007202
0 0.627315 0.673354 0.001543 0.001029
0 0.631944 0.674383 0.004630 0.005144
0 0.635417 0.669239 0.002315 0.003086
0 0.658179 0.669239 0.007716 0.009259
0 0.618441 0.665638 0.003858 0.004115
0 0.652392 0.661008 0.000772 0.001029
0 0.641590 0.657922 0.002315 0.003086
0 0.660494 0.655864 0.003086 0.005144
0 0.626157 0.658951 0.010031 0.011317
0 0.320602 0.584877 0.005401 0.007202
0 0.308256 0.579733 0.002315 0.003086
0 0.315586 0.578189 0.003086 0.004115
0 0.324846 0.574588 0.001543 0.001029
0 0.307485 0.572531 0.003858 0.001029
0 0.283565 0.569444 0.000772 0.001029
0 0.345293 0.570473 0.003858 0.005144
0 0.366127 0.570473 0.003858 0.007202
0 0.279707 0.567387 0.002315 0.003086
0 0.378086 0.564815 0.004630 0.004115
0 0.385417 0.560185 0.003858 0.003086
0 0.294753 0.559156 0.004630 0.005144
0 0.405093 0.549897 0.001543 0.003086
0 0.394290 0.549383 0.001543 0.002058
0 0.322145 0.552469 0.006944 0.010288
0 0.291667 0.545782 0.001543 0.001029
0 0.276235 0.550412 0.006173 0.010288
0 0.385802 0.544753 0.004630 0.003086
0 0.349151 0.540123 0.002315 0.004115
0 0.414352 0.541152 0.010802 0.008230
0 0.285880 0.536008 0.003858 0.006173
0 0.370370 0.530864 0.003086 0.006173
0 0.293596 0.529835 0.002315 0.004115
0 0.359954 0.527263 0.002315 0.003086
0 0.285880 0.526749 0.002315 0.004115
0 0.263117 0.526749 0.003086 0.006173
0 0.390818 0.524691 0.002315 0.004115
0 0.380401 0.524177 0.001543 0.003086
0 0.280478 0.521605 0.002315 0.004115
0 0.394676 0.521091 0.005401 0.005144
0 0.290123 0.521091 0.001543 0.005144
0 0.280478 0.512860 0.002315 0.003086
0 0.293981 0.508745 0.003086 0.005144
0 0.271219 0.523148 0.010031 0.040123
0 0.398148 0.503086 0.003086 0.004115
0 0.288966 0.504115 0.003858 0.006173
0 0.314429 0.525206 0.036265 0.050412
0 0.308642 0.541152 0.002315 0.003086
0 0.372685 0.499486 0.001543 0.001029
0 0.270448 0.500000 0.002315 0.004115
0 0.295139 0.497942 0.002315 0.004115
0 0.359568 0.495370 0.001543 0.001029
0 0.345679 0.493827 0.004630 0.004115
0 0.340278 0.493827 0.001543 0.004115
0 0.290509 0.492284 0.002315 0.003086
0 0.280093 0.499486 0.012346 0.019547
0 0.305941 0.490741 0.003858 0.004115
0 0.332948 0.490226 0.002315 0.005144
0 0.267747 0.489712 0.003086 0.004115
0 0.377701 0.493313 0.020833 0.015432
0 0.282407 0.486111 0.006173 0.005144
0 0.347222 0.484053 0.001543 0.003086
0 0.309414 0.483539 0.001543 0.004115
0 0.339506 0.479424 0.001543 0.002058
0 0.300926 0.482510 0.009259 0.010288
0 0.309799 0.478395 0.003858 0.004115
0 0.356481 0.483539 0.015432 0.018519
0 0.316358 0.487140 0.016975 0.027778
0 0.305170 0.474794 0.003858 0.003086
0 0.289352 0.476337 0.004630 0.008230
0 0.330633 0.473251 0.006944 0.006173
0 0.294753 0.471193 0.003086 0.004115
0 0.273534 0.470679 0.000772 0.003086
0 0.339506 0.472222 0.004630 0.010288
0 0.300926 0.468107 0.004630 0.006173
0 0.266975 0.466564 0.004630 0.003086
0 0.278164 0.463477 0.005401 0.003086
0 0.342207 0.461934 0.002315 0.002058
0 0.295910 0.463992 0.003858 0.006173
0 0.192901 0.462449 0.004630 0.003086
0 0.217593 0.459877 0.001543 0.002058
0 0.223765 0.465535 0.006173 0.015432
0 0.214506 0.463477 0.010802 0.011317
0 0.211806 0.464506 0.001543 0.002058
0 0.166281 0.467593 0.008488 0.019547
0 0.337191 0.458333 0.001543 0.003086
0 0.332176 0.459362 0.003858 0.005144
0 0.266975 0.454733 0.001543 0.002058
0 0.219522 0.455247 0.002315 0.003086
0 0.291667 0.453704 0.003086 0.004115
0 0.286265 0.456276 0.006173 0.013374
0 0.331019 0.450617 0.004630 0.004115
0 0.304784 0.455247 0.013889 0.013374
0 0.198302 0.450103 0.001543 0.003086
0 0.334105 0.448045 0.001543 0.003086
0 0.173611 0.449074 0.003086 0.005144
0 0.294753 0.448045 0.003086 0.005144
0 0.255015 0.452160 0.005401 0.013374
0 0.333719 0.444959 0.000772 0.001029
0 0.309414 0.446502 0.003086 0.004115
0 0.274691 0.447016 0.003086 0.005144
0 0.288194 0.444959 0.002315 0.003086
0 0.201389 0.444444 0.003086 0.002058
0 0.172840 0.443930 0.001543 0.001029
0 0.170910 0.443930 0.000772 0.001029
0 0.238812 0.443930 0.002315 0.005144
0 0.179012 0.438786 0.003086 0.003086
0 0.307870 0.438272 0.006173 0.004115
0 0.239198 0.434671 0.001543 0.001029
0 0.299383 0.434671 0.003086 0.003086
0 0.291667 0.436214 0.004630 0.008230
0 0.219907 0.433128 0.001543 0.002058
0 0.334491 0.436214 0.005401 0.010288
0 0.186728 0.445473 0.020062 0.028807
0 0.244213 0.431584 0.002315 0.003086
0 0.197531 0.432613 0.003086 0.005144
0 0.164352 0.432099 0.001543 0.004115
0 0.208719 0.431070 0.002315 0.004115
0 0.191358 0.433128 0.007716 0.008230
0 0.311343 0.430556 0.003858 0.005144
0 0.239969 0.430041 0.004630 0.004115
0 0.231096 0.432099 0.003858 0.008230
0 0.223765 0.429012 0.001543 0.002058
0 0.320602 0.446502 0.017747 0.041152
0 0.213735 0.426955 0.001543 0.002058
0 0.266590 0.438786 0.037809 0.027778
0 0.292824 0.426440 0.002315 0.005144
0 0.188657 0.424897 0.002315 0.002058
0 0.308256 0.424897 0.000772 0.004115
0 0.211420 0.422840 0.001543 0.002058
0 0.168981 0.425926 0.004630 0.008230
0 0.341435 0.422840 0.003858 0.004115
0 0.245756 0.421811 0.002315 0.002058
0 0.181713 0.423354 0.002315 0.005144
0 0.296296 0.421811 0.003086 0.006173
0 0.287809 0.424897 0.009259 0.012346
0 0.236883 0.419753 0.001543 0.004115
0 0.154707 0.420267 0.003858 0.005144
0 0.219907 0.419239 0.006173 0.005144
0 0.310185 0.418210 0.003086 0.005144
0 0.174383 0.421296 0.006173 0.011317
0 0.332948 0.419239 0.008488 0.009259
0 0.255787 0.418724 0.008488 0.008230
0 0.245370 0.415638 0.003086 0.004115
0 0.241127 0.416152 0.003858 0.005144
0 0.298611 0.413580 0.001543 0.002058
0 0.189815 0.417181 0.004630 0.009259
0 0.136960 0.413066 0.000772 0.001029
0 0.307099 0.413066 0.001543 0.003086
0 0.271219 0.414609 0.006944 0.008230
0 0.178241 0.411008 0.003086 0.003086
0 0.220679 0.410494 0.003086 0.004115
0 0.161651 0.409465 0.002315 0.002058
0 0.167052 0.413066 0.006944 0.011317
0 0.174383 0.407922 0.001543 0.003086
0 0.305170 0.405864 0.000772 0.001029
0 0.373457 0.408951 0.004630 0.009259
0 0.140818 0.406893 0.005401 0.005144
0 0.236883 0.404835 0.003086 0.003086
0 0.195988 0.405864 0.003086 0.005144
0 0.156636 0.404321 0.001543 0.002058
0 0.288194 0.407407 0.003858 0.012346
0 0.247299 0.404835 0.003858 0.007202
0 0.229167 0.412037 0.009259 0.021605
0 0.219907 0.402778 0.004630 0.003086
0 0.242670 0.403292 0.003858 0.006173
0 0.205633 0.414095 0.022377 0.027778
0 0.335262 0.400206 0.002315 0.002058
0 0.280864 0.402263 0.003086 0.006173
0 0.185957 0.405350 0.007716 0.012346
0 0.252315 0.400720 0.004630 0.005144
0 0.226852 0.400206 0.004630 0.004115
0 0.168596 0.399177 0.002315 0.002058
0 0.295525 0.398663 0.003086 0.003086
0 0.331404 0.398148 0.002315 0.004115
0 0.223380 0.398663 0.002315 0.005144
0 0.317130 0.407407 0.016975 0.026749
0 0.162423 0.396605 0.003858 0.005144
0 0.141204 0.396091 0.003086 0.004115
0 0.182485 0.396605 0.003858 0.007202
0 0.146605 0.396605 0.006173 0.009259
0 0.229167 0.392490 0.003086 0.003086
0 0.224151 0.392490 0.003858 0.003086
0 0.267361 0.393519 0.003858 0.007202
0 0.241512 0.391975 0.004630 0.004115
0 0.196759 0.396605 0.012346 0.013374
0 0.213735 0.390947 0.003086 0.006173
0 0.177083 0.389918 0.002315 0.004115
0 0.169367 0.388889 0.000772 0.002058
0 0.275463 0.389918 0.007716 0.006173
0 0.172068 0.389918 0.003086 0.006173
0 0.252315 0.391461 0.012346 0.011317
0 0.238812 0.387346 0.000772 0.003086
0 0.283951 0.391461 0.004630 0.013374
0 0.241127 0.386317 0.002315 0.005144
0 0.326389 0.388889 0.006173 0.012346
0 0.293596 0.383230 0.002315 0.005144
0 0.217978 0.383230 0.003858 0.005144
0 0.246914 0.383230 0.001543 0.007202
0 0.163194 0.380658 0.000772 0.002058
0 0.159336 0.382202 0.002315 0.005144
0 0.271219 0.382202 0.005401 0.007202
0 0.231481 0.388374 0.010802 0.019547
0 0.379630 0.383745 0.007716 0.012346
0 0.170525 0.381687 0.006173 0.008230
0 0.287423 0.377572 0.002315 0.002058
0 0.274691 0.377058 0.001543 0.001029
0 0.236111 0.378086 0.003086 0.003086
0 0.206019 0.379630 0.006173 0.006173
0 0.188657 0.381173 0.002315 0.009259
0 0.113812 0.376029 0.000772 0.001029
0 0.157407 0.376029 0.003086 0.003086
0 0.317130 0.383230 0.013889 0.019547
0 0.306327 0.374486 0.003086 0.004115
0 0.285108 0.372942 0.002315 0.003086
0 0.260802 0.380144 0.007716 0.019547
0 0.231867 0.372428 0.003858 0.004115
0 0.185957 0.371914 0.001543 0.003086
0 0.182099 0.370885 0.001543 0.005144
0 0.166667 0.372428 0.004630 0.008230
0 0.137346 0.371399 0.003086 0.006173
0 0.370756 0.372942 0.013117 0.011317
0 0.291281 0.368827 0.002315 0.003086
0 0.145448 0.368313 0.000772 0.002058
0 0.359182 0.368827 0.006944 0.009259
0 0.318673 0.366255 0.003086 0.004115
0 0.281250 0.365741 0.002315 0.003086
0 0.221836 0.366255 0.002315 0.004115
0 0.220293 0.362654 0.000772 0.001029
0 0.208719 0.363169 0.002315 0.002058
0 0.313657 0.362140 0.003858 0.004115
0 0.263889 0.361111 0.001543 0.002058
0 0.292438 0.361626 0.003086 0.005144
0 0.285494 0.362140 0.004630 0.006173
0 0.273534 0.367284 0.016204 0.016461
0 0.295139 0.358539 0.000772 0.001029
0 0.235340 0.362140 0.010802 0.010288
0 0.150463 0.359053 0.003086 0.004115
0 0.195602 0.359053 0.003858 0.008230
0 0.267747 0.357510 0.003086 0.009259
0 0.238812 0.352881 0.002315 0.002058
0 0.154707 0.354424 0.003858 0.005144
0 0.140432 0.353395 0.003086 0.005144
0 0.283179 0.352366 0.003086 0.005144
0 0.206790 0.352366 0.001543 0.005144
0 0.266590 0.349280 0.002315 0.005144
0 0.177855 0.350309 0.006944 0.007202
0 0.273148 0.348765 0.003086 0.006173
0 0.165895 0.349280 0.004630 0.007202
0 0.238426 0.347222 0.001543 0.005144
0 0.225309 0.347222 0.003086 0.005144
0 0.285880 0.347222 0.002315 0.007202
0 0.242670 0.343621 0.000772 0.002058
0 0.209105 0.344650 0.004630 0.004115
0 0.180556 0.342593 0.001543 0.004115
0 0.238812 0.341049 0.002315 0.003086
0 0.258873 0.347222 0.008488 0.017490
0 0.192515 0.340021 0.002315 0.003086
0 0.164352 0.340535 0.001543 0.004115
0 0.250000 0.357510 0.016975 0.040123
0 0.220679 0.339506 0.003086 0.004115
0 0.203704 0.340021 0.006173 0.005144
0 0.260802 0.337449 0.001543 0.002058
0 0.282793 0.335905 0.002315 0.003086
0 0.230710 0.343621 0.009259 0.018519
0 0.145833 0.336420 0.003086 0.004115
0 0.253086 0.335391 0.003086 0.004115
0 0.241127 0.333333 0.003858 0.008230
0 0.235725 0.330761 0.002315 0.003086
0 0.202932 0.327160 0.001543 0.002058
0 0.258102 0.329218 0.006944 0.008230
0 0.252315 0.324588 0.003086 0.003086
0 0.214120 0.332305 0.008488 0.018519
0 0.211420 0.322016 0.001543 0.002058
0 0.147762 0.322531 0.002315 0.003086
0 0.224151 0.322016 0.003858 0.004115
0 0.168210 0.323045 0.003086 0.006173
0 0.270448 0.331790 0.017747 0.025720
0 0.282022 0.319444 0.005401 0.007202
0 0.272762 0.317901 0.002315 0.004115
0 0.293210 0.314815 0.003086 0.006173
0 0.228395 0.313786 0.003086 0.004115
0 0.237654 0.314300 0.001543 0.007202
0 0.222994 0.312243 0.001543 0.005144
0 0.138889 0.310700 0.001543 0.002058
0 0.378086 0.309671 0.001543 0.002058
0 0.226080 0.310185 0.001543 0.003086
0 0.194444 0.310700 0.003086 0.004115
0 0.233410 0.309671 0.002315 0.004115
0 0.160494 0.311214 0.007716 0.007202
0 0.303241 0.306070 0.003086 0.003086
0 0.283565 0.304012 0.002315 0.001029
0 0.238812 0.305041 0.002315 0.003086
0 0.222608 0.304012 0.003858 0.003086
0 0.241898 0.300926 0.002315 0.003086
0 0.202932 0.301440 0.006173 0.006173
0 0.296296 0.299383 0.003086 0.004115
0 0.278935 0.299383 0.003858 0.004115
0 0.238812 0.298354 0.002315 0.004115
0 0.305941 0.297840 0.003858 0.007202
0 0.250386 0.297840 0.008488 0.007202
0 0.222222 0.295267 0.003086 0.004115
0 0.229167 0.293724 0.006173 0.005144
0 0.314429 0.291667 0.002315 0.005144
0 0.243441 0.291152 0.003858 0.006173
0 0.310185 0.289609 0.003086 0.005144
0 0.295910 0.288580 0.003858 0.003086
0 0.265818 0.292181 0.005401 0.010288
0 0.301698 0.288066 0.003086 0.004115
0 0.259645 0.288580 0.003858 0.005144
0 0.314429 0.284465 0.002315 0.005144
0 0.252701 0.286008 0.003858 0.010288
0 0.292824 0.281893 0.003858 0.004115
0 0.248071 0.282922 0.002315 0.006173
0 0.241898 0.282922 0.002315 0.006173
0 0.330247 0.281893 0.003086 0.006173
0 0.319444 0.281893 0.001543 0.006173
0 0.236883 0.277263 0.001543 0.003086
0 0.395448 0.274177 0.002315 0.003086
0 0.327932 0.272119 0.003086 0.003086
0 0.322917 0.272634 0.005401 0.004115
0 0.305170 0.271605 0.002315 0.004115
0 0.293596 0.272634 0.003858 0.006173
0 0.280864 0.273148 0.007716 0.007202
0 0.244985 0.273663 0.008488 0.008230
0 0.315972 0.271605 0.005401 0.008230
0 0.263503 0.263889 0.002315 0.003086
0 0.377315 0.260802 0.001543 0.001029
0 0.309414 0.264403 0.004630 0.008230
0 0.304012 0.259774 0.001543 0.001029
0 0.228781 0.260288 0.002315 0.002058
0 0.322531 0.260802 0.003086 0.005144
0 0.277778 0.257716 0.003086 0.003086
0 0.254244 0.267490 0.006944 0.022634
0 0.334105 0.257716 0.003086 0.005144
0 0.287423 0.256173 0.002315 0.002058
0 0.231481 0.256687 0.001543 0.003086
0 0.228009 0.255144 0.002315 0.002058
0 0.231867 0.252058 0.000772 0.002058
0 0.330633 0.251543 0.002315 0.003086
0 0.264275 0.250000 0.003858 0.004115
0 0.219907 0.257202 0.012346 0.018519
0 0.313272 0.251543 0.009259 0.013374
0 0.303241 0.247428 0.003086 0.005144
0 0.295525 0.252572 0.007716 0.017490
0 0.307870 0.241255 0.001543 0.001029
0 0.257330 0.243827 0.003858 0.006173
0 0.237654 0.239198 0.001543 0.003086
0 0.704475 0.237140 0.001543 0.001029
0 0.322531 0.243313 0.007716 0.013374
0 0.263117 0.237654 0.004630 0.006173
0 0.320988 0.232510 0.001543 0.006173
0 0.238426 0.231481 0.003086 0.004115
0 0.334877 0.231481 0.004630 0.006173
0 0.324460 0.230967 0.003858 0.005144
0 0.718750 0.233025 0.030093 0.017490
0 0.315972 0.224794 0.002315 0.005144
0 0.310571 0.220165 0.002315 0.004115
0 0.304784 0.218107 0.003086 0.004115
0 0.250386 0.217593 0.003858 0.005144
0 0.341049 0.219136 0.006173 0.010288
0 0.320216 0.213477 0.003086 0.003086
0 0.327932 0.211934 0.007716 0.014403
0 0.339506 0.205761 0.001543 0.004115
0 0.321759 0.205761 0.003086 0.004115
0 0.313657 0.203189 0.000772 0.001029
0 0.294367 0.202675 0.002315 0.004115
0 0.276620 0.203704 0.008488 0.010288
0 0.336420 0.197531 0.001543 0.002058
0 0.281250 0.194959 0.005401 0.003086
0 0.324846 0.194444 0.001543 0.004115
0 0.410880 0.101852 0.000772 0.002058
0 0.421682 0.100309 0.003858 0.005144
0 0.392361 0.087963 0.005401 0.007202
0 0.354167 0.078704 0.001543 0.001029
0 0.407022 0.081790 0.008488 0.015432
0 0.403549 0.072016 0.003086 0.004115
0 0.451775 0.042695 0.003858 0.005144
0 0.365741 0.031893 0.001543 0.002058
0 0.457948 0.011831 0.002315 0.003086
0 0.341049 0.010802 0.001543 0.001029
0 0.361111 0.010288 0.001543 0.002058
0 0.356867 0.010802 0.003858 0.003086
1 0.621142 0.875000 0.012346 0.009259
1 0.436728 0.833333 0.016975 0.022634
1 0.352238 0.811728 0.005401 0.004115
1 0.359182 0.811214 0.006944 0.015432
1 0.255787 0.794239 0.003858 0.004115
1 0.268133 0.788066 0.016204 0.016461
1 0.642747 0.733025 0.006173 0.007202
1 0.641975 0.725823 0.001543 0.001029
1 0.645448 0.724280 0.002315 0.004115
1 0.672068 0.718621 0.006173 0.009259
1 0.655478 0.718621 0.020833 0.029835
1 0.645833 0.695473 0.003086 0.004115
1 0.638117 0.708333 0.013889 0.029835
1 0.114583 0.628086 0.013117 0.044239
1 0.353009 0.580247 0.006944 0.008230
1 0.337577 0.569959 0.002315 0.002058
1 0.529321 0.568416 0.013889 0.015432
1 0.532793 0.570473 0.001543 0.004115
1 0.664352 0.560185 0.013889 0.009259
1 0.344522 0.565329 0.011574 0.019547
1 0.103781 0.530350 0.008488 0.021605
1 0.718364 0.503086 0.012346 0.008230
1 0.238426 0.470165 0.013889 0.010288
1 0.167824 0.446502 0.019290 0.016461
1 0.207562 0.594136 0.214506 0.326132
1 0.110725 0.411523 0.013117 0.016461
1 0.166667 0.254115 0.013889 0.014403
1 0.300926 0.230453 0.010802 0.010288
1 0.210648 0.215021 0.009259 0.014403
1 0.167438 0.215535 0.009259 0.015432
1 0.293210 0.222737 0.023148 0.033951
1 0.226466 0.206276 0.006944 0.011317
1 0.233025 0.192901 0.003086 0.003086
1 0.219522 0.185700 0.016204 0.029835
1 0.277778 0.165123 0.009259 0.017490
1 0.316744 0.122942 0.002315 0.003086
1 0.347222 0.114712 0.001543 0.003086
1 0.319830 0.112654 0.002315 0.003086
1 0.331404 0.120370 0.027006 0.020576
1 0.429398 0.081790 0.022377 0.021605
3 0.234568 0.831276 0.003086 0.006173
3 0.513503 0.807099 0.005401 0.007202
3 0.409336 0.783951 0.003858 0.006173
3 0.563657 0.770062 0.002315 0.003086
3 0.264660 0.772634 0.003086 0.008230
3 0.529707 0.718621 0.005401 0.009259
3 0.133102 0.708848 0.005401 0.006173
3 0.484182 0.694959 0.003858 0.007202
3 0.127701 0.659979 0.002315 0.003086
3 0.302469 0.588992 0.004630 0.009259
3 0.309028 0.566358 0.003858 0.005144
3 0.317130 0.563272 0.004630 0.007202
3 0.315201 0.558128 0.000772 0.001029
3 0.281636 0.545782 0.003086 0.007202
3 0.335262 0.518004 0.003858 0.011317
3 0.334105 0.509259 0.001543 0.002058
3 0.340664 0.503086 0.005401 0.008230
3 0.334877 0.497942 0.007716 0.012346
3 0.368827 0.463477 0.007716 0.009259
3 0.540123 0.457819 0.003086 0.004115
3 0.537037 0.452160 0.004630 0.009259
3 0.632330 0.415123 0.005401 0.009259
3 0.122299 0.413066 0.002315 0.009259
3 0.341049 0.403807 0.004630 0.011317
3 0.623843 0.396091 0.003858 0.004115
3 0.618056 0.389403 0.001543 0.001029
3 0.296682 0.350823 0.002315 0.004115
3 0.405864 0.343107 0.004630 0.009259
3 0.185571 0.289609 0.005401 0.003086
3 0.578318 0.228909 0.002315 0.009259
3 0.533179 0.216564 0.004630 0.003086
3 0.263889 0.209362 0.004630 0.007202
3 0.321373 0.178498 0.005401 0.007202
3 0.760802 0.155864 0.006173 0.007202
3 0.350309 0.139403 0.006173 0.005144
3 0.327932 0.054527 0.003086 0.004115