0 0.258873 0.698495 0.010031 0.012731
0 0.702160 0.572917 0.001543 0.002315
0 0.697531 0.573495 0.004630 0.008102
0 0.680941 0.564236 0.002315 0.003472
0 0.667052 0.560185 0.002315 0.002315
0 0.251157 0.550926 0.003858 0.004630
0 0.505787 0.435764 0.002315 0.003472
0 0.500000 0.434028 0.006173 0.011574
0 0.492670 0.418403 0.002315 0.003472
0 0.490741 0.409144 0.003086 0.005787
0 0.479938 0.407986 0.016975 0.012731
0 0.445988 0.377894 0.007716 0.008102
0 0.416281 0.353009 0.003858 0.006944
0 0.364198 0.148727 0.006173 0.012731
1 0.635031 0.854745 0.007716 0.008102
1 0.673611 0.845486 0.009259 0.021991
1 0.676312 0.850116 0.001543 0.002315
1 0.532022 0.836806 0.006944 0.009259
1 0.610340 0.835648 0.006173 0.011574
1 0.599923 0.807870 0.005401 0.009259
1 0.646219 0.813657 0.017747 0.027778
1 0.453318 0.679977 0.025463 0.031250
1 0.356096 0.657986 0.008488 0.054398
1 0.662809 0.580440 0.004630 0.008102
1 0.733410 0.575810 0.006944 0.015046
1 0.756559 0.574653 0.010031 0.015046
1 0.712963 0.589699 0.018519 0.068287
1 0.455633 0.559028 0.010031 0.006944
1 0.719136 0.427662 0.010802 0.012731
1 0.224151 0.399884 0.020833 0.015046
1 0.636960 0.391204 0.005401 0.006944
1 0.584491 0.387153 0.017747 0.021991
1 0.731481 0.353588 0.018519 0.024306
1 0.338735 0.345486 0.007716 0.038194
1 0.415123 0.299769 0.004630 0.006944
1 0.652006 0.263889 0.006173 0.016204
1 0.685571 0.246528 0.006944 0.006944
1 0.571759 0.177083 0.016975 0.020833
1 0.354938 0.118056 0.010802 0.013889
2 0.574460 0.926505 0.006944 0.008102
2 0.434028 0.927083 0.006944 0.013889
2 0.385802 0.894676 0.007716 0.006944
2 0.390432 0.884838 0.013889 0.012731
2 0.353781 0.852431 0.013117 0.021991
2 0.380015 0.824074 0.025463 0.027778
2 0.351852 0.803241 0.009259 0.013889
3 0.422454 0.903935 0.000772 0.002315
3 0.515818 0.875000 0.002315 0.004630
3 0.411265 0.871528 0.004630 0.004630
3 0.628086 0.866898 0.001543 0.002315
3 0.582562 0.861111 0.004630 0.006944
3 0.672840 0.849537 0.004630 0.006944
3 0.577546 0.847222 0.003858 0.002315
3 0.584491 0.846644 0.002315 0.003472
3 0.587577 0.844907 0.000772 0.002315
3 0.371528 0.844907 0.003858 0.004630
3 0.387731 0.839699 0.003858 0.008102
3 0.571373 0.828704 0.002315 0.002315
3 0.579475 0.824653 0.001543 0.003472
3 0.333719 0.787616 0.005401 0.008102
3 0.334877 0.771991 0.001543 0.002315
3 0.510031 0.767361 0.001543 0.002315
3 0.518133 0.763889 0.003858 0.004630
3 0.288966 0.762153 0.000772 0.001157
3 0.533565 0.762153 0.002315 0.003472
3 0.376929 0.759838 0.000772 0.001157
3 0.281636 0.751736 0.001543 0.001157
3 0.376543 0.747685 0.001543 0.002315
3 0.342593 0.736690 0.001543 0.003472
3 0.269290 0.734954 0.003086 0.004630
3 0.338349 0.729745 0.002315 0.003472
3 0.673225 0.728009 0.000772 0.002315
3 0.289738 0.728009 0.002315 0.004630
3 0.376157 0.726852 0.003858 0.009259
3 0.487269 0.711806 0.003858 0.004630
3 0.527392 0.706597 0.000772 0.003472
3 0.522377 0.703125 0.004630 0.003472
3 0.517747 0.695023 0.003086 0.003472
3 0.758102 0.684606 0.002315 0.005787
3 0.760417 0.673032 0.000772 0.001157
3 0.770062 0.671875 0.001543 0.003472
3 0.723765 0.664931 0.003086 0.003472
3 0.256944 0.641782 0.001543 0.003472
3 0.261960 0.629051 0.005401 0.005787
3 0.657022 0.626736 0.003858 0.003472
3 0.704475 0.621528 0.001543 0.002315
3 0.662809 0.619792 0.001543 0.003472
3 0.254630 0.619213 0.001543 0.002315
3 0.246914 0.618634 0.003086 0.003472
3 0.264275 0.603588 0.005401 0.010417
3 0.732639 0.593750 0.002315 0.004630
3 0.638503 0.561921 0.002315 0.003472
3 0.749614 0.559028 0.000772 0.004630
3 0.757330 0.553819 0.002315 0.003472
3 0.264275 0.546875 0.002315 0.003472
3 0.699846 0.528356 0.003086 0.005787
3 0.255401 0.511574 0.001543 0.002315
3 0.513503 0.495370 0.002315 0.004630
3 0.229552 0.493634 0.002315 0.003472
3 0.714892 0.491319 0.000772 0.001157
3 0.295525 0.487269 0.006173 0.006944
3 0.539352 0.484954 0.003086 0.004630
3 0.267747 0.448495 0.004630 0.005787
3 0.714506 0.446181 0.001543 0.005787
3 0.281250 0.446759 0.003858 0.009259
3 0.394676 0.445602 0.005401 0.009259
3 0.746528 0.442130 0.003858 0.004630
3 0.206790 0.441551 0.001543 0.003472
3 0.579475 0.436921 0.003086 0.005787
3 0.711420 0.433449 0.001543 0.001157
3 0.653935 0.424190 0.002315 0.003472
3 0.568287 0.423032 0.000772 0.001157
3 0.568287 0.419560 0.000772 0.001157
3 0.633488 0.404514 0.003086 0.003472
3 0.324846 0.402778 0.003086 0.002315
3 0.398534 0.390625 0.002315 0.003472
3 0.646991 0.391204 0.003858 0.006944
3 0.265046 0.387153 0.002315 0.005787
3 0.459877 0.388310 0.007716 0.010417
3 0.323688 0.384259 0.005401 0.006944
3 0.465278 0.381944 0.004630 0.006944
3 0.268519 0.380787 0.003086 0.004630
3 0.441358 0.386574 0.006173 0.020833
3 0.431713 0.375000 0.002315 0.002315
3 0.461034 0.375000 0.005401 0.004630
3 0.623843 0.358796 0.002315 0.002315
3 0.734182 0.332176 0.000772 0.002315
3 0.606867 0.333333 0.002315 0.004630
3 0.607639 0.324653 0.002315 0.003472
3 0.466435 0.322338 0.002315 0.001157
3 0.547068 0.322917 0.006173 0.009259
3 0.238812 0.318866 0.003858 0.003472
3 0.538966 0.315394 0.002315 0.003472
3 0.314429 0.314815 0.005401 0.004630
3 0.528164 0.311921 0.000772 0.001157
3 0.555556 0.311921 0.003086 0.003472
3 0.334105 0.304977 0.001543 0.003472
3 0.609182 0.303819 0.002315 0.003472
3 0.315586 0.303241 0.001543 0.002315
3 0.476080 0.301505 0.001543 0.003472
3 0.460262 0.300347 0.002315 0.003472
3 0.463735 0.296296 0.001543 0.002315
3 0.503472 0.286458 0.002315 0.003472
3 0.327932 0.280093 0.001543 0.002315
3 0.653549 0.276042 0.001543 0.001157
3 0.645062 0.277199 0.001543 0.003472
3 0.670910 0.277199 0.003858 0.005787
3 0.361883 0.276620 0.004630 0.004630
3 0.320988 0.276042 0.004630 0.008102
3 0.335262 0.271991 0.002315 0.004630
3 0.540123 0.270833 0.003086 0.004630
3 0.386188 0.269097 0.000772 0.001157
3 0.643133 0.269676 0.002315 0.004630
3 0.498071 0.266782 0.002315 0.003472
3 0.326775 0.270255 0.003858 0.012731
3 0.538966 0.262153 0.000772 0.001157
3 0.539352 0.257523 0.003086 0.003472
3 0.336420 0.259259 0.004630 0.006944
3 0.328318 0.258681 0.002315 0.005787
3 0.438657 0.256944 0.000772 0.004630
3 0.379244 0.254630 0.002315 0.004630
3 0.385031 0.253472 0.004630 0.006944
3 0.528935 0.252894 0.002315 0.008102
3 0.395833 0.250579 0.003086 0.003472
3 0.380787 0.247106 0.000772 0.001157
3 0.663580 0.245370 0.001543 0.002315
3 0.616127 0.245370 0.000772 0.002315
3 0.367670 0.246528 0.003858 0.006944
3 0.666667 0.240741 0.001543 0.002315
3 0.608410 0.247106 0.006944 0.015046
3 0.621142 0.241898 0.004630 0.006944
3 0.694444 0.237269 0.001543 0.002315
3 0.601466 0.237847 0.002315 0.003472
3 0.360340 0.236111 0.001543 0.002315
3 0.696759 0.230903 0.001543 0.003472
3 0.664352 0.228588 0.001543 0.003472
3 0.521605 0.222222 0.001543 0.002315
3 0.587577 0.221065 0.002315 0.002315
3 0.551312 0.222801 0.003858 0.005787
3 0.389275 0.221065 0.002315 0.002315
3 0.385417 0.220486 0.000772 0.001157
3 0.380401 0.218750 0.004630 0.006944
3 0.378472 0.213542 0.002315 0.003472
3 0.559028 0.212963 0.003858 0.006944
3 0.562886 0.206019 0.002315 0.002315
3 0.482253 0.192130 0.004630 0.004630
3 0.556713 0.189815 0.003858 0.004630
3 0.488040 0.188079 0.002315 0.005787
3 0.651235 0.181713 0.003086 0.006944
3 0.449460 0.174769 0.000772 0.002315
3 0.344136 0.171875 0.001543 0.001157
3 0.438657 0.170139 0.005401 0.006944
3 0.442515 0.165509 0.002315 0.002315
3 0.480324 0.157986 0.002315 0.005787
3 0.469522 0.142940 0.002315 0.003472
3 0.467207 0.133681 0.008488 0.005787
3 0.526235 0.112269 0.003086 0.004630
3 0.515432 0.109954 0.003086 0.004630
3 0.462191 0.104745 0.001543 0.001157
3 0.468364 0.102431 0.003086 0.003472
3 0.460648 0.098958 0.003086 0.005787