1 0.530336 0.665022 0.006579 0.005482
1 0.516447 0.652412 0.021199 0.013158
1 0.511330 0.650219 0.002924 0.003289
1 0.563596 0.649671 0.014620 0.020833
1 0.499635 0.626096 0.022661 0.017544
1 0.540205 0.628289 0.027778 0.026316
1 0.527412 0.616776 0.013889 0.016447
1 0.566155 0.592654 0.034357 0.023026
1 0.575292 0.589364 0.003655 0.004386
1 0.462719 0.109101 0.010234 0.016447
1 0.454678 0.102522 0.007310 0.014254
1 0.434211 0.106360 0.008772 0.021930
1 0.582602 0.088268 0.058480 0.044956
3 0.600146 0.769189 0.002924 0.005482
3 0.513889 0.769189 0.004386 0.007675
3 0.705775 0.740680 0.000731 0.001096
3 0.522661 0.715461 0.002924 0.003289
3 0.623173 0.666667 0.002193 0.002193
3 0.621345 0.663377 0.001462 0.002193
3 0.618421 0.640351 0.004386 0.006579
3 0.622076 0.612939 0.002924 0.004386
3 0.694079 0.532895 0.000731 0.002193
3 0.716740 0.520833 0.003655 0.004386
3 0.638889 0.512610 0.002924 0.005482
3 0.642909 0.472039 0.002193 0.003289
3 0.666301 0.457237 0.002193 0.002193
3 0.559211 0.417215 0.001462 0.003289
3 0.644371 0.416118 0.002193 0.003289
3 0.672149 0.401316 0.002193 0.002193
3 0.684576 0.399671 0.003655 0.003289
3 0.688962 0.389803 0.003655 0.007675
3 0.654971 0.344846 0.001462 0.001096
3 0.696637 0.338816 0.001462 0.002193
3 0.701023 0.338816 0.002924 0.004386
3 0.519737 0.259868 0.002924 0.004386
3 0.488304 0.246162 0.002924 0.003289