0 0.419922 0.947266 0.017578 0.014323
0 0.429443 0.937500 0.002441 0.005208
0 0.448242 0.940430 0.027344 0.021484
0 0.451416 0.919271 0.003418 0.005208
0 0.445801 0.918294 0.004883 0.004557
0 0.464111 0.922201 0.012207 0.014974
0 0.465576 0.905599 0.007324 0.007813
0 0.457275 0.903646 0.008301 0.006510
0 0.541260 0.901042 0.007324 0.016927
0 0.491699 0.905273 0.044922 0.072266
0 0.494629 0.772135 0.002930 0.003906
0 0.487305 0.769857 0.003906 0.004557
0 0.499512 0.767578 0.000977 0.003906
0 0.465576 0.765625 0.007324 0.005208
0 0.476318 0.765625 0.005371 0.009115
0 0.464355 0.751302 0.009766 0.011719
0 0.449463 0.734701 0.006348 0.011068
0 0.461670 0.731445 0.004395 0.008464
0 0.452881 0.723307 0.009277 0.023438
0 0.454102 0.706055 0.005859 0.009766
0 0.461670 0.703125 0.007324 0.007813
0 0.658936 0.701172 0.003418 0.007813
0 0.633545 0.704427 0.006348 0.015625
0 0.432617 0.698568 0.005859 0.005208
0 0.641357 0.693034 0.002441 0.003255
0 0.629883 0.689128 0.009766 0.011068
0 0.671143 0.671549 0.002441 0.005859
0 0.637451 0.672526 0.008301 0.016927
0 0.621826 0.667969 0.007324 0.014323
0 0.526123 0.668294 0.018066 0.017578
0 0.631592 0.664388 0.006348 0.017578
0 0.655762 0.679036 0.022461 0.059896
0 0.655029 0.646810 0.011230 0.021484
0 0.651123 0.651367 0.001465 0.001953
0 0.664551 0.634115 0.000977 0.001302
0 0.652100 0.634440 0.006348 0.008464
0 0.670410 0.634766 0.012695 0.023438
0 0.661621 0.626628 0.010742 0.009766
0 0.648193 0.619141 0.003418 0.005208
0 0.563965 0.617188 0.009766 0.013021
0 0.661377 0.609701 0.001465 0.001953
0 0.666016 0.597005 0.001953 0.003906
0 0.589111 0.601888 0.018066 0.021484
0 0.639893 0.598958 0.009277 0.019531
0 0.657227 0.598307 0.009766 0.027344
0 0.644531 0.592448 0.005859 0.019531
0 0.578613 0.587891 0.005859 0.010417
0 0.628418 0.588867 0.015625 0.013672
0 0.626221 0.585286 0.002441 0.002604
0 0.678467 0.584961 0.006348 0.008464
0 0.698242 0.577474 0.001953 0.002604
0 0.605713 0.582682 0.006348 0.016927
0 0.628662 0.574870 0.019043 0.014323
0 0.561523 0.574544 0.008789 0.021484
0 0.239746 0.565430 0.006836 0.007161
0 0.589600 0.566732 0.007324 0.011068
0 0.659180 0.566081 0.009766 0.011068
0 0.684814 0.562500 0.003418 0.006510
0 0.677490 0.561198 0.002441 0.003906
0 0.601807 0.566732 0.012207 0.014974
0 0.672607 0.562174 0.005371 0.007161
0 0.711670 0.563477 0.014160 0.013672
0 0.641357 0.560872 0.009277 0.016276
0 0.650391 0.547201 0.007813 0.011068
0 0.705322 0.544596 0.006348 0.007161
0 0.260986 0.552409 0.013184 0.038411
0 0.674561 0.529948 0.001465 0.001302
0 0.706787 0.531901 0.007324 0.010417
0 0.685547 0.528646 0.003906 0.005208
0 0.678955 0.525065 0.004395 0.008464
0 0.705566 0.512044 0.002930 0.004557
0 0.664307 0.510417 0.006348 0.007813
0 0.687500 0.509440 0.007813 0.008464
0 0.695313 0.503255 0.004883 0.007813
0 0.721680 0.502930 0.006836 0.012370
0 0.654785 0.507161 0.014648 0.039063
0 0.518799 0.494792 0.020020 0.019531
0 0.485352 0.492513 0.014648 0.017578
0 0.500244 0.492188 0.014160 0.022135
0 0.661133 0.448893 0.004883 0.008464
0 0.266113 0.450195 0.009766 0.016276
0 0.263428 0.433919 0.008301 0.008464
0 0.652100 0.426107 0.006348 0.011068
0 0.361816 0.398112 0.011719 0.014974
0 0.318115 0.396159 0.012207 0.014974
0 0.713623 0.386393 0.010254 0.021484
0 0.400391 0.380534 0.011719 0.013672
0 0.555908 0.375651 0.010254 0.013021
0 0.634766 0.367839 0.009766 0.010417
0 0.524658 0.368164 0.004395 0.014974
0 0.558350 0.356120 0.007324 0.006510
0 0.355469 0.355143 0.009766 0.011068
0 0.339355 0.355469 0.007813 0.011719
0 0.559570 0.347982 0.004883 0.008464
0 0.654541 0.349935 0.016113 0.025391
0 0.302979 0.345378 0.013184 0.027995
0 0.304443 0.350586 0.003418 0.003255
0 0.594482 0.449870 0.171387 0.239583
0 0.305420 0.335286 0.017090 0.024740
0 0.473389 0.320313 0.006348 0.007813
0 0.453857 0.314453 0.001465 0.005208
0 0.470215 0.274414 0.003906 0.004557
0 0.398193 0.272786 0.003418 0.003906
0 0.375732 0.277669 0.020996 0.018880
0 0.400146 0.267253 0.001465 0.001953
0 0.472412 0.258464 0.006348 0.010417
0 0.485596 0.244466 0.002441 0.003255
0 0.728760 0.226563 0.001465 0.002604
0 0.461182 0.225260 0.003418 0.007813
0 0.729980 0.220052 0.000977 0.001302
0 0.450684 0.222656 0.004883 0.006510
0 0.490967 0.227539 0.016113 0.017578
0 0.508057 0.222656 0.005371 0.018229
0 0.723389 0.212565 0.006348 0.004557
0 0.471924 0.218750 0.010254 0.020833
0 0.733643 0.213216 0.011230 0.011068
0 0.520508 0.218099 0.009766 0.027344
0 0.477051 0.208008 0.006836 0.009766
0 0.492920 0.204427 0.003418 0.006510
0 0.497803 0.199544 0.002441 0.003255
0 0.714111 0.207682 0.016113 0.023438
0 0.718018 0.208984 0.002441 0.002604
0 0.699219 0.200521 0.003906 0.010417
0 0.450439 0.197266 0.004395 0.007813
0 0.518066 0.194010 0.003906 0.005208
0 0.510742 0.196289 0.008789 0.011068
0 0.702393 0.182617 0.002441 0.001953
0 0.707275 0.182292 0.002441 0.003906
0 0.712402 0.182292 0.002930 0.005208
0 0.681641 0.174479 0.000977 0.001302
0 0.502441 0.175456 0.002930 0.004557
0 0.464111 0.188151 0.019043 0.029948
0 0.464111 0.185547 0.001465 0.002604
0 0.483398 0.181315 0.012695 0.018880
0 0.688721 0.173828 0.004395 0.007813
0 0.512695 0.176107 0.004883 0.012370
0 0.445557 0.180013 0.020996 0.021484
0 0.495850 0.175130 0.006348 0.013021
0 0.471191 0.170573 0.010742 0.023438
0 0.482666 0.159505 0.005371 0.011719
0 0.489014 0.159505 0.008301 0.018229
0 0.459961 0.148438 0.011719 0.013021
0 0.414307 0.142253 0.013184 0.024089
0 0.416504 0.144531 0.001953 0.002604
0 0.412354 0.120768 0.003418 0.007161
0 0.469238 0.125326 0.017578 0.024089
0 0.464844 0.119792 0.001953 0.002604
0 0.506592 0.111979 0.001465 0.001302
0 0.448975 0.137044 0.058105 0.059245
0 0.447021 0.153646 0.002441 0.002604
0 0.443848 0.132161 0.005859 0.007813
0 0.427734 0.128581 0.004883 0.004557
0 0.430664 0.124674 0.002930 0.005859
0 0.434326 0.118815 0.006348 0.008464
0 0.437500 0.113607 0.001953 0.001953
0 0.506104 0.103841 0.009277 0.011068
0 0.466309 0.104167 0.010742 0.016927
0 0.488037 0.119792 0.025879 0.057292
0 0.512939 0.100911 0.014160 0.026042
0 0.520752 0.089518 0.006348 0.008464
0 0.531006 0.084310 0.011230 0.011068
0 0.520996 0.066732 0.000977 0.001953
0 0.531738 0.054036 0.003906 0.005208
0 0.530273 0.047201 0.019531 0.021484
1 0.676270 0.858398 0.037109 0.027995
1 0.690430 0.828125 0.017578 0.020833
1 0.639404 0.783854 0.009277 0.023438
1 0.406006 0.793620 0.042480 0.054688
1 0.734619 0.787109 0.054199 0.063802
1 0.714844 0.779622 0.049805 0.048828
1 0.262451 0.740234 0.021973 0.019531
1 0.288818 0.692057 0.018066 0.029948
1 0.193115 0.667318 0.007324 0.027344
1 0.333252 0.656576 0.052246 0.067057
1 0.393555 0.644206 0.049805 0.067057
1 0.304932 0.578125 0.018066 0.026042
1 0.252441 0.523763 0.022461 0.024089
1 0.207275 0.483724 0.006348 0.024740
1 0.250977 0.481445 0.022461 0.038411
1 0.511475 0.471680 0.018066 0.027995
1 0.315674 0.504557 0.079590 0.095052
1 0.423340 0.463542 0.019531 0.032552
1 0.221436 0.457031 0.029785 0.026042
1 0.269287 0.403646 0.009277 0.009115
1 0.210205 0.391602 0.012207 0.011068
1 0.263428 0.372721 0.014160 0.026693
1 0.247803 0.337565 0.019043 0.043620
1 0.211670 0.307943 0.009277 0.011719
1 0.298828 0.312500 0.033203 0.037760
1 0.393066 0.328451 0.063477 0.081380
1 0.378662 0.289063 0.001465 0.002604
1 0.223877 0.292969 0.010254 0.019531
1 0.281982 0.238281 0.029785 0.018229
1 0.268066 0.205078 0.018555 0.032552
1 0.326416 0.215169 0.026855 0.070964
1 0.293701 0.170573 0.015137 0.044271