0 0.516975 0.927662 0.001543 0.003472
0 0.536265 0.919560 0.001543 0.001157
0 0.736497 0.641782 0.002315 0.003472
0 0.726852 0.641782 0.006173 0.010417
0 0.758873 0.626736 0.002315 0.003472
0 0.611111 0.525463 0.001543 0.002315
0 0.606481 0.521412 0.003086 0.001157
0 0.548997 0.511574 0.002315 0.004630
0 0.599537 0.509259 0.003086 0.002315
0 0.545139 0.508681 0.000772 0.001157
0 0.610340 0.504630 0.003086 0.004630
0 0.619985 0.502315 0.002315 0.002315
0 0.619599 0.497685 0.006173 0.004630
0 0.500386 0.494792 0.003858 0.005787
0 0.616127 0.492477 0.003858 0.005787
0 0.600694 0.491319 0.002315 0.003472
0 0.628086 0.487269 0.007716 0.016204
0 0.606867 0.485532 0.008488 0.026620
0 0.619213 0.478588 0.008488 0.017361
0 0.639660 0.461806 0.004630 0.011574
0 0.682099 0.457176 0.007716 0.011574
0 0.606481 0.449653 0.001543 0.001157
0 0.247685 0.452546 0.001543 0.006944
0 0.528935 0.446759 0.002315 0.002315
0 0.613040 0.441551 0.000772 0.001157
0 0.605710 0.438657 0.001543 0.002315
0 0.598765 0.447338 0.015432 0.019676
0 0.261188 0.439236 0.002315 0.003472
0 0.599151 0.435764 0.002315 0.003472
0 0.651235 0.436921 0.006173 0.015046
0 0.597222 0.431134 0.001543 0.003472
0 0.264660 0.430556 0.001543 0.002315
0 0.268133 0.423032 0.003858 0.005787
0 0.259645 0.419560 0.002315 0.003472
0 0.601080 0.423611 0.004630 0.016204
0 0.647762 0.415509 0.005401 0.009259
0 0.258102 0.412037 0.002315 0.004630
0 0.659336 0.407407 0.003858 0.006944
0 0.287037 0.408565 0.007716 0.011574
0 0.255015 0.401042 0.003858 0.008102
0 0.600694 0.399884 0.011574 0.010417
0 0.607253 0.394097 0.001543 0.003472
0 0.625000 0.388889 0.001543 0.002315
0 0.617284 0.391782 0.006173 0.008102
0 0.714120 0.382523 0.002315 0.003472
0 0.620756 0.351852 0.003858 0.004630
0 0.591049 0.354745 0.009259 0.010417
0 0.584105 0.353009 0.004630 0.006944
0 0.589120 0.344329 0.005401 0.003472
0 0.570216 0.328704 0.001543 0.004630
0 0.576003 0.320023 0.005401 0.010417
0 0.577546 0.306134 0.003858 0.003472
0 0.593364 0.304398 0.001543 0.002315
0 0.628086 0.309606 0.010802 0.019676
0 0.628472 0.306713 0.003086 0.005787
0 0.596836 0.301505 0.002315 0.003472
0 0.577932 0.291088 0.003086 0.003472
0 0.631944 0.291088 0.003086 0.010417
0 0.598765 0.288773 0.004630 0.008102
0 0.615741 0.283565 0.007716 0.004630
0 0.604552 0.282407 0.003858 0.004630
0 0.619213 0.271412 0.002315 0.003472
0 0.476466 0.097222 0.003858 0.004630
1 0.480324 0.936921 0.011574 0.015046
1 0.480324 0.941551 0.001543 0.002315
1 0.478009 0.918981 0.005401 0.006944
1 0.579475 0.907986 0.006173 0.008102
1 0.656636 0.863426 0.037037 0.016204
1 0.479938 0.868634 0.020062 0.035880
1 0.534336 0.854167 0.006944 0.009259
1 0.688272 0.840278 0.004630 0.004630
1 0.445988 0.828125 0.015432 0.017361
1 0.645062 0.809028 0.026235 0.018519
1 0.630401 0.794560 0.006173 0.017361
1 0.354167 0.802083 0.023148 0.055556
1 0.684028 0.773727 0.013117 0.015046
1 0.615741 0.792245 0.032407 0.054398
1 0.510031 0.764468 0.006173 0.005787
1 0.650077 0.765625 0.010031 0.017361
1 0.638117 0.765625 0.007716 0.017361
1 0.716435 0.757523 0.008488 0.012731
1 0.520062 0.744792 0.006173 0.008102
1 0.659336 0.730903 0.005401 0.005787
1 0.734182 0.731481 0.013117 0.011574
1 0.525463 0.727431 0.004630 0.010417
1 0.725309 0.715856 0.006173 0.010417
1 0.588349 0.718171 0.011574 0.015046
1 0.684414 0.714699 0.012346 0.026620
1 0.731481 0.701389 0.004630 0.006944
1 0.752701 0.687500 0.006944 0.009259
1 0.620370 0.692708 0.012346 0.019676
1 0.397377 0.682292 0.006173 0.015046
1 0.248457 0.675926 0.006173 0.009259
1 0.673997 0.672454 0.006944 0.011574
1 0.509259 0.675347 0.009259 0.019676
1 0.736111 0.656829 0.004630 0.003472
1 0.712191 0.659722 0.004630 0.016204
1 0.736883 0.651042 0.004630 0.005787
1 0.746914 0.646991 0.004630 0.006944
1 0.705247 0.635417 0.006173 0.013889
1 0.221451 0.627315 0.006173 0.009259
1 0.731867 0.624421 0.006944 0.008102
1 0.750772 0.622106 0.010802 0.017361
1 0.717207 0.619792 0.006944 0.015046
1 0.729552 0.600116 0.008488 0.010417
1 0.676698 0.605324 0.016975 0.030093
1 0.679784 0.608218 0.002315 0.006944
1 0.672068 0.594329 0.002315 0.002315
1 0.739583 0.596065 0.008488 0.013889
1 0.750386 0.572917 0.005401 0.004630
1 0.722222 0.563657 0.013889 0.020833
1 0.764660 0.539352 0.006173 0.013889
1 0.743827 0.535301 0.012346 0.012731
1 0.261188 0.531829 0.002315 0.005787
1 0.468364 0.526620 0.012346 0.009259
1 0.250000 0.517361 0.015432 0.009259
1 0.755787 0.512731 0.002315 0.004630
1 0.713735 0.516204 0.007716 0.011574
1 0.484182 0.502894 0.008488 0.003472
1 0.751929 0.504051 0.005401 0.010417
1 0.687886 0.512153 0.010031 0.026620
1 0.777006 0.504051 0.009259 0.012731
1 0.726466 0.501157 0.010031 0.018519
1 0.478395 0.492477 0.007716 0.010417
1 0.520448 0.484375 0.010031 0.017361
1 0.250000 0.477431 0.006173 0.010417
1 0.768904 0.476273 0.003858 0.012731
1 0.741127 0.469329 0.005401 0.010417
1 0.418596 0.463542 0.016204 0.005787
1 0.772377 0.443866 0.006173 0.010417
1 0.656636 0.437500 0.007716 0.013889
1 0.672454 0.447917 0.020833 0.037037
1 0.736111 0.429977 0.004630 0.008102
1 0.494599 0.424769 0.006173 0.011574
1 0.674769 0.424190 0.005401 0.012731
1 0.512346 0.420139 0.004630 0.006944
1 0.778164 0.418981 0.002315 0.006944
1 0.655864 0.419560 0.004630 0.008102
1 0.229167 0.418403 0.004630 0.015046
1 0.676698 0.410880 0.003086 0.006944
1 0.570988 0.412616 0.009259 0.010417
1 0.665509 0.404514 0.002315 0.003472
1 0.232253 0.405671 0.004630 0.008102
1 0.751929 0.401620 0.002315 0.004630
1 0.498457 0.395255 0.004630 0.003472
1 0.216821 0.403935 0.012346 0.020833
1 0.216049 0.411458 0.002315 0.002315
1 0.670525 0.389468 0.001543 0.003472
1 0.434799 0.394676 0.008488 0.016204
1 0.647762 0.386574 0.000772 0.002315
1 0.641975 0.385995 0.003086 0.003472
1 0.248071 0.384259 0.006944 0.016204
1 0.233025 0.369213 0.004630 0.006944
1 0.231481 0.361111 0.004630 0.006944
1 0.282022 0.360532 0.011574 0.019676
1 0.600309 0.328704 0.006173 0.011574
1 0.652006 0.324653 0.004630 0.005787
1 0.629244 0.326389 0.010031 0.009259
1 0.234182 0.322338 0.002315 0.005787
1 0.616127 0.320602 0.003858 0.004630
1 0.595679 0.319444 0.004630 0.004630
1 0.605324 0.321759 0.013117 0.016204
1 0.553241 0.328704 0.043210 0.041667
1 0.536265 0.318287 0.002315 0.003472
1 0.234182 0.312500 0.005401 0.009259
1 0.520062 0.311921 0.015432 0.010417
1 0.352238 0.305556 0.005401 0.011574
1 0.709877 0.303241 0.007716 0.009259
1 0.687886 0.299769 0.005401 0.006944
1 0.652392 0.300347 0.014660 0.012731
1 0.694830 0.297454 0.014660 0.013889
1 0.671682 0.296296 0.014660 0.013889
1 0.722608 0.297454 0.022377 0.025463
1 0.714120 0.273148 0.006944 0.006944
1 0.496528 0.284144 0.039352 0.028935
1 0.663194 0.272569 0.005401 0.010417
1 0.605324 0.273148 0.019290 0.013889
1 0.707176 0.265046 0.003858 0.004630
1 0.627701 0.263310 0.011574 0.010417
1 0.613812 0.258681 0.003858 0.003472
1 0.619213 0.246528 0.010031 0.009259
1 0.618056 0.246528 0.002315 0.003472
1 0.528935 0.241898 0.010031 0.006944
1 0.289738 0.242477 0.003858 0.015046
1 0.682485 0.231481 0.003858 0.006944
1 0.642747 0.233796 0.007716 0.011574
1 0.653549 0.223958 0.010802 0.008102
1 0.514275 0.221644 0.003858 0.003472
1 0.364198 0.229167 0.009259 0.018519
1 0.491512 0.214699 0.004630 0.003472
1 0.283565 0.215278 0.013117 0.039352
1 0.341821 0.189815 0.003086 0.009259
1 0.564429 0.185764 0.010031 0.003472
1 0.647377 0.181134 0.003086 0.005787
1 0.626929 0.170139 0.002315 0.006944
1 0.346451 0.157986 0.010802 0.021991
1 0.499228 0.148148 0.009259 0.013889
1 0.451003 0.146412 0.006944 0.010417
1 0.663966 0.143519 0.008488 0.006944
1 0.643133 0.141782 0.006944 0.008102
1 0.329861 0.137153 0.000772 0.001157
1 0.514275 0.138310 0.017747 0.010417
1 0.426698 0.134838 0.012346 0.012731
1 0.459105 0.130208 0.006173 0.005787
1 0.501543 0.123264 0.012346 0.010417
1 0.455247 0.121528 0.003086 0.006944
1 0.455247 0.111111 0.006173 0.009259
1 0.428241 0.105324 0.003086 0.004630
1 0.505401 0.090856 0.009259 0.008102
1 0.439429 0.086227 0.003858 0.005787
1 0.508873 0.067708 0.011574 0.015046
2 0.667824 0.802083 0.016204 0.034722
3 0.574074 0.745949 0.003086 0.003472
3 0.547840 0.730324 0.001543 0.004630
3 0.555941 0.722222 0.002315 0.004630
3 0.665509 0.717593 0.002315 0.002315
3 0.673997 0.717593 0.002315 0.004630
3 0.662809 0.686921 0.004630 0.005787
3 0.253086 0.664352 0.001543 0.002315
3 0.481481 0.658565 0.004630 0.006944
3 0.692901 0.656829 0.004630 0.008102
3 0.698688 0.629630 0.003858 0.002315
3 0.763503 0.600116 0.002315 0.003472
3 0.708333 0.595486 0.004630 0.005787
3 0.717207 0.586806 0.002315 0.004630
3 0.675540 0.563079 0.002315 0.003472
3 0.671682 0.550926 0.002315 0.004630
3 0.254244 0.547454 0.002315 0.002315
3 0.746142 0.538773 0.004630 0.003472
3 0.704861 0.537616 0.003858 0.005787
3 0.738426 0.534144 0.004630 0.005787
3 0.750772 0.531829 0.001543 0.005787
3 0.745370 0.531250 0.003086 0.004630
3 0.673997 0.530093 0.003858 0.006944
3 0.730324 0.520833 0.002315 0.002315
3 0.570216 0.489005 0.003086 0.003472
3 0.442130 0.490162 0.003086 0.005787
3 0.520833 0.480324 0.004630 0.006944
3 0.760031 0.473958 0.003086 0.003472
3 0.273534 0.457755 0.003858 0.003472
3 0.782022 0.452546 0.002315 0.004630
3 0.728395 0.439815 0.004630 0.004630
3 0.719136 0.439236 0.003086 0.003472
3 0.734954 0.439236 0.003858 0.005787
3 0.493441 0.421875 0.005401 0.005787
3 0.511960 0.418403 0.005401 0.005787
3 0.549769 0.412037 0.002315 0.002315
3 0.554012 0.409722 0.003086 0.004630
3 0.503472 0.407407 0.002315 0.002315
3 0.776235 0.398148 0.003086 0.004630
3 0.664738 0.396412 0.000772 0.001157
3 0.670139 0.390625 0.000772 0.003472
3 0.676312 0.384259 0.002315 0.004630
3 0.258102 0.384838 0.003858 0.005787
3 0.659336 0.381944 0.000772 0.002315
3 0.643519 0.379051 0.001543 0.001157
3 0.645833 0.373843 0.001543 0.002315
3 0.739198 0.355324 0.003086 0.004630
3 0.684799 0.339699 0.003858 0.005787
3 0.234568 0.331597 0.004630 0.005787
3 0.593750 0.326389 0.002315 0.002315
3 0.709491 0.317708 0.002315 0.003472
3 0.721836 0.317130 0.003858 0.004630
3 0.434414 0.306713 0.003086 0.002315
3 0.477623 0.304977 0.003086 0.005787
3 0.361111 0.297454 0.003086 0.004630
3 0.357639 0.289931 0.002315 0.003472
3 0.350694 0.283565 0.002315 0.004630
3 0.723380 0.241898 0.000772 0.002315
3 0.497685 0.242477 0.003086 0.003472
3 0.511574 0.233796 0.003086 0.004630
3 0.682870 0.230903 0.003086 0.005787
3 0.671296 0.228009 0.003086 0.004630
3 0.491898 0.213542 0.002315 0.003472
3 0.353009 0.197338 0.002315 0.003472
3 0.648920 0.182292 0.001543 0.001157
3 0.603781 0.160880 0.000772 0.002315
3 0.427855 0.147569 0.002315 0.003472
3 0.405093 0.130208 0.004630 0.005787
3 0.396991 0.123264 0.002315 0.003472
3 0.396991 0.115741 0.000772 0.002315
3 0.393904 0.109954 0.002315 0.002315
3 0.557099 0.105903 0.003086 0.003472
3 0.548225 0.103588 0.002315 0.003472
3 0.467978 0.089699 0.003858 0.005787