0 0.662037 0.815394 0.006173 0.008102
0 0.250000 0.276620 0.003086 0.004630
0 0.512346 0.219329 0.023148 0.021991
3 0.643519 0.835648 0.003086 0.004630
3 0.633873 0.828125 0.002315 0.003472
3 0.635417 0.822338 0.002315 0.003472
3 0.652392 0.820023 0.000772 0.001157
3 0.684799 0.815972 0.003858 0.004630
3 0.647377 0.814236 0.004630 0.005787
3 0.288966 0.640625 0.006944 0.010417
3 0.308642 0.627315 0.001543 0.002315
3 0.786651 0.594329 0.008488 0.015046
3 0.664352 0.341435 0.003086 0.006944
3 0.537037 0.177083 0.001543 0.002315
3 0.439043 0.165509 0.001543 0.002315
3 0.521219 0.162616 0.002315 0.003472
3 0.362654 0.112269 0.006173 0.006944