0 0.315942 0.578148 0.001449 0.001447
0 0.318478 0.577424 0.002174 0.002894
0 0.382971 0.573082 0.002174 0.001447
0 0.359420 0.562229 0.004348 0.005789
0 0.300000 0.557887 0.002899 0.002894
0 0.326087 0.564761 0.021739 0.018090
0 0.331522 0.558973 0.002174 0.002171
0 0.310870 0.551013 0.008696 0.010854
0 0.357971 0.538350 0.004348 0.007236
0 0.343478 0.534370 0.005797 0.005065
0 0.339855 0.529667 0.001449 0.002894
0 0.498188 0.532923 0.009420 0.013748
0 0.392029 0.524240 0.002899 0.003618
0 0.373913 0.510492 0.001449 0.002171
0 0.378986 0.510130 0.005797 0.007236
0 0.513406 0.522069 0.012319 0.038350
0 0.280435 0.511577 0.021739 0.023155
0 0.358333 0.503618 0.013768 0.008683
0 0.350725 0.498191 0.002899 0.002171
0 0.302536 0.500000 0.019565 0.021708
0 0.390580 0.482634 0.004348 0.002894
0 0.337319 0.499276 0.034058 0.047757
0 0.335870 0.498915 0.005072 0.005065
0 0.292391 0.475398 0.005072 0.005789
0 0.315942 0.467800 0.002899 0.003618
0 0.525000 0.461650 0.012319 0.013025
0 0.124638 0.430897 0.002899 0.002171
0 0.497101 0.433792 0.011594 0.009407
0 0.375000 0.429812 0.003623 0.005789
0 0.123913 0.423661 0.001449 0.002171
0 0.398188 0.425109 0.010870 0.007959
0 0.477536 0.421129 0.004348 0.004342
0 0.149638 0.424385 0.007971 0.016643
0 0.735507 0.428003 0.017391 0.025326
0 0.151449 0.412084 0.001449 0.002171
0 0.138043 0.408828 0.006522 0.013025
0 0.381159 0.413893 0.014493 0.024602
0 0.182609 0.401592 0.004348 0.004342
0 0.423188 0.412808 0.018841 0.029667
0 0.186232 0.390738 0.024638 0.023155
0 0.475725 0.333575 0.002174 0.002894
0 0.490217 0.332489 0.002174 0.002171
0 0.509058 0.336469 0.010870 0.011577
0 0.466304 0.332127 0.003623 0.002894
0 0.475725 0.330318 0.002174 0.002171
0 0.476812 0.327424 0.002899 0.003618
0 0.215217 0.326339 0.001449 0.001447
0 0.242029 0.328871 0.011594 0.012301
0 0.219565 0.327424 0.007246 0.009407
0 0.471014 0.322359 0.005797 0.003618
0 0.234783 0.322359 0.002899 0.003618
0 0.487681 0.325977 0.013043 0.012301
0 0.463043 0.320550 0.002899 0.004342
0 0.238406 0.318741 0.001449 0.002171
0 0.473551 0.314761 0.003623 0.001447
0 0.236957 0.313676 0.002899 0.002171
0 0.692029 0.309696 0.001449 0.001447
0 0.239855 0.309696 0.002899 0.004342
0 0.229348 0.310781 0.013768 0.015195
0 0.698188 0.306440 0.007971 0.009407
0 0.460507 0.310781 0.012319 0.018090
0 0.264130 0.314399 0.018116 0.031114
0 0.188768 0.302460 0.010870 0.014472
0 0.469565 0.293415 0.002899 0.002171
0 0.426449 0.288350 0.012319 0.012301
0 0.455797 0.285456 0.008696 0.009407
0 0.691304 0.266643 0.001449 0.002171
0 0.693478 0.263748 0.001449 0.002171
0 0.667029 0.264472 0.003623 0.006512
0 0.897464 0.285818 0.064493 0.063676
0 0.695290 0.252894 0.003623 0.012301
0 0.630435 0.250362 0.010145 0.010130
0 0.885507 0.239508 0.023188 0.010130
0 0.681159 0.279667 0.040580 0.113603
0 0.303261 0.227931 0.022464 0.021708
0 0.325725 0.204052 0.006522 0.013025
0 0.678623 0.184877 0.002174 0.002171
0 0.706159 0.195007 0.035507 0.039797
0 0.706159 0.200796 0.009420 0.009407
0 0.290217 0.178726 0.035507 0.024602
1 0.563768 0.840449 0.311594 0.099132
1 0.577536 0.771708 0.024638 0.032562
1 0.798913 0.764110 0.031159 0.047757
1 0.809058 0.763025 0.002174 0.002171
1 0.701087 0.756151 0.035507 0.069465
1 0.583696 0.732996 0.036957 0.037627
1 0.595290 0.719971 0.002174 0.002894
1 0.719928 0.698263 0.013768 0.053546
1 0.835870 0.597685 0.018116 0.015919
1 0.840217 0.596961 0.002174 0.002894
1 0.862681 0.589363 0.026812 0.016643
1 0.957609 0.592981 0.055797 0.032562
1 0.798188 0.574168 0.012319 0.013748
1 0.578986 0.548480 0.044928 0.014472
1 0.820652 0.548119 0.019565 0.016643
1 0.883696 0.537627 0.041304 0.030391
1 0.895290 0.547395 0.003623 0.002171
1 0.872101 0.538350 0.003623 0.002894
1 0.868116 0.531838 0.002899 0.002894
1 0.458696 0.457670 0.089855 0.028220
1 0.428261 0.454776 0.002899 0.002171
1 0.443116 0.452243 0.003623 0.002894
1 0.826087 0.392909 0.052174 0.039074
1 0.756884 0.359624 0.031159 0.068017
2 0.487319 0.901230 0.032609 0.039797
2 0.498188 0.916425 0.003623 0.005065
2 0.531159 0.786903 0.056522 0.042692
2 0.626812 0.707308 0.062319 0.044139
2 0.627174 0.724313 0.003623 0.002894
2 0.653261 0.706585 0.003623 0.003618
2 0.612319 0.697178 0.002899 0.003618
2 0.813406 0.697178 0.107971 0.067294
2 0.843841 0.623010 0.041304 0.039074
2 0.831522 0.618307 0.002174 0.002171
2 0.915942 0.568379 0.001449 0.002171
2 0.931884 0.565123 0.002899 0.002894
2 0.925000 0.561505 0.002174 0.001447
2 0.976087 0.563314 0.004348 0.007959
2 0.971739 0.560781 0.004348 0.007236
2 0.906522 0.558611 0.002899 0.005789
2 0.928986 0.556078 0.002899 0.006512
2 0.909420 0.552460 0.002899 0.002171
2 0.917391 0.557164 0.010145 0.013025
2 0.965217 0.551375 0.002899 0.002894
2 0.977536 0.548842 0.001449 0.002171
2 0.969928 0.547757 0.002174 0.001447
2 0.974638 0.545948 0.001449 0.002171
2 0.925000 0.544139 0.002174 0.002894
2 0.928261 0.536179 0.002899 0.004342
2 0.915942 0.534732 0.001449 0.002894
2 0.928623 0.531838 0.002174 0.001447
2 0.921377 0.535456 0.009420 0.008683
2 0.928623 0.519537 0.002174 0.001447
2 0.915942 0.524240 0.015942 0.016643
2 0.916304 0.525687 0.002174 0.002171
2 0.938406 0.517728 0.013043 0.010854
2 0.903261 0.515195 0.005072 0.008683
2 0.929710 0.512301 0.004348 0.007236
2 0.923551 0.507959 0.002174 0.001447
2 0.935507 0.509407 0.005797 0.007236
2 0.900362 0.506512 0.003623 0.002894
2 0.885507 0.504342 0.002899 0.002894
2 0.902174 0.501447 0.001449 0.001447
2 0.920290 0.501809 0.002899 0.003618
2 0.913043 0.506151 0.013043 0.012301
2 0.915580 0.508321 0.002174 0.002171
2 0.914130 0.507236 0.003623 0.002894
2 0.981522 0.468162 0.002174 0.001447
2 0.837319 0.486975 0.045652 0.041968
2 0.959783 0.462735 0.003623 0.002171
2 0.972464 0.464906 0.023188 0.009407
2 0.901449 0.434877 0.039130 0.030391
2 0.976449 0.397612 0.013768 0.013748
2 0.278623 0.440666 0.134058 0.124457
2 0.813043 0.357815 0.002899 0.002171
2 0.793478 0.354920 0.002899 0.002171
2 0.829710 0.339363 0.002899 0.002894
2 0.838043 0.333575 0.002174 0.001447
2 0.807971 0.329233 0.001449 0.001447
2 0.807246 0.341172 0.020290 0.028220
2 0.804348 0.350579 0.004348 0.003618
2 0.807609 0.327062 0.002174 0.001447
2 0.844203 0.336831 0.024638 0.022431
2 0.837681 0.342981 0.004348 0.002894
2 0.778623 0.321635 0.006522 0.009407
2 0.795652 0.312590 0.002899 0.002894
2 0.781884 0.313314 0.007246 0.007236
2 0.775362 0.312590 0.004348 0.005789
2 0.800725 0.302460 0.001449 0.001447
2 0.806884 0.299928 0.005072 0.003618
2 0.791667 0.303907 0.012319 0.011577
2 0.834058 0.291968 0.043478 0.019537
2 0.823188 0.293777 0.005797 0.005789
2 0.820290 0.289074 0.002899 0.003618
2 0.827536 0.288350 0.004348 0.003618
2 0.844565 0.281476 0.003623 0.004342
2 0.855072 0.277135 0.002899 0.002894
2 0.859420 0.268813 0.004348 0.003618
2 0.641304 0.129884 0.002899 0.003618
2 0.660870 0.118669 0.002899 0.001447
2 0.654710 0.117945 0.005072 0.002894
2 0.653261 0.102750 0.002174 0.001447
2 0.626449 0.120839 0.039855 0.060781
2 0.635870 0.111795 0.005072 0.005065
2 0.633696 0.104559 0.003623 0.003618
2 0.376087 0.074891 0.001449 0.002171
2 0.385145 0.090449 0.028261 0.046310
2 0.379348 0.063314 0.007971 0.007959
2 0.384420 0.054993 0.006522 0.008683