0 0.629596 0.792484 0.001838 0.003268
0 0.624694 0.788807 0.001838 0.005719
0 0.625000 0.783497 0.001225 0.001634
0 0.628064 0.782271 0.003676 0.004085
0 0.637868 0.780637 0.007353 0.008987
0 0.577206 0.760212 0.007353 0.008987
0 0.593444 0.750408 0.001838 0.002451
0 0.720895 0.731618 0.003064 0.004085
0 0.655025 0.727124 0.001225 0.001634
0 0.711397 0.722222 0.003676 0.003268
0 0.631434 0.716503 0.000613 0.001634
0 0.587623 0.715686 0.001225 0.001634
0 0.687500 0.713235 0.004902 0.003268
0 0.678615 0.711193 0.004289 0.004085
0 0.704657 0.707108 0.003676 0.004085
0 0.589154 0.707925 0.004289 0.005719
0 0.671569 0.711601 0.008578 0.016340
0 0.759804 0.705882 0.003676 0.006536
0 0.728860 0.704248 0.003064 0.003268
0 0.627451 0.703023 0.002451 0.004085
0 0.769301 0.702206 0.003064 0.004085
0 0.739583 0.704248 0.006127 0.009804
0 0.749387 0.700163 0.003676 0.003268
0 0.689032 0.704248 0.017770 0.011438
0 0.722426 0.697712 0.002451 0.001634
0 0.602941 0.692810 0.001225 0.001634
0 0.751532 0.692402 0.001838 0.005719
0 0.668199 0.690768 0.004289 0.004085
0 0.480086 0.687908 0.001838 0.003268
0 0.703738 0.695670 0.014093 0.020425
0 0.592831 0.693219 0.007966 0.015523
0 0.726409 0.686275 0.001838 0.004902
0 0.733456 0.684232 0.002451 0.004085
0 0.602941 0.685866 0.004902 0.007353
0 0.594669 0.682598 0.001838 0.002451
0 0.753370 0.682598 0.001838 0.004085
0 0.689951 0.680556 0.003676 0.003268
0 0.763480 0.684641 0.007353 0.014706
0 0.758885 0.679739 0.004289 0.004902
0 0.689645 0.677696 0.000613 0.000817
0 0.746017 0.681781 0.010417 0.012255
0 0.731005 0.674837 0.002451 0.004902
0 0.784314 0.672386 0.001225 0.001634
0 0.586703 0.675245 0.004289 0.007353
0 0.471507 0.674837 0.005515 0.006536
0 0.749387 0.672794 0.002451 0.004085
0 0.734069 0.672386 0.002451 0.003268
0 0.634498 0.672794 0.003064 0.004085
0 0.584865 0.671160 0.000613 0.000817
0 0.571385 0.672386 0.001838 0.003268
0 0.755515 0.671160 0.003676 0.002451
0 0.576593 0.673203 0.006127 0.006536
0 0.789828 0.672794 0.007353 0.008987
0 0.596507 0.674020 0.015319 0.011438
0 0.648284 0.683824 0.018382 0.035948
0 0.738358 0.669118 0.004902 0.008170
0 0.517463 0.668301 0.003064 0.006536
0 0.545650 0.664624 0.003064 0.004085
0 0.775735 0.676471 0.018382 0.029412
0 0.470282 0.663399 0.003064 0.003268
0 0.588848 0.662173 0.002451 0.004085
0 0.737132 0.658088 0.001225 0.002451
0 0.598346 0.657271 0.001838 0.002451
0 0.465074 0.655229 0.001225 0.001634
0 0.636029 0.653595 0.001225 0.001634
0 0.606924 0.655229 0.004289 0.006536
0 0.778799 0.651961 0.001225 0.003268
0 0.558824 0.662990 0.017157 0.025327
0 0.598346 0.650735 0.001838 0.002451
0 0.550551 0.649510 0.001838 0.003268
0 0.604779 0.647059 0.001225 0.001634
0 0.656556 0.645425 0.000613 0.001634
0 0.787684 0.642565 0.004289 0.005719
0 0.768382 0.646650 0.015931 0.015523
0 0.789522 0.638889 0.003064 0.004902
0 0.779718 0.639297 0.004289 0.005719
0 0.625306 0.641340 0.006740 0.011438
0 0.564032 0.635212 0.001838 0.002451
0 0.760723 0.633987 0.001838 0.003268
0 0.781250 0.633578 0.008578 0.010621
0 0.819853 0.626634 0.002451 0.004902
0 0.761336 0.625000 0.000613 0.001634
0 0.499694 0.624592 0.003064 0.005719
0 0.786765 0.625408 0.020833 0.018791
0 0.635417 0.617239 0.002451 0.002451
0 0.825368 0.617239 0.004902 0.004085
0 0.800551 0.615605 0.005515 0.013889
0 0.830882 0.602533 0.003676 0.004085
0 0.747855 0.599673 0.000613 0.001634
0 0.824449 0.600490 0.004289 0.004902
0 0.808211 0.599673 0.001225 0.004902
0 0.795037 0.599673 0.004289 0.004902
0 0.612132 0.597222 0.003676 0.003268
0 0.517463 0.598039 0.004289 0.004902
0 0.803922 0.595180 0.002451 0.002451
0 0.744792 0.590278 0.003064 0.002451
0 0.767157 0.587010 0.001225 0.002451
0 0.750000 0.585784 0.001225 0.001634
0 0.833027 0.590278 0.005515 0.012255
0 0.823836 0.589869 0.006740 0.013072
0 0.830270 0.580474 0.002451 0.002451
0 0.773591 0.593137 0.033701 0.037582
0 0.809436 0.572304 0.001225 0.000817
0 0.816176 0.571487 0.002451 0.004085
0 0.744179 0.570670 0.001838 0.002451
0 0.534926 0.571487 0.002451 0.004085
0 0.828125 0.566176 0.000613 0.001634
0 0.620404 0.567810 0.003064 0.004902
0 0.741422 0.566993 0.002451 0.004902
0 0.594975 0.564951 0.001225 0.000817
0 0.770221 0.568219 0.006127 0.010621
0 0.749694 0.566585 0.006740 0.007353
0 0.626532 0.566176 0.005515 0.008170
0 0.560049 0.563725 0.002451 0.003268
0 0.555453 0.563317 0.001838 0.002451
0 0.761029 0.563317 0.004902 0.004085
0 0.606005 0.563725 0.002451 0.004902
0 0.543199 0.567402 0.011642 0.013889
0 0.651042 0.560458 0.001838 0.003268
0 0.830882 0.557598 0.001225 0.002451
0 0.798100 0.558824 0.001838 0.004902
0 0.616115 0.557190 0.001838 0.003268
0 0.765931 0.556373 0.002451 0.003268
0 0.790748 0.551062 0.001838 0.002451
0 0.756434 0.554330 0.009191 0.008987
0 0.580270 0.546569 0.003676 0.003268
0 0.790748 0.544935 0.000613 0.001634
0 0.631740 0.544526 0.002451 0.004085
0 0.627145 0.544526 0.005515 0.005719
0 0.810968 0.544935 0.004289 0.008170
0 0.636949 0.541258 0.001838 0.002451
0 0.547488 0.544118 0.007966 0.008170
0 0.784314 0.539216 0.001225 0.001634
0 0.803002 0.538807 0.004289 0.005719
0 0.776348 0.537990 0.002451 0.004085
0 0.639093 0.536356 0.002451 0.002451
0 0.630208 0.533497 0.001838 0.003268
0 0.779718 0.532271 0.001838 0.002451
0 0.802696 0.531454 0.004902 0.005719
0 0.760723 0.528186 0.001838 0.005719
0 0.796262 0.524918 0.001838 0.004085
0 0.583640 0.524101 0.003064 0.005719
0 0.427083 0.522467 0.002451 0.002451
0 0.603248 0.539624 0.044730 0.038399
0 0.598039 0.538399 0.003064 0.004085
0 0.579657 0.520425 0.001225 0.001634
0 0.397672 0.520833 0.002451 0.002451
0 0.773897 0.524510 0.017157 0.013072
0 0.581801 0.518382 0.000613 0.000817
0 0.632966 0.519608 0.003676 0.004902
0 0.571691 0.520016 0.004902 0.007353
0 0.630821 0.515931 0.000613 0.000817
0 0.779718 0.515931 0.005515 0.002451
0 0.420343 0.517157 0.002451 0.004902
0 0.613358 0.517157 0.004902 0.006536
0 0.607230 0.516748 0.003676 0.005719
0 0.563113 0.516748 0.002451 0.005719
0 0.407475 0.518382 0.004902 0.008987
0 0.804228 0.518791 0.007966 0.017974
0 0.826900 0.511438 0.003064 0.004902
0 0.478860 0.511029 0.005515 0.007353
0 0.847426 0.508170 0.001225 0.003268
0 0.583027 0.515114 0.022672 0.022059
0 0.564338 0.504902 0.004902 0.004902
0 0.403493 0.498775 0.001838 0.004085
0 0.730699 0.498775 0.005515 0.005719
0 0.622549 0.498775 0.006127 0.005719
0 0.375613 0.496732 0.001225 0.001634
0 0.610907 0.498775 0.017157 0.022059
0 0.719056 0.488562 0.003064 0.003268
0 0.636949 0.485294 0.001838 0.003268
0 0.761642 0.483252 0.006127 0.005719
0 0.741728 0.483660 0.007966 0.008170
0 0.807598 0.479984 0.001225 0.002451
0 0.527574 0.480801 0.003676 0.005719
0 0.735294 0.477941 0.003676 0.003268
0 0.368566 0.474673 0.001838 0.003268
0 0.778493 0.473856 0.003064 0.004902
0 0.460478 0.473039 0.001838 0.003268
0 0.600184 0.467320 0.001838 0.001634
0 0.526042 0.470997 0.001838 0.008987
0 0.789522 0.463235 0.001838 0.001634
0 0.624387 0.463235 0.001225 0.001634
0 0.713848 0.460376 0.001225 0.002451
0 0.573836 0.459559 0.004289 0.004085
0 0.552696 0.459559 0.003676 0.005719
0 0.515319 0.459150 0.002451 0.006536
0 0.706801 0.457925 0.003064 0.005719
0 0.399203 0.456291 0.001838 0.002451
0 0.806066 0.458333 0.007966 0.009804
0 0.397059 0.453840 0.001225 0.000817
0 0.759804 0.454248 0.003676 0.003268
0 0.810049 0.452614 0.002451 0.003268
0 0.751532 0.484069 0.036152 0.066176
0 0.758885 0.502451 0.002451 0.002451
0 0.749387 0.469771 0.003064 0.004085
0 0.511336 0.486928 0.059436 0.075163
0 0.498468 0.515931 0.006127 0.003268
0 0.520833 0.485294 0.001838 0.002451
0 0.501532 0.482843 0.001225 0.002451
0 0.601409 0.449346 0.001838 0.001634
0 0.638480 0.448938 0.002451 0.002451
0 0.776654 0.448121 0.001838 0.002451
0 0.732537 0.450980 0.004289 0.008170
0 0.703431 0.491830 0.068627 0.089869
0 0.610294 0.453840 0.019608 0.018791
0 0.500919 0.445670 0.004289 0.004085
0 0.484069 0.446078 0.003676 0.004902
0 0.371936 0.445670 0.006127 0.004085
0 0.752757 0.446487 0.005515 0.007353
0 0.721507 0.447304 0.003064 0.010621
0 0.626225 0.442810 0.002451 0.003268
0 0.640931 0.440768 0.001225 0.002451
0 0.575061 0.441585 0.003064 0.004085
0 0.364277 0.440359 0.003064 0.004902
0 0.607843 0.443219 0.007353 0.012255
0 0.725490 0.435866 0.001225 0.000817
0 0.386029 0.458742 0.033088 0.046569
0 0.411765 0.437092 0.004902 0.004902
0 0.421569 0.431373 0.002451 0.003268
0 0.580576 0.428922 0.001838 0.001634
0 0.633578 0.429739 0.003676 0.004902
0 0.710478 0.441585 0.020221 0.030229
0 0.622243 0.428513 0.005515 0.004085
0 0.432598 0.427696 0.004902 0.005719
0 0.515931 0.426879 0.004902 0.012255
0 0.718137 0.421569 0.003676 0.003268
0 0.526348 0.421569 0.003676 0.003268
0 0.587316 0.424020 0.010417 0.013072
0 0.489890 0.420343 0.003064 0.005719
0 0.821691 0.421160 0.008578 0.008987
0 0.765319 0.417075 0.001225 0.000817
0 0.476103 0.416667 0.001225 0.001634
0 0.533088 0.419526 0.004902 0.008987
0 0.510110 0.417484 0.005515 0.004902
0 0.411765 0.418709 0.002451 0.007353
0 0.775123 0.430147 0.020833 0.031863
0 0.767463 0.414624 0.000613 0.000817
0 0.757047 0.420343 0.009191 0.012255
0 0.668505 0.414624 0.001225 0.000817
0 0.553922 0.463235 0.045343 0.099673
0 0.555453 0.505310 0.001225 0.003268
0 0.543811 0.457108 0.001225 0.001634
0 0.544730 0.455065 0.001838 0.004085
0 0.546569 0.441176 0.004289 0.007353
0 0.536458 0.435049 0.001225 0.001634
0 0.392770 0.414216 0.001225 0.001634
0 0.633578 0.412990 0.003676 0.004085
0 0.605392 0.412173 0.001225 0.002451
0 0.681066 0.410539 0.000613 0.000817
0 0.490809 0.409722 0.001225 0.002451
0 0.790441 0.410131 0.003676 0.004902
0 0.641238 0.408497 0.001838 0.001634
0 0.687806 0.410539 0.006740 0.007353
0 0.710478 0.406046 0.003064 0.003268
0 0.788297 0.405229 0.001838 0.003268
0 0.569240 0.404820 0.002451 0.002451
0 0.406250 0.405229 0.002451 0.004902
0 0.424020 0.405229 0.002451 0.006536
0 0.391238 0.406454 0.006740 0.008987
0 0.716299 0.404003 0.003676 0.005719
0 0.654412 0.401961 0.001225 0.001634
0 0.596507 0.407680 0.007966 0.013072
0 0.780331 0.401961 0.003064 0.003268
0 0.624387 0.407680 0.013480 0.019608
0 0.704350 0.399510 0.004289 0.006536
0 0.482537 0.396650 0.001838 0.000817
0 0.774816 0.397876 0.003064 0.004902
0 0.743566 0.398284 0.004289 0.005719
0 0.387868 0.396242 0.004902 0.006536
0 0.432292 0.399918 0.005515 0.015523
0 0.721507 0.391748 0.003064 0.004085
0 0.782169 0.388889 0.001838 0.003268
0 0.411765 0.388889 0.002451 0.003268
0 0.802696 0.390114 0.002451 0.007353
0 0.739277 0.388480 0.001838 0.004085
0 0.732843 0.407680 0.015931 0.042484
0 0.399203 0.387663 0.001838 0.002451
0 0.809130 0.390523 0.005515 0.009804
0 0.617647 0.386029 0.002451 0.004085
0 0.570466 0.392565 0.008578 0.018791
0 0.742953 0.383987 0.003064 0.004902
0 0.602022 0.391748 0.014093 0.020425
0 0.546569 0.381536 0.001225 0.001634
0 0.495711 0.381944 0.002451 0.004085
0 0.563419 0.381944 0.006740 0.008987
0 0.814951 0.381944 0.004902 0.010621
0 0.706801 0.382761 0.006740 0.012255
0 0.572304 0.378268 0.003676 0.003268
0 0.553615 0.380310 0.005515 0.010621
0 0.569853 0.375000 0.001225 0.001634
0 0.631740 0.375000 0.002451 0.003268
0 0.525123 0.375000 0.006127 0.006536
0 0.609681 0.374592 0.003676 0.008987
0 0.422794 0.382353 0.019608 0.024510
0 0.814338 0.371732 0.002451 0.006536
0 0.771140 0.367239 0.001838 0.002451
0 0.419730 0.367239 0.001225 0.002451
0 0.780025 0.366013 0.003676 0.003268
0 0.703431 0.364788 0.002451 0.002451
0 0.588848 0.366013 0.003676 0.004902
0 0.741728 0.364379 0.006740 0.009804
0 0.717831 0.375817 0.012868 0.032680
0 0.764400 0.360703 0.003064 0.004085
0 0.525123 0.358252 0.002451 0.002451
0 0.474265 0.362745 0.009804 0.011438
0 0.419118 0.359886 0.002451 0.005719
0 0.793199 0.364379 0.009191 0.017974
0 0.429228 0.355392 0.000613 0.001634
0 0.435049 0.354167 0.004902 0.010621
0 0.537071 0.360294 0.010417 0.026144
0 0.426777 0.349265 0.004289 0.010621
0 0.524510 0.345180 0.002451 0.004085
0 0.456189 0.348856 0.005515 0.011438
0 0.473958 0.350082 0.018995 0.017157
0 0.510417 0.341095 0.001225 0.000817
0 0.810968 0.341503 0.001838 0.003268
0 0.442402 0.341095 0.002451 0.004085
0 0.711397 0.341912 0.002451 0.008987
0 0.457721 0.337010 0.002451 0.002451
0 0.527880 0.335784 0.001838 0.001634
0 0.565257 0.337010 0.007966 0.005719
0 0.465686 0.334559 0.001225 0.002451
0 0.785846 0.333333 0.001838 0.001634
0 0.700674 0.330474 0.001838 0.002451
0 0.563419 0.330882 0.003064 0.004902
0 0.575061 0.330065 0.001838 0.004902
0 0.466912 0.328840 0.002451 0.004085
0 0.685355 0.325163 0.009191 0.008170
0 0.677083 0.319853 0.004902 0.002451
0 0.599877 0.345997 0.058824 0.054739
0 0.607230 0.350490 0.001838 0.004085
0 0.674020 0.316993 0.001225 0.001634
0 0.707108 0.318627 0.002451 0.006536
0 0.723039 0.314951 0.002451 0.002451
0 0.725797 0.333742 0.027574 0.040033
0 0.712316 0.312908 0.000613 0.001634
0 0.700368 0.319444 0.008578 0.014706
0 0.682292 0.314542 0.004289 0.004902
0 0.537377 0.312500 0.002451 0.005719
0 0.665748 0.308824 0.000613 0.001634
0 0.767463 0.311275 0.004289 0.008170
0 0.480699 0.316176 0.017770 0.017974
0 0.715686 0.308007 0.002451 0.003268
0 0.570772 0.309641 0.004289 0.006536
0 0.519608 0.303922 0.001225 0.001634
0 0.592831 0.305147 0.004289 0.005719
0 0.724877 0.303105 0.003676 0.004902
0 0.618566 0.306781 0.017770 0.012255
0 0.552083 0.299428 0.002451 0.002451
0 0.721814 0.297386 0.001225 0.001634
0 0.405637 0.298611 0.002451 0.005719
0 0.611213 0.295343 0.001838 0.002451
0 0.690257 0.302696 0.010417 0.020425
0 0.506434 0.293301 0.000613 0.001634
0 0.638480 0.297794 0.011029 0.012255
0 0.700674 0.299020 0.009191 0.017974
0 0.654718 0.291667 0.001838 0.003268
0 0.504902 0.287990 0.001225 0.000817
0 0.648591 0.285948 0.005515 0.008170
0 0.700368 0.281863 0.001225 0.001634
0 0.598652 0.293709 0.012255 0.025327
0 0.632047 0.282271 0.003064 0.004085
0 0.566789 0.279412 0.001225 0.001634
0 0.677083 0.290441 0.015931 0.030229
0 0.520833 0.276552 0.001225 0.002451
0 0.536458 0.276552 0.001838 0.004085
0 0.726103 0.277778 0.002451 0.008170
0 0.580270 0.276961 0.003676 0.006536
0 0.499387 0.282680 0.004902 0.017974
0 0.647978 0.274101 0.003064 0.002451
0 0.561581 0.274510 0.001838 0.003268
0 0.653186 0.277369 0.008578 0.010621
0 0.515319 0.268791 0.001225 0.001634
0 0.688725 0.273284 0.012255 0.015523
0 0.532169 0.268382 0.004289 0.007353
0 0.648591 0.266340 0.004289 0.006536
0 0.550858 0.264297 0.001225 0.002451
0 0.568015 0.263889 0.003676 0.003268
0 0.653186 0.261438 0.003676 0.003268
0 0.708946 0.262255 0.004902 0.006536
0 0.665135 0.263889 0.009191 0.009804
0 0.600797 0.259804 0.000613 0.001634
0 0.677696 0.261029 0.003676 0.005719
0 0.590686 0.258170 0.001225 0.003268
0 0.648897 0.254902 0.001225 0.001634
0 0.554228 0.250408 0.001838 0.002451
0 0.578431 0.232026 0.001225 0.001634
0 0.318627 0.231618 0.001225 0.000817
0 0.306373 0.227533 0.003676 0.008987
0 0.583640 0.223448 0.003064 0.004085
0 0.282475 0.223448 0.001225 0.004085
0 0.284007 0.218954 0.001838 0.003268
0 0.319853 0.222222 0.004902 0.011438
0 0.314338 0.217729 0.004902 0.008987
0 0.507353 0.215686 0.004902 0.006536
0 0.335478 0.209559 0.003064 0.004085
0 0.343137 0.210784 0.008578 0.013072
0 0.365196 0.206291 0.006127 0.008987
0 0.358150 0.203023 0.000613 0.002451
0 0.266850 0.206699 0.004289 0.009804
0 0.352328 0.201797 0.004902 0.004902
0 0.360600 0.182598 0.006740 0.008987
0 0.274203 0.177696 0.001838 0.004085
0 0.391238 0.169118 0.001838 0.003268
0 0.416973 0.167892 0.003064 0.002451
0 0.289522 0.168709 0.001838 0.004085
0 0.389706 0.165033 0.007353 0.006536
0 0.410846 0.165033 0.005515 0.008170
0 0.280331 0.164216 0.004289 0.006536
0 0.314338 0.160131 0.001225 0.001634
0 0.316176 0.154003 0.002451 0.000817
0 0.317402 0.144608 0.001225 0.001634
0 0.290748 0.144199 0.003064 0.005719
0 0.304534 0.141340 0.002451 0.001634
0 0.323836 0.139297 0.001838 0.002451
0 0.446078 0.124592 0.001225 0.000817
0 0.449755 0.122141 0.002451 0.004085
0 0.312194 0.113154 0.003064 0.000817
1 0.647978 0.848039 0.005515 0.009804
1 0.261029 0.705882 0.004902 0.011438
1 0.379902 0.654003 0.011029 0.010621
1 0.531556 0.645833 0.011642 0.012255
1 0.807904 0.581699 0.001838 0.001634
1 0.806066 0.580065 0.000613 0.001634
1 0.801471 0.580065 0.006127 0.004902
1 0.792892 0.570670 0.003676 0.005719
1 0.786765 0.571078 0.008578 0.014706
1 0.207414 0.541258 0.005515 0.012255
1 0.842525 0.539624 0.011029 0.010621
1 0.844056 0.539216 0.004902 0.005719
1 0.843137 0.527369 0.008578 0.012255
1 0.636949 0.477124 0.001838 0.001634
1 0.632966 0.481209 0.006127 0.009804
1 0.630208 0.471814 0.001838 0.004085
1 0.642463 0.473039 0.004289 0.008170
1 0.626838 0.474265 0.003676 0.010621
1 0.634498 0.468546 0.004289 0.004085
1 0.639400 0.464461 0.000613 0.000817
1 0.229779 0.412173 0.007353 0.008987
1 0.773897 0.387255 0.015931 0.014706
1 0.761029 0.380310 0.001225 0.000817
1 0.660539 0.242647 0.007353 0.006536
1 0.650123 0.236520 0.007353 0.005719
1 0.629596 0.233252 0.005515 0.002451
1 0.663909 0.154820 0.006740 0.008987
1 0.469363 0.136846 0.019608 0.017157
1 0.474877 0.115605 0.026961 0.020425
1 0.558211 0.074346 0.037990 0.019608
3 0.504902 0.855801 0.001225 0.002451
3 0.617034 0.756536 0.003676 0.006536
3 0.596814 0.721405 0.004902 0.004902
3 0.454350 0.658905 0.007966 0.012255
3 0.672488 0.635212 0.004289 0.007353
3 0.439338 0.629902 0.007353 0.009804
3 0.677083 0.620507 0.004902 0.005719
3 0.735907 0.479575 0.002451 0.004902
3 0.497549 0.350490 0.004902 0.004902
3 0.232537 0.254493 0.004289 0.008987
3 0.597120 0.198121 0.004289 0.004085
3 0.590380 0.190768 0.003064 0.004085