0 0.654707 0.879051 0.000772 0.001157
0 0.657407 0.876157 0.001543 0.002315
0 0.655478 0.869792 0.000772 0.001157
0 0.337963 0.870370 0.001543 0.002315
0 0.663966 0.867477 0.002315 0.003472
0 0.650849 0.866898 0.000772 0.002315
0 0.351080 0.861690 0.001543 0.003472
0 0.653935 0.859375 0.002315 0.003472
0 0.361883 0.858218 0.001543 0.001157
0 0.358796 0.856481 0.001543 0.002315
0 0.342978 0.860532 0.006944 0.010417
0 0.325617 0.855324 0.003086 0.004630
0 0.653935 0.853009 0.002315 0.002315
0 0.656250 0.847222 0.002315 0.004630
0 0.358796 0.846644 0.003086 0.005787
0 0.665123 0.846065 0.004630 0.006944
0 0.322145 0.843171 0.000772 0.001157
0 0.374614 0.842593 0.000772 0.002315
0 0.377701 0.840856 0.000772 0.001157
0 0.318673 0.841435 0.003086 0.004630
0 0.374228 0.832755 0.004630 0.003472
0 0.361883 0.829861 0.003086 0.004630
0 0.681713 0.825810 0.002315 0.003472
0 0.666667 0.831019 0.007716 0.013889
0 0.323688 0.821181 0.000772 0.001157
0 0.326389 0.826389 0.007716 0.013889
0 0.330633 0.817708 0.000772 0.001157
0 0.341435 0.817130 0.005401 0.004630
0 0.367284 0.814815 0.003086 0.006944
0 0.347994 0.809028 0.001543 0.002315
0 0.344136 0.809606 0.003086 0.003472
0 0.374228 0.809028 0.001543 0.004630
0 0.377701 0.806713 0.000772 0.002315
0 0.348380 0.804398 0.002315 0.002315
0 0.364583 0.803241 0.000772 0.002315
0 0.358025 0.810185 0.012346 0.016204
0 0.361883 0.809606 0.002315 0.002315
0 0.377701 0.800347 0.000772 0.001157
0 0.334105 0.801505 0.007716 0.008102
0 0.357253 0.789352 0.004630 0.006944
0 0.333333 0.785880 0.001543 0.002315
0 0.339892 0.785301 0.002315 0.003472
0 0.368441 0.786458 0.005401 0.012731
0 0.361497 0.780093 0.002315 0.002315
0 0.369213 0.777199 0.002315 0.003472
0 0.366127 0.776042 0.002315 0.003472
0 0.339892 0.776042 0.002315 0.003472
0 0.337191 0.775463 0.001543 0.002315
0 0.351852 0.774884 0.003086 0.003472
0 0.373071 0.763310 0.002315 0.003472
0 0.345293 0.772569 0.006944 0.021991
0 0.346836 0.769097 0.001543 0.002315
0 0.336034 0.766204 0.005401 0.009259
0 0.369985 0.754051 0.002315 0.003472
0 0.481096 0.739005 0.000772 0.001157
0 0.359182 0.733796 0.006944 0.006944
0 0.454861 0.730324 0.000772 0.002315
0 0.450231 0.731481 0.003858 0.006944
0 0.462191 0.728009 0.003086 0.006944
0 0.470293 0.718750 0.002315 0.002315
0 0.379244 0.712384 0.005401 0.008102
0 0.445988 0.710648 0.006173 0.009259
0 0.447145 0.704282 0.000772 0.001157
0 0.469907 0.726852 0.030864 0.048611
0 0.461034 0.704282 0.003858 0.005787
0 0.458333 0.688079 0.001543 0.001157
0 0.449846 0.691551 0.007716 0.010417
0 0.439429 0.688657 0.005401 0.006944
0 0.459491 0.684606 0.002315 0.003472
0 0.294367 0.675926 0.002315 0.002315
0 0.647377 0.672454 0.004630 0.004630
0 0.258488 0.661458 0.001543 0.001157
0 0.268904 0.664931 0.006944 0.010417
0 0.448688 0.662616 0.005401 0.008102
0 0.260802 0.656250 0.001543 0.002315
0 0.256173 0.656829 0.003086 0.003472
0 0.360725 0.653935 0.003858 0.004630
0 0.266975 0.652199 0.003086 0.003472
0 0.312500 0.649306 0.001543 0.002315
0 0.266204 0.645833 0.001543 0.002315
0 0.468750 0.664931 0.025463 0.042824
0 0.462191 0.663773 0.002315 0.002315
0 0.300154 0.646412 0.004630 0.005787
0 0.272377 0.641204 0.001543 0.002315
0 0.406250 0.644097 0.006944 0.017361
0 0.360340 0.636574 0.001543 0.002315
0 0.334877 0.635995 0.001543 0.001157
0 0.255015 0.635995 0.002315 0.003472
0 0.309414 0.633681 0.003086 0.003472
0 0.241512 0.636574 0.007716 0.016204
0 0.259259 0.626736 0.001543 0.003472
0 0.256173 0.626157 0.001543 0.002315
0 0.250772 0.630787 0.007716 0.011574
0 0.273920 0.631366 0.012346 0.017361
0 0.231481 0.622106 0.001543 0.001157
0 0.373457 0.623264 0.003086 0.005787
0 0.276620 0.616319 0.000772 0.001157
0 0.239198 0.617477 0.003086 0.005787
0 0.278935 0.614005 0.000772 0.001157
0 0.283951 0.616898 0.006173 0.009259
0 0.280864 0.612269 0.001543 0.002315
0 0.249614 0.616319 0.005401 0.012731
0 0.315972 0.608796 0.000772 0.002315
0 0.274306 0.610532 0.002315 0.005787
0 0.241127 0.609954 0.006944 0.006944
0 0.234954 0.611690 0.003858 0.010417
0 0.255015 0.608218 0.002315 0.005787
0 0.307485 0.610532 0.010031 0.012731
0 0.241127 0.604167 0.002315 0.002315
0 0.221836 0.603588 0.000772 0.001157
0 0.287809 0.602431 0.003086 0.003472
0 0.328704 0.603588 0.004630 0.008102
0 0.242284 0.600116 0.001543 0.003472
0 0.405864 0.598380 0.001543 0.002315
0 0.319830 0.598380 0.002315 0.004630
0 0.325231 0.596065 0.000772 0.002315
0 0.235340 0.596065 0.001543 0.002315
0 0.304784 0.595486 0.004630 0.005787
0 0.312500 0.596065 0.007716 0.011574
0 0.272377 0.592014 0.003086 0.003472
0 0.296296 0.593750 0.003086 0.009259
0 0.324460 0.588542 0.003858 0.003472
0 0.337577 0.589120 0.005401 0.006944
0 0.273920 0.585648 0.001543 0.002315
0 0.278935 0.583912 0.000772 0.001157
0 0.349151 0.592593 0.020833 0.025463
0 0.346836 0.581597 0.000772 0.003472
0 0.331019 0.582755 0.004630 0.008102
0 0.342207 0.579282 0.008488 0.008102
0 0.288966 0.576389 0.002315 0.002315
0 0.287423 0.571759 0.000772 0.002315
0 0.233025 0.570023 0.001543 0.003472
0 0.332562 0.566551 0.001543 0.001157
0 0.231096 0.566551 0.000772 0.001157
0 0.410880 0.578704 0.014660 0.027778
0 0.293981 0.569444 0.006173 0.011574
0 0.234568 0.564236 0.003086 0.005787
0 0.334491 0.561921 0.003858 0.003472
0 0.306327 0.561921 0.004630 0.003472
0 0.255787 0.560764 0.002315 0.003472
0 0.294367 0.558449 0.003858 0.005787
0 0.222222 0.556134 0.001543 0.001157
0 0.259645 0.559606 0.005401 0.010417
0 0.286651 0.553819 0.002315 0.003472
0 0.315972 0.551505 0.000772 0.001157
0 0.268904 0.552662 0.003858 0.005787
0 0.241512 0.552083 0.003086 0.006944
0 0.276620 0.548032 0.000772 0.001157
0 0.347222 0.559028 0.020062 0.025463
0 0.251929 0.547454 0.000772 0.002315
0 0.333333 0.548032 0.010802 0.008102
0 0.247299 0.546875 0.006944 0.008102
0 0.785494 0.542824 0.001543 0.002315
0 0.232639 0.542245 0.000772 0.001157
0 0.239583 0.541088 0.000772 0.001157
0 0.772377 0.541088 0.003086 0.005787
0 0.261574 0.539352 0.001543 0.002315
0 0.273920 0.537616 0.003086 0.003472
0 0.318673 0.540509 0.009259 0.016204
0 0.226080 0.534722 0.003086 0.004630
0 0.368056 0.531250 0.003086 0.004630
0 0.271219 0.530093 0.000772 0.002315
0 0.216435 0.531250 0.002315 0.004630
0 0.332176 0.531829 0.006944 0.010417
0 0.214892 0.523148 0.002315 0.002315
0 0.260802 0.521991 0.001543 0.002315
0 0.322531 0.518519 0.004630 0.006944
0 0.293596 0.530093 0.030093 0.030093
0 0.286651 0.534144 0.001543 0.002315
0 0.212191 0.516204 0.001543 0.002315
0 0.765432 0.515625 0.003086 0.003472
0 0.379244 0.517361 0.003858 0.006944
0 0.753086 0.515046 0.003086 0.004630
0 0.301312 0.513889 0.000772 0.002315
0 0.748843 0.513310 0.003858 0.003472
0 0.297840 0.510995 0.001543 0.001157
0 0.228009 0.512153 0.002315 0.003472
0 0.312886 0.513310 0.006944 0.008102
0 0.749228 0.508681 0.001543 0.001157
0 0.773148 0.503472 0.001543 0.002315
0 0.252701 0.505787 0.003858 0.006944
0 0.753086 0.503472 0.003086 0.004630
0 0.248071 0.501736 0.000772 0.001157
0 0.251157 0.500000 0.000772 0.002315
0 0.246914 0.497106 0.001543 0.001157
0 0.294367 0.496528 0.000772 0.002315
0 0.777006 0.498843 0.004630 0.009259
0 0.288966 0.495949 0.002315 0.003472
0 0.763889 0.497685 0.006173 0.009259
0 0.753472 0.493634 0.000772 0.001157
0 0.228781 0.490162 0.000772 0.001157
0 0.256559 0.493634 0.003858 0.010417
0 0.372299 0.488426 0.000772 0.002315
0 0.334491 0.487847 0.000772 0.001157
0 0.302469 0.496528 0.013889 0.018519
0 0.256173 0.484375 0.001543 0.001157
0 0.299383 0.483796 0.003086 0.006944
0 0.283951 0.480324 0.001543 0.002315
0 0.376543 0.474537 0.001543 0.002315
0 0.412423 0.471065 0.005401 0.006944
0 0.372685 0.467593 0.003086 0.004630
0 0.398920 0.468171 0.006173 0.008102
0 0.266975 0.465278 0.003086 0.002315
0 0.293596 0.471644 0.013117 0.017361
0 0.272762 0.468171 0.006944 0.010417
0 0.288580 0.461806 0.001543 0.002315
0 0.259259 0.465278 0.009259 0.009259
0 0.321373 0.462384 0.002315 0.005787
0 0.266590 0.458912 0.002315 0.003472
0 0.241127 0.455440 0.000772 0.001157
0 0.394290 0.452546 0.001543 0.002315
0 0.244599 0.453125 0.004630 0.008102
0 0.370370 0.446759 0.001543 0.002315
0 0.305941 0.447917 0.002315 0.004630
0 0.227623 0.445602 0.001543 0.002315
0 0.301312 0.444444 0.000772 0.002315
0 0.231096 0.439236 0.002315 0.003472
0 0.261960 0.436921 0.000772 0.001157
0 0.244213 0.436921 0.000772 0.001157
0 0.233796 0.436921 0.001543 0.001157
0 0.294753 0.440972 0.006173 0.013889
0 0.256559 0.438079 0.003858 0.008102
0 0.246528 0.434606 0.002315 0.003472
0 0.252701 0.432292 0.000772 0.001157
0 0.268519 0.432870 0.003086 0.004630
0 0.241898 0.432292 0.002315 0.003472
0 0.236883 0.429398 0.001543 0.002315
0 0.346836 0.431713 0.003858 0.009259
0 0.253472 0.428241 0.002315 0.002315
0 0.356096 0.432870 0.011574 0.013889
0 0.248843 0.426505 0.000772 0.001157
0 0.241127 0.425347 0.000772 0.001157
0 0.358025 0.424769 0.003086 0.004630
0 0.353009 0.424190 0.002315 0.003472
0 0.264275 0.425926 0.003858 0.006944
0 0.315201 0.428819 0.008488 0.017361
0 0.281636 0.425347 0.006173 0.012731
0 0.255787 0.420718 0.002315 0.003472
0 0.242670 0.420139 0.000772 0.002315
0 0.247299 0.418981 0.002315 0.004630
0 0.348765 0.418403 0.006173 0.010417
0 0.340278 0.415509 0.003086 0.004630
0 0.239583 0.411458 0.000772 0.001157
0 0.234568 0.412037 0.001543 0.002315
0 0.290895 0.409144 0.001543 0.001157
0 0.360340 0.407407 0.003086 0.002315
0 0.303627 0.414931 0.008488 0.017361
0 0.255401 0.406829 0.001543 0.001157
0 0.365355 0.409722 0.006944 0.011574
0 0.224151 0.403935 0.005401 0.004630
0 0.282022 0.399884 0.000772 0.001157
0 0.295910 0.398727 0.002315 0.003472
0 0.213735 0.399884 0.001543 0.005787
0 0.320988 0.401620 0.004630 0.011574
0 0.239583 0.401620 0.010031 0.011574
0 0.239969 0.402199 0.002315 0.002315
0 0.361883 0.393519 0.001543 0.002315
0 0.309028 0.402778 0.010031 0.020833
0 0.374228 0.386574 0.001543 0.002315
0 0.369985 0.387731 0.002315 0.004630
0 0.305941 0.386574 0.003858 0.004630
0 0.247685 0.387731 0.006173 0.006944
0 0.343750 0.382523 0.002315 0.003472
0 0.350694 0.387731 0.014660 0.016204
0 0.333333 0.388310 0.006173 0.017361
0 0.280093 0.379630 0.003086 0.006944
0 0.320216 0.383681 0.006173 0.017361
0 0.276620 0.376157 0.000772 0.002315
0 0.272762 0.398727 0.022377 0.047454
0 0.271605 0.400463 0.002315 0.003472
0 0.268133 0.394097 0.004630 0.006944
0 0.368827 0.374421 0.004630 0.003472
0 0.260802 0.383102 0.006173 0.020833
0 0.319444 0.372685 0.001543 0.002315
0 0.311728 0.373264 0.003086 0.003472
0 0.253472 0.370370 0.002315 0.002315
0 0.222608 0.372106 0.003858 0.005787
0 0.364969 0.369792 0.012346 0.015046
0 0.320602 0.364583 0.008488 0.009259
0 0.290123 0.362269 0.006173 0.006944
0 0.364198 0.359375 0.003086 0.003472
0 0.266590 0.363426 0.005401 0.011574
0 0.248071 0.358796 0.002315 0.002315
0 0.233796 0.358796 0.001543 0.002315
0 0.348765 0.358796 0.001543 0.004630
0 0.344136 0.359954 0.004630 0.006944
0 0.381559 0.359954 0.003858 0.009259
0 0.278164 0.361111 0.013117 0.016204
0 0.230710 0.354745 0.001543 0.003472
0 0.271991 0.342593 0.000772 0.002315
0 0.336034 0.341435 0.000772 0.002315
0 0.356481 0.352431 0.009259 0.028935
0 0.341435 0.342014 0.003858 0.008102
0 0.346065 0.339699 0.002315 0.005787
0 0.232253 0.338542 0.007716 0.005787
0 0.368827 0.345486 0.012346 0.021991
0 0.369599 0.347801 0.002315 0.002315
0 0.366898 0.338542 0.001543 0.002315
0 0.350309 0.335648 0.001543 0.002315
0 0.294367 0.339120 0.013117 0.011574
0 0.263117 0.336227 0.006173 0.005787
0 0.255401 0.337384 0.006173 0.008102
0 0.371528 0.331597 0.000772 0.001157
0 0.273920 0.335648 0.012346 0.009259
0 0.274306 0.336227 0.001543 0.002315
0 0.362654 0.331597 0.004630 0.003472
0 0.242670 0.329282 0.000772 0.001157
0 0.354938 0.329282 0.004630 0.003472
0 0.229167 0.327546 0.001543 0.002315
0 0.310957 0.339120 0.024691 0.032407
0 0.309799 0.340856 0.003086 0.004630
0 0.352623 0.321759 0.001543 0.002315
0 0.358025 0.320602 0.001543 0.002315
0 0.350309 0.318287 0.001543 0.002315
0 0.236883 0.320602 0.009259 0.011574
0 0.372299 0.313079 0.000772 0.001157
0 0.275849 0.315972 0.003858 0.006944
0 0.343750 0.308449 0.000772 0.001157
0 0.240741 0.309028 0.003086 0.002315
0 0.247299 0.310185 0.003858 0.006944
0 0.264275 0.308449 0.008488 0.012731
0 0.252315 0.302083 0.001543 0.002315
0 0.256559 0.302083 0.003858 0.004630
0 0.257716 0.287037 0.001543 0.002315
0 0.261188 0.279514 0.002315 0.003472
0 0.277392 0.276620 0.000772 0.002315
0 0.279321 0.273148 0.001543 0.002315
0 0.250772 0.270833 0.001543 0.002315
0 0.248457 0.271412 0.001543 0.003472
0 0.277006 0.270833 0.003086 0.004630
0 0.267747 0.270255 0.003086 0.005787
0 0.280864 0.263889 0.003086 0.004630
0 0.277006 0.261574 0.001543 0.002315
0 0.258102 0.252315 0.005401 0.006944
0 0.282793 0.248264 0.000772 0.001157
0 0.388503 0.192130 0.002315 0.006944
0 0.470679 0.176505 0.023148 0.021991
0 0.474923 0.184606 0.003086 0.004630
0 0.462577 0.167824 0.002315 0.004630
0 0.456790 0.166667 0.001543 0.002315
0 0.467978 0.165509 0.002315 0.002315
0 0.458719 0.162037 0.000772 0.002315
0 0.464892 0.160880 0.002315 0.004630
0 0.488426 0.155671 0.001543 0.003472
0 0.459877 0.152778 0.001543 0.002315
0 0.472994 0.149306 0.003086 0.004630
1 0.669753 0.856481 0.007716 0.009259
1 0.354552 0.852431 0.006944 0.005787
1 0.350309 0.835648 0.004630 0.004630
1 0.687114 0.825810 0.003858 0.005787
1 0.687886 0.809028 0.003858 0.004630
1 0.691744 0.780671 0.006944 0.005787
1 0.724537 0.756944 0.007716 0.004630
1 0.371142 0.703704 0.004630 0.009259
1 0.354167 0.702546 0.004630 0.006944
1 0.332948 0.681134 0.003858 0.010417
1 0.302083 0.671296 0.003858 0.004630
1 0.231481 0.511574 0.003086 0.002315
1 0.292052 0.514468 0.013117 0.015046
1 0.234568 0.508102 0.004630 0.006944
1 0.263889 0.505787 0.004630 0.006944
1 0.226852 0.499421 0.004630 0.005787
1 0.265432 0.485532 0.006173 0.010417
1 0.368056 0.401042 0.006173 0.005787
1 0.295139 0.370370 0.003858 0.004630
1 0.293981 0.383102 0.027778 0.032407
1 0.283565 0.365741 0.002315 0.002315
1 0.304398 0.363426 0.002315 0.004630
1 0.525463 0.282407 0.007716 0.011574
1 0.352623 0.263889 0.007716 0.011574
1 0.486111 0.181713 0.006173 0.004630
1 0.434414 0.141204 0.003086 0.009259
3 0.358025 0.724537 0.003086 0.004630
3 0.430170 0.718750 0.003858 0.004630
3 0.267361 0.719329 0.003858 0.005787
3 0.354167 0.702546 0.001543 0.006944
3 0.414738 0.626157 0.003858 0.004630
3 0.307485 0.568866 0.002315 0.003472
3 0.311728 0.557292 0.003086 0.005787
3 0.263503 0.507523 0.002315 0.005787
3 0.258488 0.489583 0.001543 0.002315
3 0.245756 0.487269 0.002315 0.002315
3 0.293981 0.487269 0.003086 0.004630
3 0.241512 0.486111 0.001543 0.002315
3 0.289738 0.483218 0.002315 0.003472
3 0.258873 0.482060 0.002315 0.005787
3 0.284336 0.474537 0.002315 0.002315
3 0.317130 0.370370 0.001543 0.004630
3 0.493056 0.339699 0.003086 0.003472
3 0.436343 0.328704 0.002315 0.004630
3 0.459491 0.322338 0.000772 0.001157
3 0.350694 0.265046 0.002315 0.006944
3 0.274691 0.248843 0.003086 0.002315
3 0.268904 0.250000 0.002315 0.006944
3 0.434028 0.137731 0.002315 0.004630
3 0.517361 0.092593 0.002315 0.004630