0 0.282407 0.758102 0.001543 0.002315
0 0.276235 0.758102 0.001543 0.002315
0 0.266590 0.756944 0.006944 0.009259
0 0.254244 0.744792 0.002315 0.003472
0 0.393904 0.764468 0.025463 0.059028
0 0.275463 0.743634 0.032407 0.021991
0 0.257330 0.735532 0.005401 0.005787
0 0.287037 0.735532 0.007716 0.008102
0 0.295525 0.726273 0.003086 0.003472
0 0.291667 0.718750 0.003086 0.004630
0 0.250772 0.710648 0.006173 0.016204
0 0.736497 0.703704 0.005401 0.009259
0 0.293596 0.688657 0.019290 0.020833
0 0.742284 0.681134 0.007716 0.010417
0 0.280093 0.670718 0.004630 0.005787
0 0.271605 0.665509 0.006173 0.009259
0 0.292824 0.648727 0.005401 0.010417
0 0.520833 0.648148 0.007716 0.013889
0 0.528164 0.639468 0.000772 0.001157
0 0.776620 0.625579 0.000772 0.001157
0 0.782407 0.625579 0.006173 0.012731
0 0.542052 0.618634 0.000772 0.001157
0 0.733796 0.629630 0.010802 0.027778
0 0.536265 0.622106 0.012346 0.017361
0 0.532407 0.621528 0.002315 0.003472
0 0.503086 0.622685 0.040123 0.018519
0 0.785880 0.611111 0.002315 0.002315
0 0.540895 0.612269 0.004630 0.009259
0 0.246528 0.607060 0.002315 0.003472
0 0.554012 0.596065 0.006173 0.006944
0 0.702932 0.595486 0.006173 0.008102
0 0.532793 0.595486 0.008488 0.010417
0 0.391590 0.591435 0.008488 0.006944
0 0.298225 0.591435 0.005401 0.006944
0 0.229167 0.589120 0.003086 0.006944
0 0.716821 0.593750 0.015432 0.018519
0 0.540509 0.587963 0.003858 0.006944
0 0.251157 0.586806 0.002315 0.004630
0 0.548997 0.585069 0.002315 0.003472
0 0.233410 0.583912 0.002315 0.003472
0 0.369985 0.582755 0.003858 0.005787
0 0.564043 0.577546 0.003086 0.004630
0 0.541667 0.573495 0.001543 0.001157
0 0.233025 0.574074 0.001543 0.002315
0 0.572145 0.572338 0.002315 0.003472
0 0.540123 0.570023 0.001543 0.003472
0 0.557870 0.572917 0.006173 0.013889
0 0.554012 0.564815 0.001543 0.002315
0 0.547068 0.565972 0.001543 0.004630
0 0.532407 0.565394 0.003086 0.003472
0 0.242670 0.565394 0.002315 0.003472
0 0.550154 0.563657 0.001543 0.002315
0 0.225309 0.563079 0.001543 0.001157
0 0.576389 0.563657 0.006173 0.004630
0 0.527006 0.560764 0.003086 0.003472
0 0.535108 0.559028 0.003858 0.006944
0 0.569830 0.557870 0.008488 0.018519
0 0.492284 0.550347 0.010802 0.003472
0 0.251543 0.552083 0.003086 0.006944
0 0.241512 0.553819 0.012346 0.010417
0 0.554012 0.549769 0.001543 0.004630
0 0.547454 0.553241 0.008488 0.011574
0 0.261188 0.549769 0.006944 0.009259
0 0.225694 0.546875 0.002315 0.003472
0 0.567130 0.542824 0.001543 0.002315
0 0.559414 0.546875 0.007716 0.010417
0 0.765432 0.548611 0.010802 0.016204
0 0.545910 0.541667 0.003858 0.004630
0 0.327932 0.542245 0.004630 0.005787
0 0.572145 0.538773 0.002315 0.003472
0 0.490355 0.578125 0.102623 0.084491
0 0.525077 0.592593 0.001543 0.003472
0 0.523534 0.590856 0.001543 0.002315
0 0.467207 0.594907 0.016975 0.024306
0 0.516204 0.582176 0.002315 0.003472
0 0.500000 0.580440 0.011574 0.006944
0 0.493441 0.578125 0.001543 0.002315
0 0.491127 0.578125 0.001543 0.002315
0 0.495756 0.574653 0.001543 0.002315
0 0.510802 0.576968 0.006944 0.009259
0 0.494985 0.573495 0.001543 0.002315
0 0.486497 0.573495 0.001543 0.002315
0 0.485725 0.572338 0.001543 0.002315
0 0.459491 0.576389 0.003086 0.010417
0 0.462577 0.567708 0.001543 0.002315
0 0.469907 0.559606 0.002315 0.002315
0 0.227623 0.538773 0.006173 0.005787
0 0.629630 0.660301 0.200617 0.255787
0 0.583719 0.557292 0.001543 0.002315
0 0.223380 0.532986 0.002315 0.001157
0 0.219136 0.532986 0.004630 0.003472
0 0.576003 0.532986 0.006944 0.005787
0 0.506944 0.533565 0.007716 0.011574
0 0.528935 0.530671 0.017747 0.017361
0 0.505787 0.523727 0.002315 0.003472
0 0.559028 0.520255 0.002315 0.003472
0 0.268904 0.520833 0.005401 0.004630
0 0.564429 0.517361 0.006944 0.013889
0 0.765818 0.520833 0.011574 0.023148
0 0.779707 0.506944 0.006944 0.011574
0 0.790509 0.504051 0.003858 0.010417
0 0.542824 0.512731 0.023920 0.027778
0 0.520448 0.500000 0.003858 0.004630
0 0.330247 0.497106 0.001543 0.003472
0 0.712577 0.494792 0.000772 0.001157
0 0.724151 0.489005 0.000772 0.001157
0 0.735340 0.487847 0.001543 0.001157
0 0.315972 0.489005 0.005401 0.003472
0 0.733410 0.494213 0.019290 0.027778
0 0.721451 0.481481 0.003086 0.004630
0 0.281636 0.481481 0.003086 0.004630
0 0.340278 0.476273 0.003086 0.003472
0 0.287037 0.475694 0.001543 0.002315
0 0.774306 0.474537 0.003858 0.002315
0 0.297068 0.476273 0.003086 0.005787
0 0.212577 0.479167 0.006944 0.011574
0 0.314429 0.473958 0.002315 0.005787
0 0.326775 0.470486 0.000772 0.001157
0 0.702160 0.471644 0.003086 0.008102
0 0.253858 0.472222 0.007716 0.011574
0 0.743441 0.465278 0.000772 0.002315
0 0.315586 0.465278 0.001543 0.002315
0 0.292052 0.464120 0.000772 0.002315
0 0.326389 0.461806 0.001543 0.002315
0 0.324074 0.478009 0.010802 0.034722
0 0.261574 0.462384 0.003086 0.003472
0 0.747685 0.461806 0.004630 0.011574
0 0.305556 0.468750 0.015432 0.025463
0 0.283565 0.456597 0.002315 0.003472
0 0.731096 0.456019 0.003858 0.004630
0 0.272762 0.457176 0.005401 0.006944
0 0.290123 0.455440 0.006173 0.005787
0 0.280478 0.453125 0.000772 0.001157
0 0.761960 0.451968 0.002315 0.005787
0 0.739969 0.450231 0.001543 0.002315
0 0.324460 0.453704 0.003858 0.009259
0 0.334877 0.460069 0.013889 0.024306
0 0.779321 0.450231 0.004630 0.006944
0 0.322145 0.447338 0.002315 0.003472
0 0.288966 0.446759 0.008488 0.006944
0 0.767747 0.443287 0.001543 0.002315
0 0.277392 0.446181 0.011574 0.008102
0 0.264275 0.443866 0.002315 0.003472
0 0.338349 0.442708 0.002315 0.003472
0 0.311728 0.439236 0.003086 0.003472
0 0.233410 0.445602 0.014660 0.016204
0 0.226852 0.438657 0.001543 0.002315
0 0.726466 0.436921 0.000772 0.001157
0 0.334105 0.440394 0.003086 0.008102
0 0.330247 0.439815 0.003086 0.006944
0 0.305170 0.445602 0.016204 0.018519
0 0.341435 0.435764 0.002315 0.003472
0 0.720679 0.434606 0.006173 0.008102
0 0.542438 0.434028 0.006173 0.006944
0 0.302083 0.432870 0.002315 0.004630
0 0.726080 0.429977 0.001543 0.001157
0 0.714506 0.429398 0.001543 0.002315
0 0.321373 0.435185 0.014660 0.016204
0 0.271991 0.431713 0.003858 0.011574
0 0.236883 0.427662 0.003086 0.003472
0 0.753858 0.422454 0.001543 0.002315
0 0.283951 0.423032 0.001543 0.003472
0 0.234182 0.422454 0.002315 0.002315
0 0.756944 0.420718 0.001543 0.001157
0 0.766204 0.417824 0.003086 0.004630
0 0.266590 0.420139 0.005401 0.011574
0 0.296682 0.424769 0.027006 0.023148
0 0.281636 0.412037 0.003086 0.004630
0 0.731096 0.415509 0.019290 0.013889
0 0.732253 0.413773 0.002315 0.004630
0 0.319830 0.412616 0.005401 0.008102
0 0.755015 0.407986 0.000772 0.001157
0 0.358025 0.409722 0.004630 0.004630
0 0.332176 0.408565 0.002315 0.002315
0 0.750000 0.412037 0.007716 0.018519
0 0.247299 0.420718 0.016204 0.040509
0 0.272377 0.405671 0.015432 0.019676
0 0.262346 0.398727 0.004630 0.008102
0 0.251929 0.394097 0.003858 0.005787
0 0.269676 0.392361 0.002315 0.004630
0 0.259645 0.391204 0.002315 0.002315
0 0.228781 0.396412 0.011574 0.012731
0 0.338349 0.391204 0.000772 0.004630
0 0.334491 0.396991 0.006944 0.016204
0 0.454090 0.385995 0.003858 0.003472
0 0.417438 0.387153 0.004630 0.005787
0 0.274306 0.388310 0.005401 0.008102
0 0.266590 0.384838 0.002315 0.005787
0 0.346065 0.385995 0.005401 0.010417
0 0.255015 0.381944 0.000772 0.002315
0 0.339506 0.382523 0.007716 0.010417
0 0.304012 0.390625 0.013889 0.028935
0 0.321373 0.377894 0.003858 0.005787
0 0.280864 0.375579 0.003086 0.003472
0 0.456404 0.374421 0.003858 0.003472
0 0.298225 0.374421 0.003858 0.003472
0 0.314429 0.373843 0.003858 0.004630
0 0.352238 0.400463 0.040895 0.069444
0 0.317901 0.364005 0.003086 0.003472
0 0.254630 0.362269 0.001543 0.002315
0 0.353395 0.359954 0.004630 0.004630
0 0.279707 0.359375 0.003858 0.003472
0 0.242284 0.363426 0.010802 0.011574
0 0.239583 0.357639 0.002315 0.002315
0 0.334877 0.359954 0.004630 0.009259
0 0.255015 0.355324 0.005401 0.006944
0 0.294753 0.353588 0.003086 0.008102
0 0.242284 0.350694 0.001543 0.002315
0 0.287037 0.349537 0.004630 0.006944
0 0.359568 0.344907 0.003086 0.004630
0 0.371528 0.344907 0.013117 0.013889
0 0.353781 0.339120 0.005401 0.009259
0 0.317130 0.339699 0.009259 0.010417
0 0.343364 0.337384 0.012346 0.019676
0 0.328704 0.331597 0.015432 0.024306
0 0.299769 0.318287 0.002315 0.004630
0 0.253472 0.333333 0.017747 0.037037
0 0.283179 0.312500 0.003086 0.006944
0 0.258873 0.312500 0.005401 0.006944
0 0.252315 0.311921 0.003086 0.008102
0 0.264660 0.305556 0.001543 0.002315
0 0.261960 0.306713 0.010031 0.011574
0 0.472222 0.243056 0.001543 0.002315
0 0.677855 0.241319 0.003858 0.005787
0 0.413580 0.239005 0.006173 0.008102
0 0.479552 0.236690 0.008488 0.008102
0 0.411265 0.230324 0.001543 0.002315
0 0.444059 0.226852 0.002315 0.004630
0 0.420525 0.221644 0.003086 0.005787
0 0.426698 0.230324 0.023148 0.032407
0 0.454475 0.222801 0.009259 0.019676
0 0.484568 0.208333 0.001543 0.004630
0 0.443287 0.208333 0.005401 0.006944
0 0.414738 0.214120 0.016204 0.018519
0 0.411265 0.220486 0.002315 0.002315
0 0.413580 0.208912 0.002315 0.002315
0 0.447531 0.205440 0.001543 0.003472
0 0.479552 0.207176 0.003858 0.009259
0 0.427469 0.203125 0.003086 0.003472
0 0.421296 0.202546 0.001543 0.002315
0 0.423997 0.197917 0.002315 0.004630
0 0.419367 0.192708 0.002315 0.003472
0 0.425154 0.185764 0.003086 0.005787
0 0.436728 0.185764 0.012346 0.008102
0 0.498843 0.182870 0.008488 0.009259
0 0.588349 0.151620 0.002315 0.004630
0 0.328318 0.139468 0.000772 0.001157
0 0.594907 0.141204 0.006173 0.018519
0 0.602623 0.123264 0.007716 0.005787
0 0.607253 0.109375 0.001543 0.005787
0 0.452546 0.089120 0.003858 0.004630
0 0.454861 0.083912 0.002315 0.003472
0 0.455247 0.078125 0.001543 0.001157
1 0.605324 0.911458 0.008488 0.010417
1 0.625772 0.899884 0.003086 0.005787
1 0.605710 0.894097 0.009259 0.019676
1 0.527778 0.859954 0.007716 0.011574
1 0.436343 0.838542 0.013117 0.015046
1 0.550926 0.841435 0.023148 0.030093
1 0.457948 0.828704 0.003858 0.004630
1 0.424383 0.828125 0.006173 0.005787
1 0.543596 0.824653 0.006944 0.005787
1 0.652392 0.825231 0.005401 0.011574
1 0.561343 0.819444 0.019290 0.023148
1 0.622685 0.806713 0.004630 0.006944
1 0.523534 0.809606 0.008488 0.012731
1 0.305170 0.804398 0.011574 0.013889
1 0.309028 0.804977 0.001543 0.002315
1 0.304398 0.804977 0.001543 0.002315
1 0.593750 0.794560 0.020833 0.021991
1 0.625000 0.776620 0.010802 0.013889
1 0.412423 0.782986 0.031636 0.026620
1 0.442130 0.765046 0.010802 0.004630
1 0.424383 0.757523 0.012346 0.005787
1 0.503472 0.756366 0.013117 0.012731
1 0.408951 0.757523 0.009259 0.015046
1 0.371142 0.765046 0.029321 0.055556
1 0.395062 0.726273 0.009259 0.012731
1 0.392361 0.710069 0.005401 0.008102
1 0.352623 0.705440 0.004630 0.010417
1 0.365741 0.703125 0.004630 0.010417
1 0.375772 0.696759 0.004630 0.006944
1 0.348380 0.688079 0.005401 0.008102
1 0.363426 0.688657 0.016975 0.016204
1 0.381559 0.688079 0.017747 0.017361
1 0.260031 0.693866 0.015432 0.028935
1 0.261960 0.678819 0.006944 0.008102
1 0.433256 0.668981 0.005401 0.006944
1 0.442130 0.662616 0.016975 0.008102
1 0.475694 0.664352 0.047068 0.013889
1 0.650849 0.690394 0.033179 0.093750
1 0.664352 0.657986 0.009259 0.054398
1 0.724923 0.633681 0.006944 0.017361
1 0.770833 0.612847 0.003086 0.005787
1 0.305170 0.586227 0.014660 0.021991
1 0.781636 0.538773 0.010802 0.026620
1 0.204475 0.520833 0.001543 0.002315
1 0.393133 0.517940 0.011574 0.015046
1 0.205633 0.509259 0.003858 0.006944
1 0.741127 0.519097 0.019290 0.031250
1 0.368441 0.493056 0.002315 0.006944
1 0.495370 0.491898 0.006173 0.009259
1 0.376543 0.489583 0.013889 0.020833
1 0.378086 0.471644 0.006173 0.008102
1 0.510031 0.462384 0.004630 0.003472
1 0.378086 0.450231 0.006173 0.004630
1 0.497299 0.443866 0.011574 0.008102
1 0.215278 0.441551 0.016975 0.019676
1 0.447917 0.433449 0.010031 0.010417
1 0.221065 0.428241 0.003858 0.004630
1 0.465278 0.421875 0.006173 0.008102
1 0.288966 0.383681 0.003858 0.008102
1 0.377315 0.376736 0.009259 0.005787
1 0.288194 0.357060 0.013117 0.008102
1 0.273920 0.344329 0.003086 0.005787
1 0.297454 0.341435 0.005401 0.011574
1 0.371142 0.304977 0.007716 0.005787
1 0.660880 0.277199 0.011574 0.012731
1 0.583719 0.259838 0.005401 0.008102
1 0.678241 0.202546 0.006173 0.011574
1 0.599923 0.182870 0.005401 0.006944
1 0.535494 0.177083 0.003086 0.004630
1 0.520062 0.174190 0.003086 0.003472
1 0.512346 0.173032 0.003086 0.003472
1 0.592207 0.163194 0.008488 0.006944
1 0.526235 0.166088 0.013889 0.015046
1 0.580633 0.157407 0.005401 0.009259
1 0.477623 0.163194 0.012346 0.020833
1 0.470293 0.151042 0.000772 0.001157
1 0.368827 0.133102 0.001543 0.002315
1 0.341435 0.134259 0.002315 0.004630
1 0.343750 0.129051 0.003858 0.005787
1 0.425926 0.115162 0.013889 0.017361
1 0.604552 0.101273 0.003858 0.005787
1 0.600694 0.100694 0.002315 0.004630
1 0.423997 0.092593 0.003858 0.009259
2 0.571373 0.837384 0.053241 0.070602
2 0.576003 0.847801 0.001543 0.002315
2 0.575231 0.846644 0.001543 0.002315
2 0.574074 0.844907 0.002315 0.003472
2 0.570602 0.839699 0.006173 0.009259
2 0.567515 0.835069 0.001543 0.002315
2 0.403935 0.131944 0.022377 0.030093
2 0.413580 0.093171 0.009259 0.012731
3 0.342593 0.826968 0.001543 0.001157
3 0.622685 0.808449 0.004630 0.005787
3 0.299383 0.701389 0.001543 0.002315
3 0.471065 0.696181 0.003858 0.003472
3 0.483796 0.675926 0.003086 0.004630
3 0.341435 0.664352 0.000772 0.002315
3 0.335262 0.663773 0.002315 0.003472
3 0.284722 0.649884 0.003086 0.005787
3 0.350694 0.641782 0.002315 0.003472
3 0.297840 0.603009 0.003086 0.002315
3 0.349537 0.602431 0.003086 0.003472
3 0.274691 0.601273 0.003086 0.003472
3 0.778549 0.590856 0.003086 0.005787
3 0.293210 0.579282 0.003086 0.005787
3 0.302469 0.541667 0.003086 0.004630
3 0.331404 0.518519 0.002315 0.004630
3 0.783951 0.481481 0.003086 0.004630
3 0.426312 0.479167 0.003858 0.006944
3 0.406250 0.476852 0.002315 0.004630
3 0.770448 0.458912 0.002315 0.003472
3 0.792052 0.450231 0.002315 0.002315
3 0.599923 0.300347 0.002315 0.003472
3 0.658179 0.242477 0.003086 0.005787
3 0.670910 0.224537 0.002315 0.006944
3 0.662423 0.215278 0.005401 0.004630
3 0.653549 0.198495 0.004630 0.005787
3 0.663194 0.192130 0.002315 0.004630
3 0.682099 0.175347 0.003086 0.005787
3 0.677469 0.171875 0.003086 0.003472
3 0.676312 0.158565 0.003858 0.006944
3 0.537037 0.141782 0.001543 0.003472
3 0.616898 0.131366 0.002315 0.003472
3 0.532022 0.124421 0.000772 0.003472
3 0.408565 0.109375 0.003858 0.005787
3 0.398148 0.097801 0.006173 0.008102
3 0.499228 0.093750 0.004630 0.006944