0 0.514660 0.685764 0.010802 0.012731
0 0.521991 0.675347 0.006944 0.010417
0 0.467207 0.616319 0.003858 0.008102
0 0.533179 0.568287 0.004630 0.006944
0 0.549383 0.509838 0.003086 0.005787
0 0.537423 0.508102 0.019290 0.025463
0 0.552083 0.475116 0.006944 0.005787
0 0.569059 0.480903 0.013117 0.019676
0 0.376929 0.471065 0.010031 0.011574
0 0.470293 0.388310 0.005401 0.010417
0 0.462963 0.374421 0.012346 0.015046
0 0.452932 0.364005 0.003086 0.003472
0 0.542052 0.312500 0.013117 0.018519
1 0.786651 0.583912 0.005401 0.008102
1 0.342978 0.287616 0.005401 0.005787
1 0.371914 0.112847 0.004630 0.008102
1 0.548611 0.094907 0.012346 0.018519
3 0.513503 0.855324 0.002315 0.004630
3 0.552855 0.828704 0.002315 0.002315
3 0.559028 0.809028 0.002315 0.004630
3 0.638117 0.134259 0.003086 0.006944