0 0.528549 0.932870 0.001543 0.002315
0 0.529707 0.908565 0.005401 0.011574
0 0.344907 0.793981 0.003086 0.004630
0 0.383488 0.788194 0.001543 0.002315
0 0.380401 0.783565 0.001543 0.002315
0 0.396219 0.781250 0.000772 0.002315
0 0.402006 0.780093 0.004630 0.004630
0 0.383102 0.776620 0.002315 0.002315
0 0.383873 0.771412 0.000772 0.001157
0 0.328704 0.771412 0.004630 0.003472
0 0.381559 0.764468 0.000772 0.001157
0 0.333333 0.766204 0.004630 0.006944
0 0.349923 0.760995 0.002315 0.003472
0 0.340664 0.758102 0.002315 0.004630
0 0.400463 0.755787 0.001543 0.002315
0 0.394290 0.751157 0.001543 0.002315
0 0.343364 0.751736 0.001543 0.003472
0 0.339892 0.747106 0.003858 0.005787
0 0.346451 0.743056 0.001543 0.002315
0 0.343364 0.740162 0.001543 0.001157
0 0.321373 0.614005 0.005401 0.005787
0 0.785108 0.589120 0.005401 0.009259
0 0.753086 0.538194 0.001543 0.002315
0 0.756559 0.538773 0.005401 0.005787
0 0.745370 0.534722 0.001543 0.002315
0 0.450617 0.512153 0.001543 0.003472
0 0.438657 0.506366 0.000772 0.001157
0 0.352238 0.507523 0.002315 0.003472
0 0.299383 0.502315 0.001543 0.002315
0 0.422454 0.498264 0.000772 0.001157
0 0.444444 0.495949 0.001543 0.001157
0 0.335648 0.500579 0.009259 0.012731
0 0.261188 0.494792 0.000772 0.001157
0 0.317515 0.495370 0.002315 0.004630
0 0.429398 0.492477 0.002315 0.003472
0 0.290509 0.495370 0.005401 0.009259
0 0.320988 0.492477 0.003086 0.005787
0 0.309414 0.491898 0.010802 0.009259
0 0.274306 0.487847 0.006944 0.008102
0 0.314429 0.483796 0.002315 0.002315
0 0.260031 0.480903 0.004630 0.005787
0 0.292438 0.476852 0.001543 0.002315
0 0.305941 0.475116 0.003858 0.005787
0 0.263117 0.472801 0.001543 0.001157
0 0.429012 0.471065 0.006173 0.009259
0 0.292824 0.466435 0.002315 0.004630
0 0.233025 0.421296 0.001543 0.002315
0 0.342593 0.417824 0.003086 0.006944
0 0.256173 0.415509 0.003086 0.004630
0 0.364198 0.412037 0.004630 0.004630
0 0.259259 0.410301 0.009259 0.015046
0 0.238812 0.403935 0.000772 0.002315
0 0.251543 0.400463 0.003086 0.002315
0 0.241127 0.396412 0.002315 0.003472
0 0.370756 0.286458 0.002315 0.003472
0 0.370756 0.279514 0.002315 0.005787
0 0.454090 0.281250 0.010031 0.016204
0 0.449460 0.274306 0.003858 0.006944
0 0.444444 0.263889 0.001543 0.002315
0 0.462577 0.260417 0.002315 0.004630
0 0.456019 0.259838 0.001543 0.003472
0 0.433642 0.260417 0.003086 0.004630
0 0.443673 0.256944 0.001543 0.002315
0 0.462963 0.255787 0.001543 0.002315
0 0.448688 0.255208 0.002315 0.003472
0 0.440972 0.254051 0.000772 0.001157
0 0.437500 0.254051 0.003086 0.003472
0 0.393519 0.252894 0.001543 0.001157
0 0.420910 0.250000 0.002315 0.002315
0 0.398920 0.252894 0.004630 0.008102
0 0.445602 0.248264 0.000772 0.001157
0 0.449074 0.248843 0.004630 0.004630
0 0.405093 0.245949 0.004630 0.005787
0 0.413966 0.242477 0.000772 0.001157
0 0.466435 0.240162 0.003858 0.001157
0 0.407022 0.239005 0.000772 0.001157
0 0.411651 0.237847 0.003858 0.003472
0 0.427083 0.227431 0.000772 0.001157
0 0.637346 0.195602 0.003086 0.004630
0 0.636574 0.190972 0.001543 0.002315
0 0.626543 0.188079 0.004630 0.010417
0 0.646605 0.183449 0.001543 0.003472
0 0.653935 0.179977 0.002315 0.003472
0 0.628086 0.179398 0.003086 0.004630
0 0.633873 0.175926 0.000772 0.002315
0 0.654707 0.170718 0.002315 0.003472
0 0.648534 0.170718 0.002315 0.003472
0 0.431713 0.111690 0.002315 0.003472
1 0.513889 0.830440 0.006173 0.008102
1 0.521219 0.822338 0.005401 0.005787
1 0.473380 0.792245 0.016204 0.008102
1 0.532022 0.792824 0.013117 0.016204
1 0.533565 0.782986 0.000772 0.001157
1 0.787809 0.578125 0.004630 0.005787
1 0.763117 0.579861 0.007716 0.016204
1 0.391204 0.559606 0.009259 0.010417
1 0.767361 0.549190 0.002315 0.003472
1 0.786651 0.556713 0.008488 0.020833
1 0.567515 0.564236 0.023920 0.038194
1 0.772377 0.549190 0.004630 0.010417
1 0.317130 0.474537 0.007716 0.011574
1 0.328704 0.424190 0.006173 0.012731
1 0.726466 0.339120 0.005401 0.006944
1 0.434028 0.313079 0.002315 0.003472
1 0.449846 0.313079 0.007716 0.010417
1 0.441744 0.306713 0.006944 0.004630
1 0.435185 0.306713 0.003086 0.004630
1 0.295139 0.243056 0.003858 0.009259
1 0.289352 0.240741 0.003086 0.009259
1 0.291667 0.229745 0.004630 0.005787
1 0.439043 0.121528 0.004630 0.002315
1 0.434028 0.122106 0.003858 0.003472
1 0.490741 0.118056 0.009259 0.013889
1 0.477623 0.111111 0.003086 0.006944
1 0.474151 0.094329 0.014660 0.015046
1 0.516975 0.090856 0.009259 0.015046
1 0.494985 0.078704 0.006944 0.013889
2 0.553241 0.835069 0.016975 0.040509
2 0.523148 0.806134 0.023148 0.031250
2 0.408179 0.326389 0.041667 0.032407
2 0.621142 0.133681 0.016975 0.031250
3 0.412037 0.922454 0.003086 0.004630
3 0.521991 0.916667 0.002315 0.004630
3 0.508102 0.895833 0.003858 0.006944
3 0.419753 0.894097 0.006173 0.005787
3 0.626929 0.890046 0.002315 0.004630
3 0.429784 0.887153 0.004630 0.005787
3 0.611883 0.882523 0.003086 0.003472
3 0.603781 0.879630 0.005401 0.006944
3 0.344522 0.876157 0.002315 0.002315
3 0.642747 0.871528 0.004630 0.004630
3 0.637731 0.869213 0.000772 0.006944
3 0.467978 0.864583 0.003858 0.004630
3 0.630015 0.863426 0.003858 0.004630
3 0.564815 0.855903 0.003086 0.003472
3 0.526620 0.848958 0.002315 0.003472
3 0.338735 0.850116 0.004630 0.008102
3 0.603395 0.846065 0.004630 0.006944
3 0.588349 0.843171 0.002315 0.003472
3 0.530093 0.844329 0.004630 0.005787
3 0.564815 0.836806 0.003086 0.004630
3 0.690201 0.832755 0.002315 0.003472
3 0.612654 0.829861 0.001543 0.002315
3 0.578318 0.831019 0.002315 0.006944
3 0.462577 0.828704 0.002315 0.002315
3 0.689815 0.822917 0.001543 0.002315
3 0.622299 0.823495 0.002315 0.003472
3 0.686728 0.821759 0.001543 0.002315
3 0.631559 0.824653 0.003858 0.010417
3 0.584105 0.821181 0.001543 0.003472
3 0.641590 0.811921 0.000772 0.001157
3 0.621528 0.800926 0.002315 0.002315
3 0.649306 0.799769 0.000772 0.002315
3 0.623071 0.796875 0.000772 0.001157
3 0.622685 0.793981 0.001543 0.002315
3 0.642361 0.793403 0.002315 0.003472
3 0.380015 0.795718 0.005401 0.008102
3 0.625772 0.789352 0.001543 0.002315
3 0.639275 0.785301 0.000772 0.001157
3 0.631944 0.784144 0.003086 0.003472
3 0.449074 0.783565 0.004630 0.004630
3 0.437500 0.779514 0.003086 0.008102
3 0.388889 0.773727 0.001543 0.001157
3 0.646605 0.770255 0.003086 0.003472
3 0.638889 0.770833 0.003086 0.004630
3 0.725694 0.769097 0.002315 0.003472
3 0.422840 0.769097 0.004630 0.005787
3 0.450617 0.767940 0.003086 0.008102
3 0.268133 0.765625 0.002315 0.003472
3 0.650463 0.765046 0.003086 0.004630
3 0.640818 0.760995 0.002315 0.003472
3 0.438657 0.759259 0.002315 0.002315
3 0.391204 0.759259 0.003086 0.004630
3 0.717207 0.753472 0.002315 0.002315
3 0.433256 0.753472 0.002315 0.004630
3 0.722608 0.751736 0.002315 0.003472
3 0.714892 0.745949 0.002315 0.003472
3 0.551312 0.732060 0.003858 0.003472
3 0.745756 0.727431 0.002315 0.008102
3 0.395448 0.725694 0.002315 0.004630
3 0.644290 0.718171 0.004630 0.005787
3 0.750386 0.711227 0.002315 0.003472
3 0.354938 0.707755 0.003086 0.005787
3 0.735725 0.688079 0.002315 0.003472
3 0.442901 0.688079 0.003086 0.003472
3 0.763117 0.687500 0.003086 0.004630
3 0.430170 0.683449 0.002315 0.003472
3 0.756173 0.678819 0.003086 0.008102
3 0.730324 0.664931 0.002315 0.003472
3 0.737654 0.651042 0.003086 0.005787
3 0.697145 0.641782 0.002315 0.003472
3 0.442901 0.640046 0.003086 0.006944
3 0.444830 0.624421 0.002315 0.003472
3 0.545910 0.601852 0.003858 0.006944
3 0.491127 0.587963 0.003858 0.004630
3 0.734182 0.578704 0.003858 0.006944
3 0.779321 0.573495 0.001543 0.003472
3 0.731481 0.572917 0.003086 0.004630
3 0.722994 0.561921 0.004630 0.003472
3 0.707176 0.552662 0.002315 0.005787
3 0.730710 0.543981 0.001543 0.002315
3 0.726080 0.542824 0.001543 0.002315
3 0.229552 0.538773 0.003858 0.003472
3 0.780478 0.537037 0.002315 0.002315
3 0.271219 0.537616 0.002315 0.005787
3 0.383488 0.535301 0.003086 0.003472
3 0.288580 0.510995 0.003086 0.003472
3 0.367670 0.498264 0.002315 0.003472
3 0.400849 0.487847 0.000772 0.001157
3 0.213349 0.452546 0.000772 0.002315
3 0.206404 0.446759 0.000772 0.004630
3 0.216049 0.418403 0.004630 0.008102
3 0.244599 0.399306 0.001543 0.002315
3 0.263889 0.383681 0.003086 0.005787
3 0.231481 0.377894 0.001543 0.001157
3 0.260802 0.375579 0.001543 0.003472
3 0.281636 0.371528 0.003086 0.004630
3 0.237654 0.369213 0.003086 0.006944
3 0.261574 0.366898 0.003086 0.004630
3 0.253086 0.355324 0.003086 0.004630
3 0.239583 0.355324 0.002315 0.004630
3 0.321759 0.343171 0.003086 0.005787
3 0.227238 0.335648 0.003858 0.009259
3 0.247685 0.326389 0.003086 0.006944
3 0.481867 0.320602 0.003858 0.004630
3 0.242284 0.317708 0.003086 0.003472
3 0.501929 0.317130 0.005401 0.006944
3 0.760802 0.314236 0.003086 0.005787
3 0.750000 0.313079 0.003086 0.005787
3 0.370756 0.308449 0.003858 0.008102
3 0.339892 0.302662 0.003858 0.005787
3 0.346451 0.298032 0.001543 0.003472
3 0.419367 0.296875 0.002315 0.003472
3 0.600694 0.288194 0.002315 0.004630
3 0.755015 0.281829 0.002315 0.003472
3 0.360340 0.280671 0.006173 0.005787
3 0.339892 0.271991 0.002315 0.002315
3 0.333333 0.271412 0.001543 0.003472
3 0.362654 0.263889 0.003086 0.004630
3 0.429784 0.239583 0.001543 0.002315
3 0.375000 0.235532 0.004630 0.005787
3 0.382330 0.230903 0.002315 0.003472
3 0.418981 0.228009 0.001543 0.002315
3 0.441744 0.222222 0.005401 0.006944
3 0.622685 0.212963 0.004630 0.009259
3 0.606867 0.197338 0.003858 0.005787
3 0.552083 0.186921 0.003858 0.003472
3 0.607639 0.185764 0.003858 0.003472
3 0.339120 0.182292 0.002315 0.003472
3 0.535880 0.180556 0.002315 0.002315
3 0.381944 0.180556 0.003086 0.002315
3 0.656250 0.178819 0.000772 0.001157
3 0.595679 0.177662 0.003086 0.003472
3 0.650849 0.177662 0.002315 0.005787
3 0.313657 0.175347 0.002315 0.003472
3 0.660880 0.173611 0.002315 0.002315
3 0.530864 0.168981 0.001543 0.002315
3 0.505787 0.170139 0.002315 0.004630
3 0.609954 0.173032 0.006944 0.012731
3 0.606096 0.168403 0.002315 0.003472
3 0.385417 0.167245 0.003858 0.005787
3 0.587577 0.164352 0.003858 0.004630
3 0.661265 0.157986 0.001543 0.001157
3 0.596065 0.160301 0.002315 0.005787
3 0.505401 0.159144 0.003086 0.003472
3 0.649306 0.156250 0.003858 0.004630
3 0.587191 0.155093 0.003086 0.002315
3 0.336420 0.155671 0.004630 0.008102
3 0.655864 0.148727 0.003086 0.003472
3 0.596065 0.148148 0.005401 0.006944
3 0.658565 0.139468 0.002315 0.003472
3 0.437500 0.138310 0.007716 0.010417
3 0.574074 0.127315 0.001543 0.004630
3 0.582562 0.119792 0.003086 0.005787
3 0.442130 0.099537 0.001543 0.002315
3 0.451389 0.101273 0.003086 0.008102
3 0.444830 0.095486 0.002315 0.003472
3 0.428241 0.089699 0.001543 0.003472
3 0.576775 0.087384 0.006944 0.008102
3 0.424383 0.078704 0.001543 0.002315
3 0.432870 0.077546 0.001543 0.002315
3 0.533951 0.074074 0.001543 0.002315
3 0.444830 0.067130 0.003858 0.004630
3 0.521605 0.064815 0.003086 0.002315
3 0.462191 0.061921 0.003086 0.003472
3 0.529707 0.059606 0.003858 0.003472
3 0.471451 0.059606 0.001543 0.003472