0 0.582520 0.282552 0.002930 0.003906
0 0.587158 0.277018 0.003418 0.011068
1 0.347412 0.833984 0.028809 0.045573
1 0.330811 0.756836 0.012207 0.022786
1 0.632813 0.728841 0.027344 0.026693
1 0.640137 0.724609 0.003906 0.006510
1 0.647949 0.710286 0.012695 0.013021
1 0.658203 0.680339 0.015625 0.007813
1 0.617432 0.460286 0.001465 0.003906
1 0.635986 0.461914 0.006348 0.013672
1 0.619873 0.451497 0.003418 0.012370
1 0.803223 0.433268 0.021484 0.018880
1 0.360596 0.405273 0.006348 0.009766
1 0.435791 0.389974 0.023926 0.040365
1 0.834473 0.371094 0.014648 0.015625
1 0.396973 0.320313 0.017578 0.013021
1 0.696533 0.318685 0.010254 0.012370
1 0.668701 0.328776 0.033691 0.059896
1 0.397949 0.286458 0.015625 0.016927
1 0.439453 0.282227 0.013672 0.013672
1 0.271240 0.271484 0.018066 0.041667
1 0.555664 0.220378 0.072266 0.060547
1 0.243408 0.191732 0.009277 0.014974
1 0.547119 0.182617 0.028809 0.011068
1 0.306396 0.160156 0.006348 0.011719
1 0.295654 0.140951 0.011230 0.012370
1 0.600342 0.110352 0.010254 0.012370
1 0.428223 0.046224 0.009766 0.013021
3 0.556152 0.869141 0.001953 0.003906
3 0.170410 0.532552 0.003906 0.003906
3 0.727783 0.531901 0.005371 0.010417
3 0.681885 0.483073 0.009277 0.006510
3 0.517822 0.457031 0.008301 0.006510
3 0.644043 0.446940 0.004883 0.004557
3 0.767578 0.373047 0.003906 0.005208
3 0.773682 0.342122 0.002441 0.003255
3 0.695801 0.308594 0.005859 0.010417
3 0.503662 0.282552 0.006348 0.007813
3 0.730469 0.237305 0.002930 0.003255
3 0.785156 0.227865 0.003906 0.006510
3 0.595215 0.226563 0.003906 0.003906
3 0.587646 0.215169 0.003418 0.005859
3 0.480225 0.039063 0.004395 0.005208