0 0.510234 0.555921 0.004386 0.008772
0 0.509137 0.544408 0.005117 0.005482
0 0.519737 0.535636 0.001462 0.003289
0 0.510599 0.510417 0.000731 0.001096
0 0.551535 0.260417 0.003655 0.005482
0 0.533991 0.257675 0.003655 0.004386
0 0.519371 0.250548 0.000731 0.001096
0 0.526681 0.253289 0.009503 0.008772
0 0.528143 0.240680 0.002193 0.003289
0 0.527778 0.234101 0.001462 0.001096
0 0.525950 0.233004 0.000731 0.001096
0 0.528509 0.218202 0.001462 0.002193
0 0.290570 0.212171 0.003655 0.003289
0 0.528509 0.205044 0.008772 0.006579
0 0.555190 0.197368 0.009503 0.013158
1 0.220029 0.416667 0.005848 0.008772
1 0.764254 0.330592 0.010965 0.018640
1 0.545322 0.228618 0.011696 0.012061
1 0.673611 0.166667 0.008041 0.013158
2 0.446272 0.899123 0.003655 0.004386
2 0.427997 0.887610 0.013889 0.016447
2 0.495249 0.484101 0.002193 0.005482
2 0.535819 0.468750 0.007310 0.016447
3 0.444444 0.773026 0.005848 0.006579
3 0.361842 0.758772 0.002924 0.004386
3 0.786550 0.597588 0.002924 0.004386
3 0.275219 0.475877 0.002193 0.002193
3 0.562500 0.467654 0.005117 0.009868
3 0.457968 0.381579 0.003655 0.004386
3 0.320906 0.375000 0.002924 0.004386
3 0.407164 0.370066 0.002924 0.003289
3 0.750365 0.363487 0.002193 0.003289
3 0.590278 0.364583 0.005117 0.005482
3 0.411184 0.358553 0.003655 0.006579
3 0.580044 0.300439 0.003655 0.004386
3 0.647661 0.255482 0.001462 0.002193
3 0.463450 0.240132 0.002924 0.002193
3 0.672149 0.238487 0.000731 0.001096
3 0.447368 0.234101 0.005848 0.007675
3 0.437135 0.232456 0.002924 0.004386
3 0.466009 0.225329 0.002193 0.003289
3 0.667032 0.224781 0.002193 0.004386
3 0.646930 0.222588 0.007310 0.006579
3 0.641447 0.213268 0.002193 0.003289
3 0.459795 0.209978 0.002924 0.003289
3 0.675804 0.206689 0.000731 0.001096
3 0.489401 0.203947 0.003655 0.004386
3 0.417763 0.188048 0.002193 0.003289
3 0.606725 0.177632 0.002924 0.004386
3 0.595029 0.173246 0.001462 0.002193
3 0.533991 0.168860 0.000731 0.002193