0 0.449951 0.156250 0.001465 0.002604
0 0.462402 0.156576 0.005859 0.008464
0 0.454346 0.155599 0.006348 0.011719
0 0.465332 0.148763 0.002930 0.004557
0 0.458496 0.138346 0.001953 0.005859
1 0.570313 0.334961 0.026367 0.025391
2 0.411377 0.231771 0.014160 0.026042
2 0.678223 0.159505 0.016602 0.019531
2 0.454346 0.088867 0.025879 0.041016
3 0.543457 0.742188 0.007813 0.009115
3 0.399170 0.559570 0.001465 0.001953
3 0.800293 0.377279 0.004883 0.007161
3 0.450195 0.304036 0.010742 0.010417
3 0.389893 0.264323 0.007324 0.005208
3 0.553467 0.167643 0.007324 0.004557