0 0.204243 0.651758 0.005624 0.005688
0 0.215746 0.645553 0.006135 0.004654
0 0.266360 0.640900 0.005112 0.004654
0 0.259202 0.637539 0.001022 0.002068
0 0.264059 0.635988 0.002556 0.002068
0 0.273262 0.630041 0.004601 0.003619
0 0.278119 0.625129 0.001022 0.001034
0 0.268149 0.616598 0.007669 0.013961
0 0.254857 0.607549 0.013804 0.009307
0 0.281186 0.594881 0.022495 0.018097
0 0.208333 0.520424 0.002556 0.001551
0 0.257413 0.520941 0.011759 0.004654
0 0.173057 0.521458 0.008691 0.005688
0 0.082566 0.521458 0.007669 0.005688
0 0.388804 0.518097 0.003579 0.003102
0 0.159765 0.517063 0.014826 0.008273
0 0.133180 0.515253 0.008691 0.006722
0 0.379090 0.510600 0.002556 0.002585
0 0.298569 0.510083 0.001022 0.001551
0 0.326176 0.516805 0.044990 0.017063
0 0.290900 0.508532 0.008180 0.005688
0 0.090235 0.507497 0.003579 0.003619
0 0.371933 0.505946 0.003579 0.002585
0 0.237986 0.512151 0.017894 0.014995
0 0.312372 0.503102 0.001022 0.001034
0 0.352505 0.491986 0.021984 0.018097
0 0.277096 0.487073 0.017382 0.012410
0 0.104806 0.483454 0.007157 0.005171
0 0.128579 0.492761 0.019939 0.033092
0 0.209356 0.498966 0.143661 0.046536
0 0.247444 0.488625 0.002045 0.003102
0 0.073364 0.477508 0.007669 0.005688
0 0.093814 0.473113 0.009714 0.006205
0 0.327454 0.471303 0.007669 0.006722
0 0.277863 0.471820 0.006646 0.007756
0 0.057515 0.475957 0.016871 0.016029
0 0.103016 0.466132 0.003579 0.005688
0 0.294223 0.463806 0.003579 0.003102
0 0.119376 0.468459 0.011759 0.012410
0 0.247699 0.461479 0.005624 0.007756
0 0.047802 0.458635 0.004601 0.002068
0 0.300613 0.454498 0.002045 0.003102
0 0.088701 0.452947 0.002556 0.002068
0 0.056493 0.452430 0.003579 0.003102
0 0.224438 0.453206 0.011247 0.005688
0 0.312883 0.458118 0.018405 0.019648
0 0.294223 0.449586 0.003579 0.002585
0 0.240542 0.446484 0.003579 0.007756
0 0.178681 0.441830 0.002556 0.001551
0 0.289622 0.443123 0.005624 0.005171
0 0.303425 0.442347 0.005624 0.004654
0 0.075665 0.457342 0.019427 0.034643
0 0.071063 0.442089 0.002045 0.002068
0 0.036043 0.444674 0.005624 0.011375
0 0.043200 0.439762 0.006646 0.005688
0 0.044734 0.433040 0.003579 0.004654
0 0.301125 0.433299 0.019427 0.009307
0 0.231851 0.429938 0.005624 0.006722
0 0.250256 0.454757 0.056748 0.058428
0 0.255879 0.437435 0.005624 0.004137
0 0.141871 0.424509 0.005624 0.010341
0 0.097393 0.421148 0.003579 0.007756
0 0.187117 0.416494 0.008180 0.003619
0 0.175358 0.424509 0.016360 0.019648
0 0.140593 0.415460 0.003067 0.001551
0 0.277863 0.428128 0.027096 0.028956
0 0.245910 0.417011 0.020450 0.016029
0 0.222648 0.412616 0.012781 0.009307
0 0.222393 0.415977 0.002045 0.001551
0 0.104550 0.396329 0.004601 0.006722
0 0.072853 0.416494 0.041411 0.058428
0 0.074387 0.413650 0.004601 0.005171
0 0.093814 0.381334 0.007669 0.004654
0 0.054959 0.380817 0.005624 0.005688
0 0.202454 0.380817 0.011247 0.009824
0 0.148517 0.364271 0.005624 0.006722
0 0.157720 0.361169 0.003579 0.003619
0 0.239008 0.384436 0.075153 0.056360
0 0.242331 0.392451 0.010225 0.009307
0 0.175613 0.361427 0.003579 0.010341
0 0.085890 0.357291 0.003067 0.002068
0 0.078476 0.354964 0.006646 0.006722
0 0.192996 0.358066 0.016871 0.016029
0 0.162321 0.347983 0.007669 0.007239
0 0.174591 0.345657 0.005624 0.004654
0 0.125767 0.355998 0.056237 0.034643
0 0.097137 0.339710 0.008180 0.011375
0 0.174080 0.332213 0.013804 0.017063
0 0.143149 0.327301 0.011247 0.007239
0 0.196319 0.323164 0.001022 0.001034
0 0.197342 0.335315 0.030675 0.029473
0 0.194530 0.319286 0.002556 0.004654
0 0.159509 0.299121 0.020450 0.026370
0 0.454243 0.284643 0.002556 0.004654
0 0.438906 0.072389 0.005624 0.007239
1 0.125767 0.662099 0.019427 0.017063
1 0.908998 0.452430 0.011247 0.008273
1 0.180982 0.444674 0.050102 0.039297
1 0.201687 0.422958 0.002556 0.002068
1 0.146217 0.424767 0.035787 0.044984
1 0.174591 0.397363 0.033231 0.018097
1 0.909254 0.345915 0.007669 0.010341
1 0.779141 0.209928 0.009202 0.010341
1 0.368354 0.209411 0.010736 0.009307
1 0.475971 0.077559 0.029652 0.021717
3 0.209356 0.790848 0.002556 0.004654
3 0.228783 0.776887 0.002556 0.002585
3 0.204755 0.777404 0.006646 0.005688
3 0.194018 0.753361 0.001534 0.003102
3 0.202710 0.730352 0.002556 0.003619
3 0.188906 0.729059 0.004601 0.005171
3 0.151840 0.675543 0.008180 0.006722
3 0.717536 0.369442 0.002556 0.003619
3 0.390337 0.352120 0.002556 0.003102
3 0.470859 0.333247 0.006135 0.005688
3 0.560838 0.235005 0.003067 0.004654