0 0.646930 0.786184 0.004386 0.004386
0 0.740863 0.575110 0.000731 0.001096
0 0.727339 0.549890 0.005848 0.007675
0 0.694810 0.527961 0.000731 0.001096
0 0.690058 0.529057 0.004386 0.005482
0 0.686404 0.526316 0.001462 0.002193
0 0.700658 0.524671 0.000731 0.001096
0 0.682018 0.524671 0.002924 0.007675
0 0.711257 0.521382 0.002924 0.005482
0 0.687865 0.516996 0.004386 0.009868
0 0.701023 0.506031 0.001462 0.001096
0 0.690789 0.507127 0.001462 0.003289
0 0.675804 0.508224 0.003655 0.005482
0 0.717105 0.502193 0.001462 0.002193
0 0.707237 0.502741 0.002193 0.003289
0 0.682749 0.501096 0.001462 0.002193
0 0.729167 0.498355 0.000731 0.001096
0 0.738670 0.499452 0.005117 0.007675
0 0.688231 0.496162 0.002193 0.003289
0 0.696637 0.496162 0.005848 0.007675
0 0.685307 0.492325 0.002193 0.002193
0 0.663743 0.486294 0.001462 0.001096
0 0.561769 0.476425 0.003655 0.005482
0 0.607822 0.467654 0.002193 0.003289
0 0.727705 0.463268 0.003655 0.005482
0 0.555190 0.455592 0.002193 0.003289
1 0.688962 0.712171 0.003655 0.007675
1 0.760234 0.696272 0.010234 0.006579
1 0.688231 0.683114 0.003655 0.004386
1 0.728801 0.592654 0.002924 0.003289
1 0.726608 0.583882 0.004386 0.007675
1 0.736842 0.539474 0.010234 0.015351
1 0.710526 0.535088 0.008772 0.015351
1 0.728070 0.519737 0.001462 0.002193
1 0.723319 0.525768 0.006579 0.014254
1 0.712719 0.490132 0.016082 0.028509
2 0.678363 0.701206 0.014620 0.036184
2 0.372442 0.219846 0.044591 0.042763
2 0.634503 0.121711 0.001462 0.002193
2 0.638889 0.121711 0.002924 0.004386
2 0.630848 0.112939 0.011696 0.008772
3 0.514985 0.739583 0.002193 0.003289
3 0.300439 0.729167 0.001462 0.002193
3 0.316520 0.615680 0.001462 0.001096
3 0.308845 0.609101 0.000731 0.003289
3 0.304825 0.607456 0.001462 0.004386
3 0.314693 0.606360 0.003655 0.004386
3 0.301901 0.603618 0.001462 0.003289
3 0.308845 0.599232 0.003655 0.005482
3 0.546784 0.575110 0.005848 0.007675
3 0.492325 0.555373 0.006579 0.005482
3 0.530336 0.493421 0.000731 0.002193
3 0.491228 0.421053 0.001462 0.002193
3 0.645102 0.417763 0.002193 0.002193
3 0.608187 0.231360 0.002924 0.004386
3 0.597588 0.114583 0.006579 0.012061