0 0.750000 0.660880 0.001543 0.002315
0 0.717593 0.638310 0.001543 0.001157
0 0.762346 0.627315 0.003086 0.004630
0 0.767361 0.623843 0.000772 0.002315
0 0.707948 0.629630 0.014660 0.013889
0 0.675926 0.622685 0.006173 0.009259
0 0.565586 0.545139 0.001543 0.002315
0 0.548611 0.533565 0.009259 0.013889
0 0.684028 0.512153 0.002315 0.003472
0 0.677855 0.504051 0.003858 0.005787
0 0.686343 0.489583 0.000772 0.002315
0 0.657407 0.499421 0.040123 0.042824
0 0.725309 0.476852 0.001543 0.002315
0 0.679398 0.473958 0.011574 0.017361
0 0.641975 0.467593 0.010802 0.020833
0 0.677083 0.457176 0.011574 0.009259
0 0.733025 0.450231 0.001543 0.004630
0 0.670525 0.444444 0.001543 0.002315
0 0.655478 0.439815 0.000772 0.002315
0 0.739969 0.439815 0.007716 0.011574
0 0.643133 0.437500 0.003858 0.006944
0 0.741512 0.432870 0.001543 0.004630
0 0.693673 0.430556 0.006173 0.009259
0 0.738812 0.427662 0.005401 0.005787
0 0.663966 0.424190 0.003858 0.005787
0 0.691358 0.421296 0.001543 0.002315
0 0.731481 0.413194 0.001543 0.004630
0 0.695602 0.413194 0.006944 0.011574
0 0.735725 0.405671 0.000772 0.001157
0 0.655864 0.407407 0.004630 0.004630
0 0.662423 0.408565 0.005401 0.009259
0 0.778164 0.402778 0.002315 0.004630
0 0.759259 0.401042 0.003086 0.005787
0 0.753086 0.398148 0.001543 0.002315
0 0.641204 0.405093 0.012346 0.018519
0 0.745370 0.393519 0.003086 0.004630
0 0.462963 0.391782 0.015432 0.017361
0 0.639660 0.382523 0.001543 0.003472
0 0.632330 0.381944 0.005401 0.011574
0 0.645448 0.370949 0.011574 0.012731
0 0.631944 0.366319 0.003086 0.003472
0 0.752701 0.360532 0.000772 0.001157
0 0.638889 0.357639 0.001543 0.002315
0 0.524306 0.359954 0.010031 0.011574
0 0.770833 0.356481 0.007716 0.009259
0 0.735340 0.364005 0.021605 0.026620
0 0.712577 0.344907 0.002315 0.004630
0 0.735725 0.344907 0.005401 0.009259
0 0.726080 0.349537 0.009259 0.018519
0 0.676312 0.350694 0.014660 0.025463
0 0.673225 0.354745 0.001543 0.002315
0 0.695602 0.337384 0.003858 0.005787
0 0.624228 0.337384 0.004630 0.010417
0 0.687886 0.329282 0.000772 0.001157
0 0.676698 0.329282 0.001543 0.001157
0 0.692901 0.329282 0.004630 0.005787
0 0.708333 0.328125 0.004630 0.005787
0 0.523534 0.325231 0.002315 0.002315
0 0.683642 0.326389 0.004630 0.006944
0 0.603009 0.323495 0.000772 0.001157
0 0.702546 0.323495 0.006944 0.005787
0 0.675540 0.321181 0.000772 0.001157
0 0.539352 0.323495 0.003086 0.008102
0 0.680941 0.317708 0.005401 0.008102
0 0.678627 0.309606 0.000772 0.001157
0 0.496142 0.314236 0.006173 0.017361
0 0.672454 0.311921 0.011574 0.021991
0 0.628086 0.300926 0.012346 0.020833
0 0.666667 0.182292 0.004630 0.008102
0 0.672068 0.162037 0.004630 0.004630
0 0.668596 0.151620 0.002315 0.002315
0 0.380015 0.149306 0.014660 0.018519
0 0.378086 0.145833 0.002315 0.003472
1 0.693673 0.755208 0.020062 0.017361
1 0.280478 0.710648 0.005401 0.006944
1 0.625000 0.712384 0.012346 0.019676
1 0.280478 0.704282 0.002315 0.003472
1 0.722608 0.675926 0.006944 0.013889
1 0.692130 0.693287 0.032407 0.053241
1 0.729552 0.658565 0.003858 0.006944
1 0.725694 0.652199 0.003858 0.003472
1 0.751543 0.651042 0.004630 0.010417
1 0.690201 0.633681 0.013117 0.015046
1 0.721065 0.585069 0.006944 0.010417
1 0.731096 0.583912 0.006944 0.010417
1 0.741127 0.570023 0.010031 0.017361
1 0.502315 0.505787 0.009259 0.006944
1 0.720293 0.503472 0.020833 0.025463
1 0.725694 0.489005 0.000772 0.001157
1 0.484954 0.434028 0.013117 0.023148
1 0.753472 0.419560 0.019290 0.035880
1 0.550926 0.362847 0.010802 0.010417
1 0.687886 0.391204 0.096451 0.111111
1 0.655478 0.307292 0.016204 0.028935
1 0.509645 0.293981 0.010031 0.018519
1 0.529707 0.280671 0.008488 0.015046
1 0.568673 0.099537 0.013889 0.027778
3 0.312500 0.758681 0.001543 0.003472
3 0.451003 0.694444 0.003858 0.002315
3 0.481096 0.672454 0.003858 0.004630
3 0.457562 0.669560 0.003086 0.003472
3 0.515818 0.648727 0.002315 0.003472
3 0.515046 0.644676 0.000772 0.002315
3 0.461420 0.645255 0.003086 0.003472
3 0.458333 0.644676 0.001543 0.002315
3 0.467207 0.642361 0.000772 0.002315
3 0.464506 0.641204 0.001543 0.002315
3 0.494985 0.630208 0.006944 0.008102
3 0.672454 0.601852 0.005401 0.006944
3 0.756173 0.501736 0.001543 0.003472
3 0.752701 0.498264 0.003858 0.008102
3 0.704090 0.478588 0.002315 0.003472
3 0.711420 0.472222 0.004630 0.006944
3 0.756944 0.467593 0.004630 0.006944
3 0.706790 0.458333 0.003086 0.004630
3 0.775463 0.456597 0.003086 0.008102
3 0.701775 0.312500 0.003858 0.006944
3 0.709105 0.302662 0.001543 0.003472
3 0.716435 0.280093 0.002315 0.002315
3 0.689429 0.272569 0.000772 0.001157
3 0.386960 0.234375 0.008488 0.012731
3 0.673997 0.217593 0.006944 0.009259
3 0.689815 0.195602 0.009259 0.013889
3 0.685571 0.170718 0.005401 0.008102
3 0.438272 0.129051 0.007716 0.010417