0 0.529321 0.520448 0.008230 0.011574
0 0.593107 0.262346 0.002058 0.004630
0 0.582305 0.257330 0.001029 0.002315
0 0.588735 0.226852 0.005658 0.007716
1 0.689815 0.714120 0.001029 0.002315
1 0.692130 0.706404 0.009774 0.010031
1 0.687500 0.697531 0.002572 0.004630
1 0.682356 0.689043 0.000514 0.001543
1 0.685442 0.688657 0.002572 0.003858
1 0.657922 0.670525 0.009259 0.015432
1 0.652263 0.649691 0.006173 0.010802
1 0.678755 0.647377 0.023148 0.037037
1 0.650463 0.627315 0.008745 0.016975
2 0.690329 0.228395 0.011317 0.018519
3 0.591049 0.765818 0.005144 0.006944
3 0.673868 0.728009 0.007202 0.011574
3 0.542181 0.713735 0.003086 0.004630
3 0.515175 0.712963 0.001543 0.003086
3 0.702932 0.677469 0.001543 0.003086
3 0.695730 0.676698 0.001543 0.001543
3 0.708333 0.667824 0.001029 0.003858
3 0.740484 0.665123 0.002572 0.004630
3 0.637346 0.648534 0.005144 0.005401
3 0.640175 0.642747 0.003601 0.004630
3 0.573045 0.642747 0.002058 0.004630
3 0.500257 0.640046 0.006687 0.003858
3 0.621142 0.643133 0.005658 0.013117
3 0.694187 0.634259 0.000514 0.001543
3 0.643519 0.636960 0.003086 0.006944
3 0.727366 0.633873 0.002058 0.002315
3 0.636574 0.632716 0.001543 0.001543
3 0.692901 0.624228 0.001029 0.003086
3 0.650463 0.611111 0.001543 0.001543
3 0.658693 0.604167 0.003601 0.003086
3 0.620885 0.562886 0.004115 0.003858
3 0.744342 0.483025 0.005144 0.004630
3 0.573302 0.366512 0.001543 0.001543
3 0.603652 0.359954 0.004630 0.005401
3 0.615741 0.314043 0.003086 0.003086
3 0.645319 0.312114 0.001543 0.002315
3 0.632202 0.263889 0.002058 0.003086
3 0.502572 0.194444 0.003086 0.003086
3 0.487912 0.186343 0.001543 0.003858