0 0.607877 0.459760 0.002283 0.003425
0 0.623573 0.443065 0.002854 0.004281
0 0.609874 0.445205 0.010845 0.023973
0 0.626142 0.429795 0.003425 0.003425
0 0.616438 0.425942 0.004566 0.007705
0 0.608447 0.417380 0.001142 0.002568
0 0.611301 0.413955 0.003425 0.004281
0 0.605594 0.377568 0.003425 0.006849
0 0.617009 0.374144 0.005708 0.006849
0 0.658105 0.363014 0.003425 0.005137
0 0.654110 0.348459 0.004566 0.005137
0 0.622432 0.341610 0.003995 0.003425
0 0.610160 0.322774 0.002283 0.005137
0 0.631564 0.315497 0.005137 0.005993
0 0.652968 0.305223 0.003425 0.004281
0 0.639555 0.289384 0.005137 0.005137
1 0.361872 0.813784 0.028539 0.047089
2 0.527683 0.758562 0.017694 0.042808
2 0.520263 0.720034 0.029110 0.029110
2 0.490297 0.690068 0.017123 0.025685
2 0.350171 0.224743 0.027968 0.040240
2 0.345605 0.236301 0.001142 0.002568
2 0.356735 0.236729 0.003995 0.005137
2 0.346747 0.235017 0.002283 0.001712
3 0.383562 0.854880 0.004566 0.005993
3 0.450628 0.491010 0.005137 0.007705
3 0.433790 0.491438 0.003425 0.008562
3 0.470320 0.428938 0.006849 0.010274