0 0.755371 0.460938 0.011719 0.007813
0 0.742188 0.454753 0.004883 0.008464
0 0.744629 0.447917 0.009766 0.013021
0 0.734863 0.439128 0.003906 0.004557
0 0.757324 0.430664 0.002930 0.003255
0 0.724365 0.440430 0.024902 0.026693
0 0.787842 0.428060 0.023926 0.014974
0 0.729736 0.419922 0.006348 0.005208
0 0.747559 0.415690 0.012695 0.012370
0 0.784668 0.410482 0.019531 0.014974
0 0.747803 0.401693 0.012207 0.010417
0 0.757080 0.394206 0.001465 0.003255
0 0.770508 0.395833 0.009766 0.007813
1 0.760986 0.435872 0.017090 0.020182
1 0.757080 0.419922 0.004395 0.007813
3 0.384521 0.788086 0.003418 0.004557