0 0.490967 0.701823 0.003418 0.007813
0 0.481445 0.675456 0.000977 0.001953
0 0.486572 0.675781 0.003418 0.009115
0 0.383057 0.672201 0.001465 0.001953
0 0.479736 0.667969 0.002441 0.006510
0 0.354736 0.664063 0.005371 0.010417
0 0.394043 0.650391 0.004883 0.003906
0 0.360840 0.642578 0.002930 0.005208
0 0.491211 0.635742 0.015625 0.047526
1 0.349854 0.740885 0.034668 0.033854
1 0.343262 0.703125 0.026367 0.040365
1 0.227539 0.654297 0.014648 0.026042
1 0.275146 0.588542 0.003418 0.002604
1 0.283447 0.587891 0.012207 0.010417
1 0.281006 0.588867 0.002441 0.003255
1 0.320801 0.529622 0.005859 0.005859
1 0.315674 0.527018 0.002441 0.003255
1 0.299561 0.515951 0.003418 0.003255
1 0.592041 0.490885 0.001465 0.001302
1 0.584473 0.485352 0.001953 0.004557
1 0.724121 0.462891 0.001953 0.002604
1 0.721191 0.457357 0.003906 0.004557
1 0.586182 0.444010 0.008301 0.016927
1 0.408203 0.432943 0.002930 0.002604
1 0.395264 0.430339 0.003418 0.005208
1 0.378174 0.431966 0.012207 0.008464
1 0.374756 0.406576 0.011230 0.007161