1 0.668817 0.875000 0.013790 0.010000
1 0.431050 0.864667 0.012456 0.030667
1 0.692393 0.839000 0.007562 0.004667
1 0.668149 0.830000 0.014235 0.005333
1 0.689724 0.823667 0.010231 0.004667
1 0.717527 0.819000 0.001779 0.003333
1 0.710854 0.814000 0.002669 0.002667
1 0.629448 0.806000 0.016014 0.022667
1 0.411032 0.792667 0.004448 0.005333
1 0.710187 0.776333 0.004893 0.007333
1 0.651690 0.767667 0.007117 0.007333
1 0.387900 0.755000 0.022242 0.039333
1 0.736877 0.722667 0.005783 0.009333
1 0.253781 0.707667 0.005783 0.015333
1 0.631673 0.696333 0.006228 0.008667
1 0.528470 0.687000 0.007117 0.008667
1 0.704181 0.684333 0.007117 0.006000
1 0.512233 0.685667 0.007562 0.008667
1 0.284253 0.696333 0.007117 0.044667
1 0.458185 0.672000 0.003559 0.004000
1 0.708852 0.672000 0.003114 0.005333
1 0.694840 0.671000 0.002669 0.006000
1 0.800044 0.648667 0.006673 0.010667
1 0.697731 0.650000 0.020907 0.022667
1 0.541815 0.638667 0.018683 0.009333
1 0.713301 0.625333 0.003114 0.013333
1 0.688390 0.624667 0.004004 0.016000
1 0.705294 0.612667 0.012900 0.021333
1 0.793372 0.603000 0.007562 0.007333
1 0.802491 0.551333 0.004448 0.013333
1 0.416148 0.554000 0.012011 0.020000
1 0.417260 0.553667 0.001335 0.001333
1 0.467749 0.548333 0.008452 0.011333
1 0.443505 0.539667 0.012456 0.012667
1 0.726423 0.531333 0.001779 0.005333
1 0.769128 0.502667 0.008897 0.012000
1 0.782251 0.474667 0.005783 0.008000
1 0.751779 0.463667 0.006228 0.004667
1 0.764902 0.447667 0.009342 0.015333
1 0.441059 0.443333 0.005783 0.009333
1 0.765792 0.430667 0.004004 0.005333
1 0.750890 0.427000 0.004448 0.011333
1 0.779582 0.411000 0.009342 0.012667
1 0.222865 0.393333 0.011566 0.012000
1 0.655694 0.380333 0.004448 0.008667
1 0.796041 0.372333 0.005783 0.007333
1 0.633674 0.362667 0.004004 0.004000
1 0.654359 0.374333 0.030249 0.036667
1 0.651913 0.368000 0.000890 0.002000
1 0.648799 0.351667 0.010231 0.012667
1 0.508897 0.340333 0.006228 0.007333
1 0.662367 0.326000 0.005338 0.005333
1 0.577402 0.324000 0.005338 0.008000
1 0.509342 0.325333 0.010676 0.017333
1 0.430827 0.327000 0.023577 0.022000
1 0.493995 0.313000 0.006673 0.014000
1 0.455071 0.309667 0.007117 0.007333
1 0.692393 0.306667 0.004004 0.010667
1 0.749555 0.307667 0.005338 0.014000
1 0.454404 0.298667 0.005783 0.008000
1 0.639012 0.304667 0.031584 0.024000
1 0.674155 0.299000 0.013790 0.016667
1 0.468416 0.291667 0.004448 0.004667
1 0.539146 0.292333 0.020463 0.016667
1 0.332295 0.282000 0.003559 0.006667
1 0.573176 0.283333 0.011121 0.017333
1 0.745329 0.275667 0.007562 0.007333
1 0.781806 0.273000 0.004893 0.008667
1 0.713523 0.269000 0.003559 0.006000
1 0.336521 0.270000 0.004893 0.008000
1 0.720418 0.268000 0.007562 0.012000
1 0.663034 0.261000 0.002224 0.008667
1 0.756673 0.260667 0.016014 0.020000
1 0.368772 0.250667 0.008007 0.013333
1 0.737767 0.247000 0.011121 0.011333
1 0.469973 0.233000 0.010231 0.004667
1 0.749110 0.229333 0.006228 0.010667
1 0.355205 0.227333 0.009342 0.018667
1 0.347642 0.223000 0.005783 0.010000
1 0.663256 0.219667 0.004448 0.008667
1 0.675044 0.217667 0.013790 0.016667
1 0.363657 0.210333 0.005783 0.011333
1 0.622776 0.192000 0.006228 0.006667
1 0.472420 0.187000 0.004448 0.003333
1 0.475979 0.185333 0.000890 0.001333
1 0.359653 0.189667 0.005783 0.011333
1 0.595196 0.192333 0.016904 0.019333
1 0.397464 0.179667 0.005783 0.008667
1 0.594084 0.172667 0.024466 0.006667
1 0.404582 0.167667 0.005783 0.008667
1 0.597198 0.159000 0.012900 0.010000
1 0.674155 0.154333 0.006673 0.006000
1 0.305827 0.167667 0.007562 0.055333
1 0.642126 0.137000 0.006673 0.002000
1 0.398577 0.146667 0.011566 0.021333
1 0.658141 0.136333 0.005783 0.010000
1 0.572064 0.131667 0.007117 0.004667
1 0.683052 0.121000 0.005783 0.004667
1 0.696174 0.118000 0.005338 0.002667
1 0.525133 0.098000 0.005783 0.006667
1 0.448176 0.095000 0.004004 0.008667
1 0.431050 0.089333 0.002669 0.002667
1 0.403692 0.087333 0.005783 0.017333
3 0.479315 0.861333 0.003114 0.004000
3 0.679938 0.854667 0.003114 0.004000
3 0.397909 0.847000 0.001335 0.002000
3 0.602091 0.838667 0.005783 0.005333
3 0.401246 0.832333 0.004448 0.004667
3 0.532473 0.802667 0.002669 0.002667
3 0.390569 0.785667 0.001779 0.002000
3 0.724644 0.728000 0.001779 0.005333
3 0.354982 0.706000 0.003559 0.006667
3 0.789368 0.686667 0.001335 0.002667
3 0.775801 0.673000 0.003559 0.003333
3 0.708407 0.674000 0.002224 0.005333
3 0.786922 0.662000 0.000890 0.001333
3 0.766237 0.644667 0.002224 0.002667
3 0.789813 0.643000 0.003114 0.004667
3 0.765569 0.635000 0.003559 0.004667
3 0.785810 0.629000 0.001335 0.002000
3 0.723087 0.593000 0.002224 0.004667
3 0.725311 0.584333 0.002224 0.003333
3 0.714858 0.584000 0.004448 0.008000
3 0.749333 0.542333 0.001335 0.003333
3 0.741103 0.529667 0.002669 0.004667
3 0.543149 0.529333 0.004448 0.005333
3 0.564057 0.523333 0.002669 0.002667
3 0.585854 0.524000 0.004448 0.006667
3 0.771130 0.522333 0.003114 0.004667
3 0.778025 0.517333 0.003559 0.002667
3 0.597198 0.519333 0.004893 0.006667
3 0.745996 0.490667 0.002669 0.002667
3 0.669039 0.481000 0.003559 0.007333
3 0.732874 0.465333 0.005783 0.008000
3 0.533363 0.463333 0.005338 0.004000
3 0.733986 0.449000 0.002669 0.003333
3 0.720641 0.448667 0.004448 0.006667
3 0.694840 0.446000 0.002669 0.004000
3 0.688390 0.442667 0.001335 0.002667
3 0.440836 0.444333 0.004448 0.006000
3 0.792037 0.433667 0.004004 0.011333
3 0.729315 0.408000 0.004004 0.006667
3 0.578959 0.377000 0.005783 0.007333
3 0.565391 0.370667 0.001779 0.004000
3 0.537811 0.364000 0.002669 0.004000
3 0.796041 0.362667 0.003114 0.005333
3 0.471975 0.360333 0.003559 0.004667
3 0.737767 0.354667 0.001335 0.001333
3 0.440614 0.349000 0.002224 0.003333
3 0.508230 0.339333 0.004004 0.005333
3 0.465747 0.330667 0.001779 0.002667
3 0.552714 0.328333 0.003114 0.003333
3 0.758897 0.325000 0.003559 0.004667
3 0.787144 0.321667 0.005783 0.007333
3 0.628114 0.310333 0.001779 0.002000
3 0.692393 0.309000 0.002224 0.006000
3 0.577402 0.305667 0.005338 0.004667
3 0.691726 0.301333 0.002669 0.004000
3 0.438167 0.298667 0.002669 0.004000
3 0.686833 0.292000 0.001779 0.004000
3 0.447731 0.291000 0.001335 0.002000
3 0.617883 0.283000 0.004448 0.004667
3 0.419039 0.271333 0.001779 0.002667
3 0.781806 0.270667 0.002224 0.004000
3 0.669929 0.268000 0.002669 0.004000
3 0.552714 0.260000 0.005783 0.006667
3 0.449733 0.250333 0.001779 0.003333
3 0.446619 0.250333 0.001779 0.003333
3 0.511566 0.250000 0.003559 0.005333
3 0.666593 0.248000 0.003114 0.004000
3 0.600756 0.243333 0.003114 0.004000
3 0.627002 0.240000 0.003114 0.002667
3 0.729760 0.240667 0.004893 0.006667
3 0.373665 0.235333 0.002669 0.004000
3 0.737989 0.229333 0.001779 0.002667
3 0.735765 0.216667 0.002669 0.002667
3 0.733319 0.206000 0.002224 0.004000
3 0.391681 0.200667 0.002224 0.002667
3 0.263123 0.195667 0.001335 0.003333
3 0.390569 0.186667 0.001779 0.004000
3 0.739991 0.182000 0.002224 0.004000
3 0.695062 0.168667 0.001335 0.004000
3 0.688612 0.163333 0.003559 0.006667
3 0.417260 0.121000 0.003559 0.004667
3 0.325400 0.117667 0.001335 0.002000
3 0.606317 0.115667 0.001779 0.002000
3 0.595196 0.086667 0.002669 0.002667
3 0.641014 0.068000 0.001779 0.004000