0 0.530622 0.883894 0.007656 0.006250
0 0.255502 0.865865 0.001914 0.002885
0 0.327990 0.855048 0.041627 0.016827
0 0.277512 0.839663 0.022010 0.020673
0 0.284689 0.823558 0.003828 0.009615
0 0.322967 0.807212 0.006699 0.001923
0 0.318660 0.799279 0.005742 0.008173
0 0.308612 0.797115 0.002871 0.003846
0 0.291388 0.773558 0.003828 0.004808
0 0.341148 0.772596 0.002871 0.004808
0 0.351675 0.770673 0.003828 0.004808
0 0.358852 0.764663 0.004785 0.011058
0 0.282297 0.756971 0.008612 0.007212
0 0.316268 0.755048 0.002871 0.005288
0 0.341388 0.752404 0.009091 0.007692
0 0.294737 0.749519 0.002871 0.005769
0 0.320574 0.747115 0.003828 0.006731
0 0.357895 0.744712 0.002871 0.003846
0 0.340670 0.738462 0.005742 0.010577
0 0.218182 0.731731 0.000957 0.000962
0 0.295694 0.731731 0.002871 0.002885
0 0.199043 0.730288 0.004785 0.005769
0 0.179426 0.726923 0.002871 0.000962
0 0.202871 0.712740 0.008612 0.013942
0 0.247368 0.703365 0.006699 0.010577
0 0.225120 0.684615 0.003349 0.003846
0 0.235885 0.682692 0.004785 0.005769
0 0.211005 0.675721 0.003828 0.004327
0 0.249282 0.672356 0.006699 0.007212
0 0.419378 0.655288 0.013876 0.019231
0 0.358373 0.646154 0.001914 0.002885
0 0.435885 0.646635 0.011483 0.011538
0 0.377990 0.650481 0.014354 0.025000
0 0.341148 0.633894 0.002871 0.002404
0 0.394258 0.636298 0.017225 0.034135
0 0.319617 0.615385 0.001914 0.001923
0 0.422727 0.625240 0.014833 0.023558
0 0.395694 0.608173 0.004785 0.010577
0 0.389952 0.605769 0.006699 0.007692
0 0.459330 0.602404 0.006699 0.004808
0 0.433014 0.584856 0.003828 0.005288
0 0.420096 0.579087 0.001914 0.001442
0 0.348804 0.578365 0.001914 0.001923
0 0.338756 0.579327 0.003828 0.003846
0 0.355742 0.607692 0.055024 0.068269
0 0.469378 0.573077 0.002871 0.004808
0 0.323923 0.573558 0.004785 0.005769
0 0.446411 0.574038 0.011483 0.008654
0 0.480383 0.571154 0.003828 0.008654
0 0.363158 0.562500 0.017225 0.014423
0 0.362679 0.562019 0.001914 0.002885
0 0.480861 0.556250 0.010526 0.009615
0 0.355981 0.545913 0.004785 0.007212
0 0.372727 0.545433 0.011483 0.012019
0 0.445455 0.550721 0.021053 0.026442
0 0.333971 0.538462 0.001914 0.001923
0 0.426077 0.536298 0.010048 0.012981
0 0.422727 0.526923 0.001435 0.001923
0 0.392344 0.531971 0.013397 0.021635
0 0.412440 0.531250 0.015311 0.025962
0 0.499043 0.519231 0.002871 0.005769
0 0.444976 0.522115 0.016268 0.013462
0 0.477751 0.521154 0.024402 0.019231
0 0.476077 0.520673 0.001914 0.001923
0 0.418660 0.510096 0.002871 0.004808
0 0.354067 0.531250 0.084211 0.067308
0 0.371292 0.494952 0.002871 0.004327
1 0.527751 0.923558 0.007656 0.003846
1 0.431340 0.898077 0.016746 0.008654
1 0.238278 0.889183 0.009569 0.018750
1 0.698804 0.881490 0.016746 0.020673
1 0.295933 0.870673 0.030144 0.014423
1 0.327512 0.871154 0.036842 0.017308
1 0.331340 0.842548 0.038756 0.014904
1 0.672249 0.858654 0.079426 0.072115
1 0.451435 0.827885 0.038756 0.012500
1 0.452153 0.806490 0.013397 0.011058
1 0.697847 0.801202 0.011005 0.010096
1 0.670813 0.787981 0.012440 0.008654
1 0.683732 0.797356 0.009569 0.029327
1 0.867225 0.788221 0.028230 0.024519
1 0.849761 0.760337 0.010526 0.012019
1 0.222249 0.747115 0.026316 0.008654
1 0.820813 0.748558 0.011005 0.013462
1 0.769378 0.737019 0.010526 0.019231
1 0.751196 0.730769 0.010526 0.016346
1 0.843062 0.707452 0.008612 0.011058
1 0.697847 0.720913 0.028230 0.039904
1 0.811483 0.710817 0.007656 0.027404
1 0.888038 0.698798 0.071770 0.039904
1 0.894258 0.692788 0.003828 0.003846
1 0.768900 0.691827 0.021053 0.044231
1 0.500718 0.672356 0.061722 0.024519
1 0.563158 0.628606 0.029665 0.014904
1 0.623206 0.609615 0.051196 0.047115
1 0.942344 0.563942 0.008134 0.009615
1 0.924402 0.552163 0.018182 0.021635
1 0.982536 0.481731 0.016746 0.006731
1 0.474641 0.438942 0.092823 0.024038
1 0.530144 0.423077 0.006699 0.005769
1 0.428230 0.405288 0.003828 0.005769
1 0.676077 0.404327 0.005742 0.007692
1 0.666746 0.382692 0.011005 0.010577
1 0.408612 0.375481 0.003828 0.003846
1 0.644976 0.375962 0.011483 0.008654
1 0.424163 0.363221 0.010048 0.005288
1 0.671770 0.362981 0.008612 0.008654
1 0.404785 0.363702 0.019139 0.013942
1 0.637799 0.338942 0.014354 0.010577
1 0.765550 0.250962 0.004785 0.007692
1 0.442584 0.223077 0.009569 0.008654
2 0.348086 0.926202 0.033971 0.018750
2 0.300718 0.908654 0.056938 0.067308
2 0.659091 0.842067 0.056938 0.060096
2 0.610048 0.770673 0.064115 0.067308
2 0.838756 0.746394 0.019139 0.024519
2 0.782536 0.718029 0.046411 0.034135
2 0.899043 0.726442 0.093780 0.064423
2 0.557656 0.742788 0.044498 0.097115
2 0.513636 0.697115 0.033971 0.050962
2 0.593541 0.603365 0.044498 0.027885
2 0.950478 0.583413 0.045455 0.050481
2 0.577273 0.516106 0.027273 0.042788
2 0.460048 0.484615 0.038756 0.020192
2 0.437799 0.464904 0.013397 0.013462
2 0.472488 0.440865 0.021531 0.012500
2 0.336603 0.434135 0.037799 0.024038
2 0.423206 0.437740 0.017703 0.038942
2 0.390670 0.418510 0.053110 0.059135
2 0.395933 0.375240 0.033014 0.023558
2 0.458852 0.352885 0.019139 0.025000
2 0.617703 0.268990 0.085167 0.113942
3 0.577033 0.850721 0.007656 0.008173
3 0.585646 0.820673 0.002871 0.003846
3 0.239713 0.777885 0.004785 0.003846
3 0.233493 0.772115 0.005742 0.003846
3 0.759809 0.762260 0.006699 0.004327
3 0.182297 0.755048 0.004785 0.007212
3 0.181340 0.753365 0.001914 0.002885
3 0.438278 0.588702 0.002871 0.003365
3 0.548804 0.566346 0.010526 0.010577
3 0.935407 0.490385 0.001914 0.002885
3 0.827273 0.357692 0.005742 0.005769
3 0.549282 0.335096 0.003828 0.004808
3 0.553589 0.311538 0.002871 0.002885
3 0.824402 0.298077 0.003828 0.004808
3 0.807656 0.290865 0.003828 0.003846
3 0.525837 0.289423 0.003828 0.002885
3 0.523445 0.279567 0.002871 0.003365
3 0.491388 0.202885 0.002871 0.002885
3 0.300478 0.178365 0.002871 0.002885
3 0.558852 0.166346 0.003828 0.003846
3 0.488517 0.164904 0.006699 0.006731
3 0.461722 0.141827 0.003828 0.003846