0 0.779053 0.343424 0.005371 0.008464
0 0.781250 0.335938 0.002930 0.002604
0 0.673584 0.256510 0.006348 0.010417
0 0.392822 0.111328 0.006348 0.007813
1 0.683105 0.888997 0.013672 0.013672
1 0.660156 0.812826 0.007813 0.007161
1 0.658691 0.805339 0.002930 0.003906
1 0.671631 0.803060 0.003418 0.008464
1 0.642822 0.541992 0.012207 0.013672
1 0.801758 0.337240 0.013672 0.032552
1 0.797119 0.341471 0.002441 0.003255
1 0.802490 0.339518 0.007324 0.007161
1 0.611572 0.052409 0.007324 0.005859
3 0.509033 0.873047 0.002441 0.005208
3 0.586670 0.740560 0.003418 0.003255
3 0.689941 0.723958 0.002930 0.003906
3 0.524658 0.707357 0.005371 0.005859
3 0.540039 0.706380 0.004883 0.007813
3 0.689941 0.701172 0.004883 0.005208
3 0.726318 0.610026 0.003418 0.005208
3 0.226074 0.539714 0.001953 0.002604
3 0.750244 0.447917 0.005371 0.006510
3 0.602295 0.278646 0.003418 0.007813
3 0.425537 0.147786 0.003418 0.005208