0 0.587963 0.805556 0.003086 0.004630
0 0.269290 0.690972 0.003086 0.004630
0 0.283951 0.689236 0.003086 0.003472
0 0.563657 0.214120 0.006944 0.011574
0 0.549769 0.206019 0.006944 0.011574
0 0.566358 0.201389 0.003086 0.004630
0 0.546296 0.185764 0.013889 0.015046
0 0.572145 0.162037 0.002315 0.002315
0 0.558642 0.162037 0.006173 0.009259
0 0.569444 0.146991 0.003086 0.004630
0 0.554784 0.141204 0.003086 0.004630
0 0.527778 0.129051 0.004630 0.005787
0 0.342593 0.125579 0.007716 0.008102
0 0.527392 0.120949 0.002315 0.003472
0 0.543981 0.118056 0.004630 0.004630
0 0.456019 0.090278 0.006173 0.016204
1 0.378472 0.746528 0.006944 0.009259
1 0.376157 0.748264 0.001543 0.002315
1 0.262731 0.710069 0.008488 0.012731
1 0.451775 0.561343 0.008488 0.011574
1 0.395833 0.462384 0.009259 0.010417
1 0.598765 0.234375 0.010802 0.012731
1 0.542052 0.159722 0.025463 0.037037
3 0.485725 0.864583 0.002315 0.004630
3 0.597608 0.787616 0.002315 0.003472
3 0.640046 0.771991 0.003858 0.004630
3 0.419367 0.453704 0.002315 0.004630
3 0.683642 0.420718 0.003086 0.003472
3 0.567130 0.333333 0.001543 0.002315
3 0.631559 0.311343 0.003858 0.006944
3 0.409336 0.287616 0.002315 0.003472
3 0.493827 0.274306 0.001543 0.002315
3 0.538966 0.274306 0.002315 0.004630
3 0.445602 0.273148 0.003858 0.004630
3 0.497685 0.268519 0.004630 0.004630
3 0.431713 0.261574 0.002315 0.002315
3 0.515432 0.214120 0.003086 0.004630
3 0.457176 0.168403 0.005401 0.008102
3 0.333333 0.136574 0.004630 0.004630
3 0.448688 0.125579 0.002315 0.005787