0 0.530478 0.939815 0.010031 0.006944
0 0.635031 0.766204 0.003086 0.004630
0 0.663966 0.730324 0.008488 0.023148
0 0.675926 0.695602 0.004630 0.004630
0 0.619599 0.670718 0.001543 0.003472
0 0.620370 0.664352 0.003086 0.004630
0 0.599151 0.664931 0.003858 0.008102
0 0.631944 0.670718 0.018519 0.026620
0 0.626157 0.653935 0.013117 0.018519
0 0.615355 0.648148 0.003858 0.006944
0 0.626157 0.642940 0.002315 0.003472
0 0.617670 0.639468 0.002315 0.003472
0 0.610340 0.637153 0.001543 0.001157
0 0.508873 0.638310 0.016204 0.012731
0 0.500386 0.588542 0.016204 0.026620
0 0.572145 0.543981 0.010031 0.009259
0 0.562114 0.515625 0.003858 0.010417
0 0.561728 0.507523 0.001543 0.001157
0 0.558256 0.505208 0.002315 0.003472
0 0.539352 0.497685 0.001543 0.002315
0 0.528164 0.497685 0.000772 0.002315
0 0.538966 0.512153 0.034722 0.033565
0 0.525077 0.493634 0.003858 0.005787
0 0.501929 0.491898 0.003858 0.009259
0 0.467207 0.487847 0.002315 0.001157
0 0.530478 0.489583 0.010031 0.011574
0 0.506559 0.487269 0.005401 0.006944
0 0.522762 0.482639 0.003858 0.004630
0 0.506559 0.479745 0.000772 0.001157
0 0.487269 0.480324 0.000772 0.002315
0 0.560571 0.489005 0.025463 0.026620
0 0.557099 0.484375 0.002315 0.004630
0 0.483410 0.476852 0.002315 0.004630
0 0.523148 0.474537 0.001543 0.002315
0 0.543981 0.472801 0.003086 0.008102
0 0.489583 0.470486 0.006944 0.010417
0 0.448688 0.468171 0.005401 0.008102
0 0.471836 0.461227 0.000772 0.001157
0 0.479552 0.465278 0.010031 0.013889
0 0.547840 0.457755 0.001543 0.003472
0 0.547454 0.449074 0.003858 0.004630
0 0.538580 0.447917 0.001543 0.002315
0 0.506559 0.463542 0.028549 0.038194
0 0.506173 0.453704 0.002315 0.003472
0 0.487654 0.447917 0.003086 0.006944
0 0.568673 0.458333 0.016975 0.030093
0 0.468750 0.445602 0.005401 0.006944
0 0.460648 0.444444 0.004630 0.006944
0 0.529707 0.443287 0.003858 0.006944
0 0.568287 0.435185 0.005401 0.004630
0 0.478781 0.435185 0.003858 0.004630
0 0.557099 0.432870 0.001543 0.002315
0 0.515046 0.434028 0.003858 0.004630
0 0.492670 0.434606 0.006944 0.005787
0 0.502315 0.427083 0.001543 0.002315
0 0.532793 0.433449 0.019290 0.017361
0 0.527392 0.420139 0.006944 0.004630
0 0.509259 0.422454 0.015432 0.009259
0 0.472994 0.419560 0.001543 0.003472
0 0.552855 0.418981 0.006944 0.009259
0 0.556713 0.413194 0.000772 0.002315
0 0.525463 0.413773 0.013889 0.005787
0 0.507330 0.412616 0.002315 0.003472
0 0.450231 0.431134 0.039352 0.042824
0 0.569059 0.418981 0.011574 0.023148
0 0.559799 0.409722 0.003858 0.004630
0 0.512346 0.410880 0.004630 0.006944
0 0.491898 0.417245 0.014660 0.021991
0 0.477623 0.413773 0.007716 0.017361
0 0.487654 0.404514 0.001543 0.001157
0 0.484568 0.404514 0.001543 0.001157
0 0.554784 0.403356 0.001543 0.001157
0 0.549383 0.407407 0.010802 0.011574
0 0.509259 0.405093 0.001543 0.006944
0 0.559414 0.402199 0.003086 0.005787
0 0.550926 0.393519 0.004630 0.004630
0 0.526620 0.397569 0.020833 0.019676
0 0.517747 0.387731 0.003086 0.004630
0 0.483796 0.392361 0.021605 0.016204
0 0.488812 0.393519 0.004630 0.005787
0 0.420525 0.384838 0.004630 0.005787
0 0.523920 0.378472 0.003086 0.004630
0 0.513889 0.377315 0.001543 0.002315
0 0.431327 0.378472 0.003086 0.004630
0 0.553241 0.381366 0.015432 0.017361
0 0.270833 0.378472 0.006173 0.011574
0 0.547840 0.371528 0.004630 0.004630
0 0.454861 0.369213 0.002315 0.002315
0 0.410108 0.372685 0.005401 0.009259
0 0.445216 0.385417 0.040123 0.041667
0 0.433256 0.388310 0.003086 0.002315
0 0.438657 0.384259 0.003086 0.005787
0 0.503472 0.373843 0.017747 0.023148
0 0.555170 0.365162 0.011574 0.010417
0 0.493441 0.357639 0.002315 0.002315
0 0.559028 0.351273 0.000772 0.001157
0 0.530478 0.366898 0.031636 0.034722
0 0.538194 0.346644 0.000772 0.001157
0 0.479167 0.347222 0.004630 0.004630
0 0.534722 0.344907 0.001543 0.002315
0 0.410880 0.351273 0.011574 0.021991
0 0.471451 0.353588 0.033951 0.031250
0 0.441744 0.340856 0.003858 0.005787
0 0.461806 0.339699 0.003858 0.005787
0 0.460648 0.334491 0.001543 0.002315
0 0.450231 0.331597 0.003858 0.005787
0 0.435571 0.333333 0.006944 0.009259
0 0.452546 0.326968 0.000772 0.001157
0 0.537809 0.331597 0.015432 0.021991
0 0.465664 0.325231 0.006944 0.011574
0 0.454475 0.321181 0.001543 0.003472
0 0.432485 0.326389 0.013117 0.013889
0 0.459491 0.318866 0.000772 0.001157
0 0.466821 0.315394 0.001543 0.001157
0 0.460648 0.313079 0.003086 0.003472
0 0.501157 0.325810 0.030093 0.042824
0 0.499614 0.325231 0.004630 0.005787
0 0.704475 0.324074 0.021605 0.041667
0 0.701775 0.330440 0.001543 0.002315
0 0.697917 0.326968 0.001543 0.002315
0 0.635802 0.303819 0.003086 0.005787
0 0.617670 0.318866 0.033179 0.038194
0 0.621528 0.326389 0.004630 0.008102
0 0.631173 0.320602 0.002315 0.003472
0 0.615741 0.316551 0.002315 0.002315
0 0.608410 0.313079 0.001543 0.002315
0 0.614198 0.305556 0.002315 0.003472
0 0.641204 0.301505 0.004630 0.005787
0 0.637346 0.289931 0.001543 0.003472
0 0.621528 0.284722 0.036265 0.030093
0 0.345293 0.173611 0.025463 0.030093
1 0.655478 0.840278 0.016204 0.011574
1 0.652006 0.828704 0.010802 0.011574
1 0.705247 0.817708 0.003086 0.003472
1 0.708719 0.812500 0.003858 0.006944
1 0.680170 0.816551 0.017747 0.017361
1 0.512731 0.801505 0.011574 0.010417
1 0.303241 0.798611 0.015432 0.018519
1 0.344522 0.796296 0.011574 0.030093
1 0.355710 0.782407 0.013889 0.037037
1 0.543210 0.754051 0.015432 0.015046
1 0.660108 0.755208 0.022377 0.019676
1 0.467207 0.786458 0.073302 0.089120
1 0.722994 0.750000 0.018519 0.020833
1 0.736497 0.739005 0.002315 0.003472
1 0.753086 0.728588 0.001543 0.005787
1 0.310571 0.744213 0.020833 0.037037
1 0.743827 0.721065 0.020062 0.023148
1 0.748071 0.713542 0.003086 0.004630
1 0.340664 0.715856 0.020833 0.031250
1 0.603395 0.706597 0.040123 0.026620
1 0.628086 0.696181 0.006173 0.015046
1 0.764660 0.677662 0.009259 0.015046
1 0.720293 0.676505 0.017747 0.019676
1 0.691744 0.628472 0.006944 0.011574
1 0.427083 0.636574 0.014660 0.030093
1 0.423225 0.644097 0.003086 0.004630
1 0.772762 0.631366 0.014660 0.021991
1 0.724151 0.634838 0.022377 0.028935
1 0.642747 0.626157 0.006173 0.011574
1 0.400077 0.619213 0.020833 0.025463
1 0.664738 0.616319 0.030093 0.035880
1 0.474151 0.602431 0.010031 0.015046
1 0.513503 0.585648 0.013117 0.013889
1 0.735725 0.585069 0.006944 0.015046
1 0.342593 0.587963 0.013889 0.023148
1 0.768519 0.581019 0.009259 0.011574
1 0.533951 0.576389 0.012346 0.009259
1 0.495370 0.575810 0.010802 0.019676
1 0.471065 0.567708 0.013117 0.008102
1 0.714120 0.557292 0.006944 0.010417
1 0.692901 0.554977 0.010802 0.017361
1 0.277392 0.550347 0.010031 0.010417
1 0.496914 0.550347 0.015432 0.012731
1 0.219522 0.549190 0.010031 0.012731
1 0.284336 0.543403 0.002315 0.003472
1 0.760417 0.559028 0.030093 0.037037
1 0.751543 0.565394 0.003858 0.004630
1 0.752701 0.560764 0.001543 0.002315
1 0.524691 0.546296 0.006173 0.016204
1 0.239198 0.543981 0.007716 0.013889
1 0.703318 0.541088 0.008488 0.021991
1 0.538966 0.536458 0.027006 0.017361
1 0.473765 0.533565 0.010802 0.011574
1 0.234568 0.530671 0.006173 0.010417
1 0.563272 0.536458 0.006173 0.026620
1 0.294367 0.531250 0.019290 0.018519
1 0.416281 0.529514 0.010031 0.019676
1 0.571759 0.517361 0.012346 0.016204
1 0.723765 0.518519 0.020062 0.020833
1 0.699074 0.513889 0.006173 0.013889
1 0.444444 0.515625 0.037037 0.019676
1 0.445216 0.510995 0.002315 0.002315
1 0.306713 0.511574 0.006944 0.016204
1 0.530093 0.508102 0.010802 0.011574
1 0.773920 0.493056 0.001543 0.002315
1 0.298611 0.495370 0.024691 0.011574
1 0.778164 0.488426 0.002315 0.004630
1 0.795139 0.489583 0.003858 0.011574
1 0.780478 0.484375 0.000772 0.001157
1 0.743827 0.486111 0.007716 0.009259
1 0.221065 0.483218 0.022377 0.015046
1 0.794753 0.474537 0.003086 0.009259
1 0.793596 0.464699 0.000772 0.001157
1 0.787809 0.467593 0.003086 0.006944
1 0.785494 0.461806 0.003086 0.002315
1 0.792052 0.458333 0.000772 0.002315
1 0.784336 0.456019 0.003858 0.004630
1 0.531250 0.468171 0.014660 0.028935
1 0.790123 0.454861 0.003086 0.004630
1 0.793596 0.447338 0.002315 0.003472
1 0.709105 0.451389 0.012346 0.013889
1 0.778549 0.464699 0.020062 0.042824
1 0.775077 0.458912 0.001543 0.002315
1 0.793210 0.437500 0.001543 0.004630
1 0.782793 0.438657 0.003858 0.009259
1 0.762731 0.436343 0.006944 0.009259
1 0.496914 0.441551 0.010802 0.019676
1 0.664738 0.428819 0.000772 0.001157
1 0.620370 0.427662 0.001543 0.003472
1 0.771991 0.425347 0.003858 0.005787
1 0.656250 0.436343 0.011574 0.030093
1 0.786265 0.424769 0.010802 0.011574
1 0.648534 0.417824 0.002315 0.004630
1 0.743827 0.425347 0.015432 0.031250
1 0.543210 0.421875 0.010802 0.026620
1 0.777392 0.409722 0.010031 0.009259
1 0.608796 0.417824 0.020062 0.030093
1 0.777778 0.402778 0.001543 0.002315
1 0.602238 0.398727 0.000772 0.001157
1 0.736497 0.396991 0.010031 0.009259
1 0.744213 0.394097 0.003858 0.008102
1 0.460648 0.402778 0.030864 0.030093
1 0.692901 0.413773 0.026235 0.077546
1 0.631944 0.379051 0.007716 0.012731
1 0.479552 0.373843 0.023920 0.013889
1 0.701003 0.357639 0.005401 0.009259
1 0.529321 0.347801 0.007716 0.003472
1 0.621528 0.358218 0.039352 0.035880
1 0.515046 0.347222 0.033179 0.030093
1 0.518904 0.343750 0.003086 0.005787
1 0.584491 0.332755 0.005401 0.005787
1 0.477623 0.333333 0.026235 0.018519
1 0.760031 0.351852 0.033951 0.064815
1 0.586034 0.323495 0.010031 0.008102
1 0.270448 0.325231 0.008488 0.011574
1 0.562500 0.332176 0.046296 0.034722
1 0.255787 0.321181 0.010031 0.019676
1 0.749228 0.313079 0.004630 0.008102
1 0.656636 0.321759 0.032407 0.039352
1 0.764275 0.304398 0.005401 0.013889
1 0.691358 0.304977 0.015432 0.024306
1 0.643133 0.289352 0.005401 0.006944
1 0.723380 0.325810 0.040895 0.093750
1 0.732639 0.298032 0.001543 0.002315
1 0.261188 0.278935 0.008488 0.011574
1 0.683256 0.273148 0.010031 0.009259
1 0.352623 0.281829 0.012346 0.026620
1 0.698688 0.272569 0.006944 0.010417
1 0.610340 0.255208 0.012346 0.021991
1 0.351080 0.241319 0.018519 0.026620
1 0.728009 0.230903 0.010031 0.015046
1 0.570988 0.199653 0.020062 0.005787
1 0.345679 0.191551 0.016975 0.012731
1 0.380015 0.164352 0.008488 0.018519
1 0.365741 0.164931 0.016975 0.026620
1 0.321373 0.149306 0.006944 0.009259
1 0.654707 0.193866 0.110340 0.107639
1 0.332176 0.140625 0.008488 0.012731
1 0.582948 0.134259 0.011574 0.018519
1 0.582176 0.132523 0.001543 0.002315
1 0.602238 0.116319 0.002315 0.001157
1 0.573302 0.104745 0.004630 0.010417
1 0.603781 0.105903 0.008488 0.017361
1 0.599151 0.094907 0.000772 0.002315
1 0.596065 0.089699 0.000772 0.001157
1 0.580247 0.076389 0.009259 0.009259
2 0.453318 0.592593 0.019290 0.027778
2 0.446373 0.564236 0.045525 0.031250
2 0.589506 0.466435 0.001543 0.002315
2 0.587191 0.444444 0.001543 0.002315
2 0.589506 0.429977 0.007716 0.012731
2 0.601080 0.442708 0.023148 0.040509
2 0.309414 0.217593 0.038580 0.050926
3 0.395833 0.866898 0.007716 0.011574
3 0.617670 0.859954 0.003858 0.006944
3 0.652392 0.850116 0.000772 0.001157
3 0.638503 0.839699 0.002315 0.003472
3 0.671682 0.837384 0.005401 0.005787
3 0.330247 0.824653 0.006173 0.008102
3 0.717978 0.800347 0.003858 0.005787
3 0.691744 0.802083 0.005401 0.011574
3 0.668981 0.798032 0.003086 0.008102
3 0.652006 0.798032 0.006173 0.010417
3 0.625000 0.792245 0.007716 0.010417
3 0.645833 0.786458 0.001543 0.001157
3 0.724151 0.784144 0.003858 0.008102
3 0.523534 0.779514 0.000772 0.001157
3 0.644290 0.780671 0.009259 0.008102
3 0.689429 0.776620 0.002315 0.002315
3 0.513503 0.774884 0.000772 0.001157
3 0.521991 0.771991 0.003858 0.004630
3 0.679784 0.770255 0.006173 0.008102
3 0.591049 0.763310 0.003086 0.005787
3 0.517747 0.760417 0.004630 0.004630
3 0.729938 0.756366 0.003086 0.008102
3 0.608410 0.748264 0.008488 0.010417
3 0.528549 0.745370 0.006173 0.006944
3 0.348380 0.743634 0.003858 0.005787
3 0.521219 0.741319 0.003858 0.003472
3 0.344522 0.737269 0.002315 0.004630
3 0.652778 0.737269 0.007716 0.006944
3 0.716821 0.733218 0.001543 0.003472
3 0.649306 0.729745 0.000772 0.001157
3 0.579475 0.732639 0.007716 0.009259
3 0.525077 0.724537 0.005401 0.006944
3 0.466821 0.723380 0.007716 0.009259
3 0.687500 0.718171 0.003086 0.003472
3 0.575231 0.710069 0.003858 0.005787
3 0.533565 0.710069 0.010031 0.012731
3 0.617284 0.683449 0.001543 0.003472
3 0.497299 0.680556 0.003858 0.004630
3 0.534722 0.667245 0.004630 0.003472
3 0.732253 0.669560 0.006173 0.010417
3 0.467593 0.666088 0.004630 0.015046
3 0.748843 0.661458 0.003858 0.008102
3 0.610340 0.660880 0.010802 0.011574
3 0.644676 0.657407 0.005401 0.009259
3 0.615741 0.654514 0.004630 0.005787
3 0.536651 0.650463 0.000772 0.002315
3 0.753472 0.650463 0.003858 0.004630
3 0.730324 0.649306 0.005401 0.004630
3 0.703318 0.647569 0.000772 0.001157
3 0.695988 0.648148 0.004630 0.004630
3 0.546682 0.646412 0.002315 0.003472
3 0.695602 0.641204 0.000772 0.002315
3 0.439429 0.642361 0.003858 0.004630
3 0.454475 0.642940 0.009259 0.010417
3 0.329861 0.641204 0.002315 0.006944
3 0.743056 0.639468 0.006173 0.008102
3 0.554398 0.634259 0.003858 0.004630
3 0.513889 0.633681 0.006173 0.003472
3 0.567901 0.631944 0.004630 0.004630
3 0.543981 0.636574 0.007716 0.013889
3 0.621914 0.632523 0.004630 0.008102
3 0.738426 0.629051 0.003086 0.003472
3 0.666667 0.628472 0.001543 0.004630
3 0.566744 0.623264 0.000772 0.001157
3 0.547454 0.625000 0.005401 0.006944
3 0.324846 0.627315 0.003086 0.016204
3 0.559414 0.620949 0.007716 0.008102
3 0.635802 0.618634 0.003086 0.005787
3 0.779707 0.615741 0.000772 0.002315
3 0.783179 0.614583 0.001543 0.002315
3 0.720679 0.612847 0.001543 0.003472
3 0.751929 0.608218 0.002315 0.003472
3 0.682099 0.607060 0.003086 0.003472
3 0.440586 0.598380 0.003086 0.006944
3 0.630015 0.595486 0.003858 0.008102
3 0.599923 0.593750 0.002315 0.004630
3 0.558256 0.588542 0.002315 0.003472
3 0.462963 0.588542 0.004630 0.003472
3 0.437114 0.589699 0.008488 0.008102
3 0.666281 0.587384 0.002315 0.005787
3 0.552083 0.586227 0.011574 0.008102
3 0.457176 0.584491 0.002315 0.004630
3 0.728781 0.582755 0.005401 0.008102
3 0.244985 0.581019 0.003858 0.004630
3 0.439043 0.578704 0.003086 0.004630
3 0.445602 0.575810 0.000772 0.001157
3 0.683642 0.573495 0.003086 0.003472
3 0.424769 0.572917 0.002315 0.002315
3 0.266590 0.571181 0.002315 0.008102
3 0.658179 0.564815 0.003086 0.004630
3 0.473765 0.557870 0.004630 0.004630
3 0.591821 0.559028 0.007716 0.009259
3 0.673225 0.542245 0.002315 0.003472
3 0.607253 0.543981 0.006173 0.009259
3 0.217593 0.539931 0.001543 0.001157
3 0.222608 0.535301 0.002315 0.003472
3 0.516975 0.533565 0.001543 0.002315
3 0.788966 0.529514 0.002315 0.003472
3 0.574074 0.532407 0.006173 0.009259
3 0.621142 0.523727 0.003086 0.003472
3 0.793596 0.516204 0.002315 0.004630
3 0.557099 0.516204 0.004630 0.004630
3 0.593364 0.512153 0.006173 0.008102
3 0.564815 0.509838 0.001543 0.003472
3 0.603009 0.506944 0.005401 0.006944
3 0.238040 0.506366 0.003858 0.005787
3 0.538194 0.504051 0.003858 0.003472
3 0.547840 0.492477 0.003086 0.003472
3 0.484954 0.494213 0.006944 0.006944
3 0.577160 0.481481 0.004630 0.011574
3 0.743056 0.466435 0.001543 0.002315
3 0.580247 0.464699 0.003086 0.003472
3 0.691358 0.465278 0.004630 0.006944
3 0.431713 0.464699 0.003858 0.005787
3 0.719136 0.462384 0.001543 0.003472
3 0.475694 0.458912 0.000772 0.001157
3 0.470293 0.453125 0.000772 0.001157
3 0.482253 0.453125 0.003086 0.003472
3 0.474537 0.453125 0.004630 0.005787
3 0.554398 0.455440 0.010031 0.012731
3 0.554398 0.453125 0.001543 0.002315
3 0.554784 0.446759 0.001543 0.002315
3 0.579090 0.445023 0.008488 0.008102
3 0.542438 0.450810 0.006173 0.019676
3 0.480324 0.443287 0.002315 0.006944
3 0.562886 0.439236 0.003858 0.003472
3 0.473765 0.440394 0.004630 0.005787
3 0.633102 0.440394 0.006944 0.010417
3 0.611111 0.438079 0.006173 0.005787
3 0.256944 0.435185 0.003086 0.004630
3 0.507716 0.426505 0.006173 0.003472
3 0.519676 0.421875 0.000772 0.001157
3 0.484568 0.420718 0.003086 0.003472
3 0.503858 0.417824 0.001543 0.002315
3 0.518133 0.416667 0.000772 0.002315
3 0.272377 0.410880 0.003086 0.002315
3 0.486497 0.407986 0.000772 0.001157
3 0.518519 0.407986 0.004630 0.003472
3 0.496142 0.406829 0.001543 0.001157
3 0.633102 0.406829 0.002315 0.005787
3 0.565201 0.405671 0.002315 0.003472
3 0.251157 0.405093 0.003858 0.006944
3 0.502701 0.402199 0.003858 0.003472
3 0.660494 0.403356 0.006173 0.015046
3 0.662423 0.407407 0.001543 0.003472
3 0.610725 0.395833 0.003858 0.006944
3 0.538966 0.393519 0.002315 0.004630
3 0.515818 0.390625 0.000772 0.001157
3 0.265046 0.389468 0.002315 0.003472
3 0.573688 0.389468 0.003858 0.005787
3 0.543981 0.387731 0.004630 0.002315
3 0.510031 0.388310 0.009259 0.005787
3 0.294367 0.385995 0.003858 0.005787
3 0.521991 0.386574 0.003858 0.009259
3 0.533951 0.380787 0.003086 0.002315
3 0.412037 0.381366 0.006173 0.008102
3 0.547454 0.377315 0.003858 0.002315
3 0.534722 0.373264 0.001543 0.003472
3 0.528164 0.372685 0.003858 0.006944
3 0.516590 0.370949 0.003858 0.003472
3 0.570602 0.374421 0.010031 0.015046
3 0.263889 0.371528 0.003086 0.009259
3 0.234954 0.366319 0.002315 0.003472
3 0.452546 0.360532 0.005401 0.005787
3 0.244213 0.356481 0.000772 0.002315
3 0.241512 0.356481 0.001543 0.002315
3 0.442130 0.357060 0.004630 0.008102
3 0.689429 0.352431 0.002315 0.003472
3 0.312500 0.348958 0.001543 0.003472
3 0.224923 0.347222 0.002315 0.004630
3 0.541281 0.344329 0.002315 0.003472
3 0.557485 0.324653 0.002315 0.003472
3 0.548997 0.306713 0.002315 0.002315
3 0.366512 0.307870 0.004630 0.006944
3 0.590664 0.304977 0.005401 0.003472
3 0.520833 0.298032 0.007716 0.010417
3 0.761188 0.291088 0.000772 0.001157
3 0.533951 0.288194 0.003086 0.002315
3 0.679784 0.288773 0.003086 0.005787
3 0.476466 0.287037 0.003858 0.004630
3 0.739969 0.278935 0.003086 0.004630
3 0.544367 0.279514 0.003858 0.010417
3 0.672840 0.276042 0.001543 0.005787
3 0.717207 0.274306 0.002315 0.004630
3 0.663580 0.273148 0.003086 0.004630
3 0.632716 0.270833 0.003086 0.004630
3 0.555556 0.263310 0.001543 0.003472
3 0.660880 0.261574 0.003858 0.004630
3 0.743441 0.259259 0.002315 0.002315
3 0.490741 0.259838 0.001543 0.003472
3 0.523148 0.258102 0.006173 0.004630
3 0.338349 0.263889 0.005401 0.016204
3 0.525077 0.251736 0.002315 0.003472
3 0.739583 0.250000 0.000772 0.002315
3 0.658179 0.251157 0.003086 0.006944
3 0.720293 0.244792 0.002315 0.003472
3 0.337577 0.244213 0.005401 0.011574
3 0.428627 0.237269 0.003858 0.006944
3 0.412037 0.222222 0.003086 0.004630
3 0.351080 0.214120 0.009259 0.011574
3 0.606867 0.175926 0.003858 0.006944
3 0.408951 0.170718 0.006173 0.012731
3 0.494985 0.167245 0.003858 0.008102
3 0.420910 0.159144 0.010031 0.012731
3 0.341049 0.151042 0.004630 0.008102
3 0.350694 0.148727 0.003858 0.010417
3 0.437500 0.145833 0.003086 0.006944
3 0.341435 0.141782 0.002315 0.003472
3 0.434414 0.139468 0.007716 0.008102
3 0.557870 0.129630 0.004630 0.004630
3 0.464506 0.102431 0.006173 0.008102
3 0.543210 0.100116 0.009259 0.005787
3 0.383102 0.097222 0.011574 0.013889
3 0.469907 0.077546 0.004630 0.009259