0 0.567871 0.755534 0.000977 0.001953
0 0.591797 0.753255 0.004883 0.006510
0 0.587158 0.736328 0.002441 0.002604
0 0.570313 0.711589 0.005859 0.007813
0 0.523682 0.659831 0.011230 0.016276
0 0.500488 0.652018 0.005859 0.005859
0 0.457520 0.649740 0.008789 0.010417
0 0.428223 0.641276 0.001953 0.002604
0 0.529785 0.638346 0.003906 0.008464
0 0.440186 0.632161 0.005371 0.007813
0 0.473145 0.631836 0.003906 0.009766
0 0.539307 0.625651 0.002441 0.003906
0 0.545898 0.623047 0.005859 0.007813
0 0.586670 0.625326 0.008301 0.013672
0 0.664551 0.613281 0.004883 0.010417
0 0.467285 0.605794 0.001953 0.003255
0 0.650391 0.603841 0.001953 0.003255
0 0.640625 0.602539 0.001953 0.001953
0 0.647217 0.594727 0.001465 0.001953
0 0.549072 0.580078 0.007324 0.007813
0 0.616455 0.572591 0.020996 0.037109
0 0.504395 0.523763 0.014648 0.013672
0 0.497803 0.505534 0.003418 0.003255
0 0.492432 0.505208 0.003418 0.006510
0 0.182617 0.499349 0.001953 0.002604
0 0.178223 0.494792 0.004883 0.010417
0 0.628418 0.487956 0.013672 0.014974
0 0.682373 0.462565 0.005371 0.007161
0 0.647461 0.457031 0.009766 0.013021
0 0.679199 0.451497 0.001953 0.005859
0 0.510986 0.449870 0.002441 0.003906
0 0.658447 0.445638 0.004395 0.004557
0 0.498291 0.439128 0.001465 0.004557
0 0.706787 0.423503 0.011230 0.020182
0 0.688721 0.415039 0.015137 0.018880
0 0.661621 0.394206 0.001953 0.003255
0 0.658936 0.379232 0.012207 0.013672
0 0.699219 0.372721 0.002930 0.004557
0 0.633789 0.360677 0.001953 0.002604
0 0.591309 0.345703 0.005859 0.006510
0 0.663086 0.350911 0.013672 0.026042
0 0.574951 0.339193 0.006348 0.006510
0 0.592285 0.334310 0.004883 0.004557
0 0.640869 0.343750 0.008301 0.024740
0 0.655273 0.326823 0.001953 0.002604
0 0.625000 0.339844 0.023438 0.032552
0 0.609131 0.321940 0.003418 0.005859
0 0.706543 0.315755 0.000977 0.001302
0 0.638916 0.309245 0.005371 0.010417
0 0.656738 0.301107 0.001953 0.001953
0 0.614502 0.297526 0.004395 0.007813
0 0.659668 0.288411 0.004883 0.005208
0 0.628662 0.288086 0.003418 0.004557
0 0.641113 0.283203 0.000977 0.002604
0 0.619873 0.281576 0.006348 0.008464
0 0.774902 0.258138 0.001953 0.003255
0 0.647949 0.263997 0.015625 0.031901
0 0.635010 0.247396 0.006348 0.005208
0 0.367676 0.231771 0.004883 0.010417
0 0.389893 0.202148 0.005371 0.004557
1 0.755371 0.646484 0.010742 0.016927
1 0.839355 0.608398 0.004883 0.008464
1 0.830078 0.588216 0.009766 0.012370
1 0.842773 0.548177 0.007813 0.013021
1 0.676514 0.512044 0.009277 0.011068
1 0.399658 0.479167 0.007324 0.010417
1 0.411621 0.461589 0.009766 0.007813
1 0.690186 0.425130 0.008301 0.010417
1 0.667480 0.403320 0.004883 0.013672
1 0.455811 0.364258 0.004395 0.004557
1 0.740479 0.353841 0.014160 0.014974
1 0.465820 0.127930 0.017578 0.018880