0 0.769371 0.568531 0.005117 0.007675
0 0.774488 0.563048 0.005117 0.007675
1 0.261330 0.744518 0.005117 0.006579
1 0.781798 0.637061 0.002193 0.004386
1 0.781433 0.626645 0.005848 0.009868
1 0.794956 0.486842 0.005117 0.015351
1 0.471491 0.275768 0.014620 0.018640
2 0.270833 0.519189 0.025585 0.020833
2 0.267909 0.516447 0.004386 0.005482
2 0.241594 0.452851 0.002193 0.002193
2 0.244518 0.446820 0.000731 0.001096
2 0.250731 0.446820 0.010234 0.014254
2 0.254751 0.439145 0.000731 0.001096
3 0.488670 0.843750 0.002193 0.003289
3 0.425439 0.777412 0.002924 0.004386
3 0.702485 0.742325 0.004386 0.004386
3 0.750000 0.735746 0.002924 0.002193
3 0.737939 0.724232 0.002193 0.003289
3 0.566155 0.724232 0.003655 0.007675
3 0.732822 0.616228 0.002193 0.004386
3 0.760599 0.597039 0.003655 0.005482
3 0.752558 0.587171 0.000731 0.001096
3 0.747442 0.586623 0.002193 0.004386
3 0.259868 0.578947 0.002193 0.004386
3 0.735746 0.576206 0.002193 0.003289
3 0.743056 0.574013 0.003655 0.007675
3 0.741959 0.565241 0.001462 0.001096
3 0.735746 0.561404 0.002193 0.004386
3 0.555921 0.549890 0.003655 0.005482
3 0.554094 0.543860 0.001462 0.002193
3 0.656798 0.520833 0.002193 0.004386
3 0.224415 0.517544 0.001462 0.002193
3 0.242690 0.514254 0.001462 0.002193
3 0.636696 0.500548 0.001462 0.003289
3 0.624269 0.496162 0.002924 0.005482
3 0.615497 0.491228 0.002924 0.004386
3 0.697368 0.486842 0.002924 0.004386
3 0.702120 0.482456 0.002193 0.002193
3 0.707237 0.471491 0.002193 0.002193
3 0.716374 0.467105 0.002924 0.004386
3 0.256213 0.463268 0.002193 0.003289
3 0.572368 0.461623 0.001462 0.002193
3 0.250731 0.455592 0.002924 0.003289
3 0.677632 0.441338 0.008772 0.007675
3 0.754386 0.432018 0.002924 0.004386
3 0.698830 0.422697 0.004386 0.005482
3 0.691886 0.424342 0.003655 0.008772
3 0.779240 0.421053 0.002924 0.004386
3 0.688962 0.418311 0.000731 0.001096
3 0.741594 0.407346 0.006579 0.012061
3 0.605994 0.392544 0.002924 0.004386
3 0.703947 0.379934 0.002924 0.003289
3 0.632310 0.383224 0.004386 0.009868
3 0.330409 0.319627 0.002924 0.003289
3 0.335526 0.315241 0.002924 0.005482
3 0.328947 0.304825 0.001462 0.002193
3 0.493056 0.262061 0.003655 0.004386
3 0.616959 0.205592 0.004386 0.005482
3 0.573830 0.122807 0.007310 0.004386
3 0.604532 0.117325 0.005848 0.006579