1 0.398682 0.945964 0.015137 0.014323
1 0.395996 0.944987 0.002930 0.001953
1 0.396240 0.943034 0.001465 0.001953
1 0.392822 0.943359 0.002441 0.003906
1 0.514893 0.496419 0.008301 0.011068
1 0.478760 0.391276 0.009277 0.014323
1 0.537842 0.080078 0.011230 0.014323
1 0.626709 0.065104 0.011230 0.014323
3 0.608887 0.738932 0.001953 0.002604
3 0.611572 0.736654 0.002441 0.003255
3 0.460938 0.620117 0.003906 0.007161
3 0.382813 0.607096 0.004883 0.007161
3 0.604980 0.567057 0.005859 0.005208
3 0.436523 0.517253 0.004883 0.008464