0 0.642029 0.672938 0.008696 0.010130
0 0.632971 0.668234 0.003623 0.005065
0 0.647101 0.664978 0.002899 0.004342
0 0.679348 0.661360 0.016667 0.014472
0 0.614493 0.649783 0.004348 0.002894
0 0.638043 0.642185 0.007971 0.006512
0 0.585145 0.641100 0.031159 0.024602
0 0.393841 0.293777 0.003623 0.004342
0 0.415942 0.294139 0.007246 0.010854
0 0.404348 0.273517 0.004348 0.005789
0 0.372464 0.124096 0.004348 0.006512
1 0.932609 0.587192 0.010145 0.009407
1 0.920652 0.562590 0.013768 0.018090
1 0.974275 0.530753 0.028261 0.010854
1 0.901812 0.501809 0.018116 0.012301
1 0.262319 0.434877 0.007246 0.017366
1 0.816667 0.404486 0.015942 0.008683
1 0.185145 0.369392 0.019565 0.023878
1 0.827536 0.320188 0.002899 0.003618
1 0.793116 0.312952 0.018116 0.015195
1 0.820652 0.302460 0.010870 0.028944
1 0.389493 0.237699 0.023913 0.016643
2 0.432971 0.737699 0.025362 0.034009
2 0.650362 0.740955 0.036957 0.050651
2 0.549638 0.706585 0.026812 0.031114
2 0.971377 0.480825 0.028261 0.013748
2 0.931522 0.472142 0.042754 0.042692
2 0.354348 0.404848 0.018841 0.023878
2 0.954710 0.359262 0.022464 0.019537
2 0.881159 0.338640 0.044928 0.044863
2 0.681884 0.286541 0.021739 0.020260
2 0.826087 0.263025 0.002899 0.003618
2 0.551449 0.255427 0.050725 0.036179
2 0.818478 0.262301 0.029710 0.055716
2 0.806884 0.276773 0.003623 0.002171
2 0.810870 0.241317 0.004348 0.007959
2 0.436957 0.228654 0.027536 0.023155
2 0.338406 0.154848 0.023188 0.039074
2 0.838043 0.140376 0.023913 0.030391
3 0.329710 0.800651 0.005797 0.005065
3 0.952536 0.588278 0.006522 0.005789
3 0.576812 0.558973 0.005797 0.007959
3 0.238768 0.378799 0.003623 0.003618
3 0.849275 0.317294 0.004348 0.007959
3 0.701087 0.256151 0.006522 0.008683
3 0.700362 0.247467 0.003623 0.002894
3 0.670652 0.231910 0.010870 0.010854
3 0.685507 0.214906 0.005797 0.005789
3 0.658696 0.189219 0.002899 0.003618
3 0.652899 0.184877 0.004348 0.003618
3 0.664130 0.185239 0.007971 0.008683
3 0.855435 0.174747 0.007971 0.006512
3 0.867029 0.165340 0.002174 0.003618
3 0.854348 0.166425 0.002899 0.005789
3 0.861232 0.154848 0.007971 0.008683
3 0.593841 0.155572 0.013768 0.010130
3 0.673188 0.131693 0.001449 0.002894
3 0.687681 0.122648 0.005797 0.002171
3 0.707246 0.100579 0.007246 0.002894
3 0.773188 0.092981 0.007246 0.007959
3 0.647464 0.086469 0.007971 0.007959
3 0.352536 0.077062 0.005072 0.005065