3 0.565789 0.919956 0.001462 0.002193
3 0.556652 0.918311 0.005117 0.007675
3 0.450658 0.783991 0.002193 0.004386
3 0.607091 0.746711 0.003655 0.002193
3 0.463816 0.716009 0.005117 0.006579
3 0.313596 0.708882 0.001462 0.001096
3 0.369152 0.704496 0.001462 0.003289
3 0.377193 0.691338 0.002924 0.003289
3 0.475512 0.684759 0.000731 0.001096
3 0.475512 0.678180 0.000731 0.001096
3 0.385965 0.663377 0.001462 0.002193
3 0.381579 0.654057 0.001462 0.001096
3 0.388523 0.649671 0.000731 0.001096
3 0.689693 0.650219 0.002193 0.004386
3 0.372442 0.647478 0.002193 0.003289
3 0.369152 0.644737 0.002924 0.002193
3 0.400219 0.641996 0.002193 0.003289
3 0.780336 0.638706 0.002193 0.003289
3 0.482456 0.637610 0.001462 0.003289
3 0.372076 0.637061 0.001462 0.002193
3 0.222222 0.621162 0.002924 0.003289
3 0.470029 0.618969 0.001462 0.001096
3 0.386696 0.616776 0.002924 0.005482
3 0.476608 0.612390 0.001462 0.003289
3 0.292763 0.609649 0.000731 0.002193
3 0.383041 0.607456 0.002924 0.004386
3 0.269737 0.603618 0.001462 0.001096
3 0.264985 0.603070 0.002193 0.002193
3 0.401316 0.599232 0.001462 0.001096
3 0.545687 0.595943 0.002193 0.003289
3 0.406798 0.598136 0.005117 0.007675
3 0.463450 0.591009 0.001462 0.002193
3 0.411550 0.591557 0.002924 0.005482
3 0.402047 0.591009 0.002924 0.004386
3 0.241228 0.581140 0.002924 0.004386
3 0.314693 0.575110 0.002193 0.001096
3 0.244152 0.557566 0.002924 0.007675
3 0.793860 0.549342 0.001462 0.002193
3 0.790570 0.547697 0.002193 0.001096
3 0.345395 0.547697 0.000731 0.001096
3 0.306287 0.535636 0.001462 0.003289
3 0.488304 0.532895 0.001462 0.002193
3 0.377193 0.533443 0.002924 0.003289
3 0.307749 0.532346 0.001462 0.003289
3 0.493421 0.530154 0.004386 0.005482
3 0.302266 0.522478 0.000731 0.001096
3 0.375000 0.523575 0.004386 0.007675
3 0.258406 0.516447 0.002193 0.004386
3 0.255117 0.514254 0.001462 0.002193
3 0.327851 0.513706 0.002193 0.003289
3 0.243787 0.513706 0.002193 0.003289
3 0.348684 0.509868 0.001462 0.002193
3 0.343202 0.510417 0.002193 0.003289
3 0.355629 0.506031 0.000731 0.001096
3 0.308480 0.499452 0.002924 0.003289
3 0.304825 0.496711 0.001462 0.002193
3 0.254751 0.489035 0.003655 0.004386
3 0.459795 0.489035 0.005848 0.008772
3 0.410088 0.484101 0.001462 0.001096
3 0.489766 0.482456 0.001462 0.002193
3 0.269006 0.484101 0.002924 0.005482
3 0.274488 0.480811 0.002193 0.003289
3 0.639254 0.480263 0.003655 0.004386
3 0.486111 0.479167 0.001462 0.002193
3 0.635599 0.477522 0.005117 0.005482
3 0.507310 0.471491 0.002924 0.004386
3 0.307383 0.470395 0.000731 0.002193
3 0.279605 0.468750 0.000731 0.001096
3 0.476974 0.469298 0.003655 0.004386
3 0.522661 0.459430 0.001462 0.002193
3 0.518640 0.459978 0.002193 0.003289
3 0.524123 0.449561 0.002924 0.004386
3 0.544591 0.428180 0.001462 0.003289
3 0.476974 0.428728 0.002193 0.004386
3 0.439327 0.424890 0.002924 0.005482
3 0.510965 0.418311 0.002924 0.003289
3 0.502558 0.417763 0.003655 0.004386
3 0.290205 0.407895 0.002924 0.004386
3 0.291667 0.400219 0.002924 0.004386
3 0.409722 0.343750 0.002193 0.003289
3 0.336988 0.343750 0.002924 0.003289
3 0.332602 0.246711 0.001462 0.002193
3 0.596857 0.245614 0.000731 0.002193
3 0.327851 0.241228 0.000731 0.002193
3 0.419591 0.234101 0.001462 0.001096
3 0.461623 0.231908 0.002193 0.003289
3 0.427266 0.200658 0.000731 0.002193
3 0.488670 0.138706 0.000731 0.001096
3 0.430556 0.116228 0.001462 0.002193
3 0.620614 0.101974 0.001462 0.002193