0 0.332948 0.847222 0.006944 0.006944
0 0.334877 0.840278 0.001543 0.002315
0 0.364969 0.480324 0.001543 0.002315
0 0.360340 0.474537 0.007716 0.006944
0 0.360725 0.468171 0.002315 0.003472
0 0.355710 0.450231 0.004630 0.009259
0 0.350694 0.436921 0.000772 0.001157
0 0.346836 0.431713 0.010031 0.025463
0 0.339892 0.419560 0.010031 0.012731
0 0.339506 0.407986 0.004630 0.005787
0 0.329475 0.379630 0.003086 0.006944
1 0.562500 0.479745 0.006173 0.012731
3 0.513503 0.927083 0.002315 0.006944
3 0.655093 0.872106 0.003086 0.005787
3 0.653549 0.848380 0.001543 0.002315
3 0.663966 0.818287 0.000772 0.002315
3 0.511574 0.816551 0.004630 0.005787
3 0.386188 0.811921 0.002315 0.003472
3 0.565586 0.801505 0.003086 0.005787
3 0.530864 0.785301 0.003086 0.003472
3 0.572917 0.775463 0.002315 0.004630
3 0.695216 0.769676 0.004630 0.006944
3 0.675926 0.767361 0.001543 0.002315
3 0.650463 0.760995 0.003086 0.003472
3 0.620756 0.756366 0.002315 0.003472
3 0.614583 0.755208 0.000772 0.001157
3 0.271605 0.755787 0.001543 0.002315
3 0.682099 0.748843 0.001543 0.002315
3 0.567130 0.748843 0.001543 0.002315
3 0.635802 0.734375 0.001543 0.003472
3 0.628086 0.734375 0.001543 0.003472
3 0.253472 0.685185 0.000772 0.002315
3 0.775077 0.664931 0.000772 0.001157
3 0.371914 0.622106 0.001543 0.001157
3 0.714506 0.603588 0.001543 0.003472
3 0.376543 0.578125 0.001543 0.003472
3 0.734954 0.528356 0.003858 0.005787
3 0.771991 0.506366 0.000772 0.001157
3 0.283565 0.500579 0.002315 0.003472
3 0.318287 0.498843 0.003858 0.006944
3 0.312500 0.484954 0.003086 0.004630
3 0.379630 0.412037 0.004630 0.009259