0 0.387346 0.809606 0.004630 0.003472
0 0.750000 0.697917 0.001543 0.002315
0 0.274306 0.699074 0.005401 0.006944
0 0.337577 0.664931 0.002315 0.003472
0 0.296682 0.643519 0.002315 0.002315
0 0.411265 0.657407 0.020062 0.041667
0 0.739198 0.582755 0.004630 0.008102
0 0.459105 0.564236 0.001543 0.003472
0 0.755015 0.495949 0.008488 0.005787
0 0.572917 0.498843 0.006944 0.011574
0 0.292052 0.490741 0.002315 0.004630
0 0.486883 0.403356 0.003086 0.008102
0 0.472994 0.400463 0.003086 0.002315
0 0.476080 0.395255 0.003086 0.008102
0 0.377315 0.385995 0.003086 0.001157
0 0.380401 0.381366 0.009259 0.010417
0 0.476466 0.369792 0.000772 0.001157
0 0.477623 0.363426 0.001543 0.002315
0 0.465664 0.360532 0.010031 0.010417
0 0.467978 0.343171 0.000772 0.001157
0 0.448688 0.343171 0.002315 0.001157
0 0.457176 0.339699 0.002315 0.003472
0 0.466435 0.336227 0.000772 0.001157
0 0.464892 0.332176 0.002315 0.002315
0 0.457176 0.330440 0.003858 0.008102
0 0.449846 0.320602 0.001543 0.002315
0 0.456019 0.313657 0.006173 0.004630
0 0.494985 0.197338 0.005401 0.005787
0 0.491127 0.073495 0.003858 0.010417
0 0.493056 0.065394 0.001543 0.001157
2 0.407407 0.133681 0.029321 0.028935
2 0.393133 0.121528 0.006944 0.009259
2 0.409336 0.109954 0.010031 0.013889
3 0.489198 0.869792 0.001543 0.001157
3 0.304012 0.774884 0.004630 0.005787
3 0.654707 0.714120 0.002315 0.004630
3 0.618827 0.673611 0.001543 0.002315
3 0.425540 0.667245 0.013117 0.010417
3 0.415123 0.645833 0.004630 0.004630
3 0.719522 0.571181 0.003858 0.005787
3 0.487269 0.554398 0.003858 0.009259
3 0.317515 0.545718 0.002315 0.003472
3 0.436343 0.532986 0.002315 0.003472
3 0.729167 0.510995 0.001543 0.001157
3 0.729167 0.502894 0.003086 0.005787
3 0.314815 0.501157 0.001543 0.002315
3 0.233025 0.500579 0.003086 0.008102
3 0.730324 0.495949 0.002315 0.003472
3 0.273534 0.493056 0.002315 0.004630
3 0.537037 0.439236 0.003086 0.005787
3 0.708719 0.350116 0.003858 0.008102
3 0.734954 0.293981 0.002315 0.002315
3 0.361497 0.262731 0.003858 0.004630
3 0.588349 0.239005 0.003858 0.005787
3 0.336806 0.239005 0.005401 0.008102
3 0.406250 0.196759 0.002315 0.006944
3 0.393519 0.194444 0.004630 0.009259
3 0.369985 0.173032 0.003858 0.003472
3 0.432099 0.132523 0.007716 0.015046
3 0.430941 0.113426 0.005401 0.006944
3 0.475309 0.096065 0.001543 0.002315
3 0.506559 0.075231 0.006944 0.013889