3 0.512346 0.788194 0.006173 0.009259
3 0.556327 0.653935 0.004630 0.006944
3 0.573688 0.537616 0.003858 0.008102
3 0.724537 0.530093 0.003086 0.004630
3 0.781636 0.500579 0.001543 0.001157
3 0.659336 0.475694 0.003858 0.004630
3 0.782793 0.472801 0.000772 0.001157
3 0.727623 0.429398 0.001543 0.002315
3 0.481867 0.346644 0.006944 0.008102
3 0.690586 0.339699 0.004630 0.008102
3 0.736111 0.292824 0.004630 0.009259
3 0.695602 0.247106 0.003858 0.008102
3 0.683642 0.241898 0.001543 0.002315
3 0.611883 0.189815 0.003086 0.004630