1 0.604167 0.826968 0.004630 0.010417
1 0.592978 0.822917 0.005401 0.011574
1 0.346836 0.778356 0.003858 0.005787
1 0.275849 0.634838 0.003858 0.005787
1 0.229167 0.418403 0.003086 0.003472
1 0.231867 0.367477 0.000772 0.001157
3 0.769290 0.563657 0.006173 0.009259
3 0.402006 0.458333 0.003086 0.004630
3 0.401235 0.242477 0.004630 0.008102
3 0.405864 0.237847 0.001543 0.003472
3 0.385802 0.233218 0.001543 0.003472
3 0.373843 0.186343 0.006944 0.006944
3 0.357253 0.121528 0.001543 0.002315
3 0.354552 0.114583 0.003858 0.004630