0 0.485746 0.940241 0.009503 0.009868
0 0.487939 0.926535 0.003655 0.004386
2 0.416301 0.837171 0.028509 0.027412
3 0.597588 0.810307 0.003655 0.004386
3 0.604898 0.797149 0.002193 0.004386
3 0.659722 0.713816 0.002193 0.004386
3 0.682383 0.705592 0.003655 0.005482
3 0.574196 0.652961 0.002193 0.003289
3 0.591740 0.629934 0.005117 0.003289
3 0.538377 0.619518 0.008041 0.006579
3 0.551170 0.598136 0.004386 0.005482
3 0.432383 0.593750 0.002193 0.003289
3 0.513889 0.584978 0.001462 0.003289
3 0.263158 0.555373 0.002924 0.003289
3 0.258406 0.553728 0.002193 0.002193
3 0.553363 0.461623 0.002924 0.004386
3 0.554825 0.422149 0.008772 0.015351
3 0.605263 0.269189 0.002924 0.005482
3 0.573465 0.251645 0.003655 0.003289
3 0.409357 0.140351 0.001462 0.002193