1 0.336257 0.748904 0.011696 0.010965
1 0.375365 0.447917 0.010965 0.014254
1 0.631944 0.253838 0.008041 0.009868
1 0.654605 0.129934 0.008041 0.009868
2 0.736477 0.763706 0.022661 0.042763
2 0.738670 0.688048 0.025585 0.031798
2 0.687500 0.564693 0.013889 0.028509
2 0.323465 0.316338 0.015351 0.029605
2 0.385234 0.160636 0.030702 0.033991
3 0.607091 0.910636 0.003655 0.005482
3 0.510599 0.858553 0.002193 0.002193
3 0.394371 0.839912 0.005117 0.006579
3 0.620980 0.838268 0.003655 0.005482
3 0.399123 0.798794 0.002924 0.003289
3 0.357822 0.771382 0.005117 0.003289
3 0.344664 0.740132 0.003655 0.004386
3 0.649854 0.738487 0.005848 0.014254
3 0.409357 0.730263 0.005848 0.006579
3 0.404240 0.716009 0.001462 0.002193
3 0.394371 0.705592 0.000731 0.001096
3 0.416301 0.701754 0.003655 0.006579
3 0.328947 0.690241 0.001462 0.003289
3 0.286184 0.672697 0.003655 0.005482
3 0.291667 0.664474 0.001462 0.002193
3 0.417763 0.663377 0.005117 0.006579
3 0.306652 0.655702 0.005117 0.010965
3 0.301535 0.633224 0.000731 0.003289
3 0.308480 0.632675 0.001462 0.004386
3 0.684211 0.618421 0.005848 0.010965
3 0.477705 0.614583 0.003655 0.003289
3 0.446272 0.615132 0.006579 0.008772
3 0.317251 0.604167 0.002924 0.006579
3 0.285819 0.572368 0.005848 0.008772
3 0.256213 0.566338 0.002193 0.003289
3 0.311769 0.564145 0.005117 0.005482
3 0.235746 0.550439 0.006579 0.008772
3 0.240132 0.541118 0.002193 0.003289
3 0.342471 0.528509 0.002193 0.002193
3 0.264985 0.519189 0.002193 0.005482
3 0.259137 0.515351 0.000731 0.002193
3 0.369883 0.513158 0.001462 0.002193
3 0.321272 0.509868 0.002193 0.002193
3 0.273757 0.498904 0.002193 0.004386
3 0.309942 0.486842 0.001462 0.002193
3 0.368421 0.485197 0.002924 0.003289
3 0.470029 0.485746 0.001462 0.006579
3 0.361842 0.481360 0.004386 0.006579
3 0.338085 0.463268 0.005117 0.007675
3 0.430556 0.462719 0.005848 0.008772
3 0.365863 0.458333 0.005117 0.008772
3 0.316155 0.441886 0.003655 0.004386
3 0.573099 0.429825 0.005848 0.008772
3 0.401681 0.393092 0.003655 0.005482
3 0.447003 0.367873 0.003655 0.005482
3 0.366228 0.298246 0.004386 0.006579
3 0.436038 0.283443 0.002193 0.005482
3 0.645102 0.127193 0.003655 0.006579