0 0.361297 0.695500 0.004679 0.005000
0 0.244652 0.581500 0.004011 0.007000
0 0.224933 0.579500 0.003342 0.003000
0 0.540775 0.565500 0.004011 0.005000
0 0.304813 0.519000 0.002674 0.004000
0 0.465575 0.501000 0.003342 0.006000
0 0.283088 0.466500 0.003342 0.005000
0 0.442848 0.441500 0.006016 0.009000
1 0.238636 0.598500 0.014706 0.023000
1 0.297460 0.506000 0.005348 0.004000
1 0.291444 0.489500 0.012032 0.027000
1 0.591912 0.051000 0.008690 0.010000
3 0.298797 0.506500 0.004011 0.005000
3 0.301805 0.466500 0.002005 0.003000
3 0.370321 0.461500 0.001337 0.003000
3 0.258690 0.389000 0.001337 0.004000
3 0.315508 0.235000 0.004011 0.006000
3 0.324532 0.233000 0.003342 0.008000
3 0.331217 0.224000 0.003342 0.006000
3 0.396390 0.197500 0.002674 0.005000