0 0.637451 0.905599 0.004395 0.007813
0 0.646240 0.899740 0.003418 0.003906
0 0.651855 0.899414 0.004883 0.008464
0 0.634033 0.891927 0.007324 0.007813
0 0.316162 0.521159 0.002441 0.001953
0 0.322266 0.517578 0.001953 0.003906
0 0.327637 0.514323 0.000977 0.001302
0 0.331543 0.508138 0.001953 0.001953
0 0.339600 0.512370 0.005371 0.013021
0 0.483643 0.502279 0.001465 0.003255
0 0.327393 0.504232 0.003418 0.008464
0 0.364014 0.498047 0.001465 0.001302
0 0.356934 0.496419 0.004883 0.008464
0 0.336182 0.490560 0.004395 0.005859
0 0.333008 0.486003 0.001953 0.003255
0 0.342773 0.484375 0.001953 0.002604
0 0.340576 0.478516 0.002441 0.003906
0 0.333252 0.468424 0.001465 0.001953
0 0.329834 0.462240 0.002441 0.005208
0 0.317139 0.458984 0.001465 0.001302
0 0.317139 0.454753 0.002441 0.003255
0 0.322754 0.453451 0.003906 0.005859
0 0.333252 0.450521 0.004395 0.005208
0 0.314941 0.449870 0.002930 0.003906
0 0.214355 0.448568 0.003906 0.003906
0 0.206787 0.429362 0.003418 0.004557
0 0.389404 0.366211 0.003418 0.007161
0 0.352539 0.360677 0.003906 0.002604
0 0.341797 0.357422 0.002930 0.003906
0 0.387207 0.352214 0.001953 0.002604
0 0.373047 0.347656 0.003906 0.006510
0 0.384033 0.324544 0.003418 0.005859
0 0.397461 0.312500 0.002930 0.003906
0 0.373779 0.311523 0.004395 0.005859
0 0.395508 0.306315 0.005859 0.008464
0 0.385742 0.304688 0.000977 0.005208
0 0.387451 0.300130 0.002441 0.002604
0 0.390137 0.297201 0.001953 0.003255
1 0.601563 0.934896 0.003906 0.015625
1 0.307617 0.857422 0.009766 0.007813
1 0.422119 0.754232 0.005371 0.005859
1 0.590820 0.721354 0.016602 0.027344
1 0.175293 0.612305 0.004883 0.009766
1 0.168945 0.495768 0.006836 0.008464
1 0.409424 0.471029 0.008301 0.009766
1 0.278564 0.467122 0.005371 0.008464
1 0.300781 0.460286 0.017578 0.023438
1 0.283936 0.453776 0.006348 0.015625
1 0.393066 0.263997 0.010742 0.009766
1 0.346191 0.253255 0.003906 0.006510
3 0.450928 0.884440 0.003418 0.004557
3 0.580566 0.862305 0.003906 0.004557
3 0.506836 0.860677 0.002930 0.003906
3 0.499756 0.843424 0.004395 0.003255
3 0.513184 0.842448 0.002930 0.002604
3 0.410889 0.778320 0.002441 0.003255
3 0.441895 0.750326 0.004883 0.004557
3 0.565918 0.652344 0.001953 0.002604
3 0.302246 0.496094 0.001953 0.003906
3 0.324219 0.487305 0.005859 0.008464
3 0.260254 0.456055 0.004883 0.005859
3 0.350098 0.444661 0.003906 0.006510
3 0.241211 0.386393 0.001953 0.004557
3 0.201660 0.365885 0.002930 0.003906
3 0.189209 0.361003 0.001465 0.001953
3 0.419922 0.358724 0.003906 0.005208
3 0.190186 0.347656 0.002441 0.002604
3 0.321045 0.335938 0.002441 0.003906
3 0.713623 0.287435 0.003418 0.003255