0 0.508102 0.693287 0.003858 0.004630
0 0.580247 0.571759 0.003086 0.006944
0 0.648534 0.554977 0.002315 0.003472
0 0.569444 0.554398 0.009259 0.011574
0 0.657793 0.538773 0.005401 0.008102
0 0.684799 0.539931 0.006944 0.015046
0 0.664738 0.516204 0.005401 0.006944
0 0.652392 0.515046 0.002315 0.004630
0 0.589120 0.438079 0.003858 0.010417
0 0.497299 0.418981 0.008488 0.013889
0 0.603395 0.412616 0.006173 0.005787
0 0.596451 0.403935 0.009259 0.016204
0 0.611497 0.384838 0.002315 0.003472
0 0.531250 0.384259 0.005401 0.006944
0 0.597222 0.344329 0.003086 0.005787
0 0.493827 0.328704 0.007716 0.023148
0 0.510031 0.319444 0.009259 0.013889
0 0.516975 0.310185 0.007716 0.009259
1 0.543210 0.760417 0.004630 0.009259
1 0.675154 0.759838 0.013889 0.015046
1 0.408951 0.748843 0.006173 0.004630
1 0.629244 0.730903 0.005401 0.010417
1 0.721451 0.715278 0.004630 0.009259
1 0.712963 0.701968 0.006173 0.008102
1 0.612654 0.672454 0.020062 0.034722
1 0.609568 0.606481 0.004630 0.011574
1 0.758873 0.601852 0.005401 0.006944
1 0.717207 0.598380 0.002315 0.011574
1 0.554398 0.597801 0.005401 0.012731
1 0.787037 0.549190 0.010802 0.008102
1 0.769676 0.545139 0.011574 0.011574
1 0.734954 0.524884 0.006944 0.015046
1 0.782022 0.511574 0.003858 0.009259
1 0.722608 0.500000 0.006944 0.009259
1 0.701003 0.493634 0.003858 0.008102
1 0.721836 0.480324 0.005401 0.004630
1 0.702546 0.469907 0.003858 0.006944
1 0.739969 0.454282 0.007716 0.005787
1 0.694830 0.451968 0.003858 0.008102
1 0.726466 0.443287 0.005401 0.006944
1 0.707176 0.435185 0.011574 0.016204
1 0.765818 0.419560 0.003858 0.005787
1 0.705247 0.388310 0.006173 0.005787
1 0.679012 0.379051 0.004630 0.005787
1 0.725309 0.359954 0.006173 0.009259
1 0.503086 0.353588 0.024691 0.012731
1 0.656250 0.344329 0.002315 0.003472
1 0.425540 0.341435 0.003858 0.006944
1 0.469907 0.339699 0.013889 0.015046
1 0.706790 0.323495 0.027778 0.035880
1 0.583719 0.306713 0.005401 0.009259
1 0.571373 0.287616 0.005401 0.010417
1 0.451775 0.234375 0.005401 0.005787
1 0.526235 0.122106 0.007716 0.005787
1 0.537037 0.104745 0.003086 0.005787
1 0.499228 0.110532 0.010802 0.017361
2 0.599537 0.671875 0.010802 0.031250
3 0.410108 0.750000 0.000772 0.002315
3 0.405093 0.746528 0.003086 0.004630
3 0.653164 0.718171 0.002315 0.003472
3 0.724923 0.711227 0.002315 0.003472
3 0.485725 0.706597 0.003858 0.008102
3 0.502315 0.655093 0.003086 0.004630
3 0.405864 0.615162 0.003086 0.005787
3 0.709877 0.611690 0.003086 0.003472
3 0.758873 0.602431 0.003858 0.005787
3 0.673611 0.582176 0.001543 0.002315
3 0.550154 0.582755 0.001543 0.003472
3 0.639275 0.535880 0.002315 0.004630
3 0.755401 0.505208 0.001543 0.003472
3 0.744985 0.488426 0.000772 0.002315
3 0.679012 0.482639 0.003086 0.002315
3 0.724151 0.481481 0.003858 0.006944
3 0.634645 0.478588 0.000772 0.001157
3 0.734954 0.472222 0.002315 0.002315
3 0.472222 0.472222 0.003086 0.004630
3 0.762346 0.467593 0.001543 0.002315
3 0.704475 0.465278 0.001543 0.002315
3 0.739969 0.454861 0.003086 0.002315
3 0.749614 0.443287 0.002315 0.004630
3 0.620756 0.431134 0.002315 0.003472
3 0.600309 0.431134 0.003086 0.003472
3 0.773534 0.421296 0.002315 0.002315
3 0.767747 0.420718 0.001543 0.001157
3 0.711806 0.418403 0.002315 0.003472
3 0.705247 0.392361 0.001543 0.002315
3 0.628858 0.387731 0.003086 0.002315
3 0.636188 0.383681 0.000772 0.001157
3 0.679012 0.381366 0.003086 0.003472
3 0.724923 0.362269 0.002315 0.002315
3 0.657022 0.344329 0.003858 0.005787
3 0.679784 0.335069 0.003086 0.003472
3 0.715664 0.311921 0.005401 0.005787
3 0.584491 0.304977 0.003858 0.005787
3 0.621142 0.288773 0.003086 0.005787
3 0.392361 0.285301 0.002315 0.005787
3 0.371914 0.270255 0.003086 0.005787
3 0.579475 0.145255 0.001543 0.003472
3 0.534336 0.123843 0.002315 0.004630