1 0.352295 0.365234 0.035645 0.029948
1 0.385498 0.341146 0.020996 0.023438
1 0.377930 0.349609 0.001953 0.002604
1 0.293701 0.298503 0.008301 0.009766
1 0.292480 0.298503 0.001953 0.001953
2 0.483643 0.934570 0.019043 0.020182
2 0.479980 0.936198 0.003906 0.005208
2 0.483154 0.928385 0.001465 0.002604
2 0.542969 0.901042 0.019531 0.022135
2 0.539063 0.907878 0.002930 0.004557
2 0.304199 0.487630 0.005859 0.010417
2 0.347900 0.466797 0.012207 0.031250
2 0.346924 0.457357 0.002441 0.003255
2 0.188477 0.370117 0.016602 0.034505
2 0.372803 0.345703 0.034668 0.046875
2 0.185059 0.321615 0.040039 0.061198
2 0.191650 0.317383 0.010254 0.008464
2 0.187256 0.298503 0.002441 0.003255
2 0.491699 0.242839 0.041992 0.029948
2 0.487549 0.207682 0.012207 0.015625
2 0.503906 0.193685 0.019531 0.029297
2 0.506104 0.205078 0.001465 0.002604
3 0.653809 0.702148 0.006836 0.009766