0 0.864264 0.699586 0.005624 0.009307
0 0.817996 0.684592 0.004090 0.002068
0 0.822086 0.683299 0.003067 0.002585
0 0.845603 0.686660 0.009202 0.018614
0 0.905419 0.677611 0.003067 0.002585
0 0.816207 0.677353 0.001534 0.002068
0 0.841769 0.668563 0.006646 0.009307
0 0.885992 0.657187 0.001022 0.001034
0 0.818763 0.656153 0.003579 0.003102
0 0.855573 0.655377 0.004601 0.002585
0 0.884714 0.654602 0.001534 0.002068
0 0.858640 0.649431 0.001534 0.001034
0 0.896728 0.642709 0.002045 0.002068
0 0.853528 0.641675 0.004601 0.004137
0 0.873722 0.636505 0.011247 0.015512
0 0.819274 0.627198 0.002556 0.003102
0 0.845859 0.624871 0.005624 0.003619
0 0.834356 0.629007 0.008180 0.013961
0 0.797290 0.621510 0.002556 0.003102
0 0.865798 0.617373 0.006646 0.007239
0 0.810583 0.616598 0.003579 0.005688
0 0.796779 0.614529 0.003579 0.005688
0 0.773517 0.612203 0.004090 0.003102
0 0.784509 0.607549 0.003579 0.003102
0 0.780930 0.595657 0.001534 0.002068
0 0.943507 0.558945 0.002556 0.003102
0 0.952710 0.554550 0.002556 0.003619
0 0.945552 0.544726 0.005624 0.002585
0 0.929192 0.543433 0.003579 0.005171
0 0.958589 0.541107 0.002045 0.002585
0 0.941973 0.530765 0.003579 0.004654
0 0.930470 0.529214 0.012270 0.005688
0 0.754090 0.518614 0.002045 0.003102
0 0.749489 0.518097 0.004090 0.004137
0 0.915133 0.519907 0.020450 0.014995
0 0.763804 0.516805 0.006135 0.008790
0 0.757413 0.513961 0.002556 0.003102
0 0.915389 0.510083 0.003579 0.004654
0 0.682515 0.507756 0.008180 0.009307
0 0.683793 0.507239 0.002556 0.002068
0 0.679192 0.501551 0.001534 0.001034
0 0.683793 0.496639 0.003579 0.003619
0 0.698108 0.493020 0.006646 0.003619
0 0.694530 0.482420 0.004601 0.002068
0 0.689673 0.478800 0.001022 0.002068
0 0.597648 0.441313 0.007157 0.022234
0 0.596881 0.433816 0.002556 0.003102
0 0.913088 0.336608 0.001022 0.002068
0 0.919734 0.313340 0.002045 0.002068
0 0.848926 0.309462 0.006646 0.009824
0 0.919990 0.300155 0.007669 0.005688
0 0.886247 0.300155 0.013804 0.012927
0 0.832822 0.292141 0.011247 0.015512
0 0.803937 0.275853 0.005624 0.007756
0 0.806493 0.265253 0.002556 0.002068
0 0.806493 0.255171 0.002556 0.001551
0 0.795757 0.258014 0.005624 0.011375
0 0.717536 0.234230 0.008691 0.008273
0 0.780675 0.225957 0.008180 0.011375
0 0.758180 0.225440 0.010225 0.010341
0 0.729039 0.220269 0.002045 0.001034
0 0.798569 0.220010 0.002045 0.002585
0 0.797546 0.215874 0.002045 0.001551
0 0.753834 0.217425 0.006646 0.004654
0 0.732873 0.215098 0.001534 0.002068
0 0.785532 0.217684 0.007669 0.011375
0 0.795245 0.200879 0.002556 0.003619
0 0.811094 0.199328 0.002556 0.004654
0 0.824898 0.192865 0.002556 0.003102
3 0.733129 0.589969 0.001022 0.001034
3 0.727761 0.586867 0.002556 0.003102
3 0.732362 0.583247 0.002556 0.003102
3 0.889826 0.555843 0.015849 0.010341
3 0.409254 0.452172 0.006646 0.004654
3 0.576431 0.419338 0.010736 0.012410
3 0.375767 0.418821 0.009202 0.011375
3 0.089980 0.369442 0.012270 0.005688
3 0.068252 0.340228 0.010736 0.013444
3 0.152863 0.314374 0.008180 0.010341
3 0.768916 0.260600 0.014315 0.009307
3 0.258436 0.206050 0.008691 0.004654
3 0.247955 0.193899 0.002045 0.003102
3 0.254601 0.197518 0.010225 0.012410