1 0.547840 0.923611 0.149691 0.039352
1 0.718364 0.734375 0.004630 0.008102
1 0.728395 0.700810 0.012346 0.015046
1 0.769290 0.585069 0.007716 0.012731
1 0.483025 0.511574 0.006173 0.009259
1 0.792824 0.430556 0.000772 0.002315
1 0.614198 0.425347 0.001543 0.003472
1 0.611111 0.420139 0.003086 0.004630
1 0.624228 0.429977 0.016975 0.026620
1 0.761188 0.420718 0.006944 0.015046
1 0.617670 0.409722 0.006944 0.011574
1 0.689043 0.382523 0.004630 0.010417
1 0.628086 0.400463 0.020062 0.048611
1 0.320988 0.401042 0.072531 0.072917
1 0.306713 0.382523 0.001543 0.002315
1 0.644676 0.376157 0.033179 0.076389
1 0.690972 0.405671 0.071759 0.156250
3 0.702932 0.655671 0.004630 0.008102
3 0.660108 0.636574 0.002315 0.002315
3 0.753858 0.619213 0.001543 0.002315
3 0.772762 0.560764 0.002315 0.003472
3 0.469136 0.555556 0.003086 0.004630
3 0.777392 0.553241 0.003858 0.004630
3 0.697145 0.508102 0.003858 0.006944
3 0.734182 0.468171 0.003858 0.008102
3 0.707176 0.365162 0.003858 0.005787