0 0.379426 0.923558 0.006699 0.009615
0 0.706220 0.909615 0.002871 0.002885
0 0.700957 0.908173 0.001914 0.001923
0 0.360287 0.907212 0.000957 0.001923
0 0.394498 0.907692 0.010048 0.006731
0 0.418660 0.903606 0.005742 0.007212
0 0.342584 0.890865 0.004785 0.006731
0 0.361722 0.888942 0.003828 0.006731
0 0.407656 0.888942 0.006699 0.008654
0 0.331579 0.883173 0.011483 0.010577
0 0.304306 0.878846 0.005742 0.005769
0 0.415789 0.883173 0.017225 0.016346
0 0.720096 0.873558 0.001914 0.000962
0 0.431100 0.873077 0.002871 0.001923
0 0.713397 0.870673 0.003828 0.006731
0 0.722010 0.866346 0.001914 0.001923
0 0.708612 0.865385 0.001914 0.001923
0 0.700478 0.863221 0.002871 0.002404
0 0.693301 0.861298 0.005742 0.008173
0 0.431340 0.857452 0.006220 0.004327
0 0.702392 0.854327 0.004785 0.001923
0 0.696172 0.853365 0.001914 0.001923
0 0.453110 0.850000 0.000957 0.000962
0 0.433971 0.848077 0.002871 0.002885
0 0.520096 0.849038 0.006699 0.006731
0 0.541388 0.848077 0.007177 0.006731
0 0.498325 0.846635 0.011962 0.007692
0 0.480383 0.846635 0.018182 0.011538
0 0.502632 0.838942 0.001435 0.001923
0 0.423923 0.840865 0.008612 0.005769
0 0.440670 0.843269 0.006699 0.012500
0 0.325837 0.839423 0.005742 0.004808
0 0.523445 0.835096 0.001914 0.001923
0 0.431579 0.832692 0.001914 0.000962
0 0.429904 0.818990 0.011005 0.014904
0 0.417703 0.815144 0.005742 0.007212
0 0.418660 0.802404 0.001914 0.002885
0 0.421531 0.797596 0.003828 0.004808
0 0.381340 0.791346 0.002871 0.001923
0 0.277990 0.794712 0.007656 0.008654
0 0.373206 0.793750 0.007656 0.008654
0 0.433493 0.787981 0.001914 0.004808
0 0.402392 0.785096 0.001914 0.002885
0 0.514354 0.783413 0.004785 0.006250
0 0.387081 0.781971 0.002871 0.003365
0 0.378469 0.783654 0.008612 0.009615
0 0.276555 0.777885 0.002871 0.002885
0 0.295455 0.761058 0.034928 0.019231
0 0.435407 0.750962 0.003828 0.002885
0 0.429426 0.750481 0.004306 0.001923
0 0.461244 0.750481 0.007656 0.005769
0 0.377033 0.751923 0.007656 0.014423
0 0.444498 0.747356 0.010526 0.012019
0 0.472727 0.745192 0.006699 0.008654
0 0.626794 0.737019 0.000957 0.000962
0 0.332057 0.743990 0.022010 0.016827
0 0.358134 0.742067 0.028230 0.024519
0 0.377033 0.730048 0.007656 0.023558
0 0.654545 0.707692 0.001914 0.001923
0 0.320335 0.707452 0.005263 0.008173
0 0.579904 0.698317 0.001914 0.003365
0 0.573206 0.698317 0.004785 0.005288
0 0.355742 0.687981 0.002392 0.003846
0 0.394498 0.688942 0.008134 0.007692
0 0.667943 0.685096 0.003828 0.003846
0 0.655981 0.687500 0.010526 0.012500
0 0.714354 0.681250 0.001914 0.001923
0 0.576316 0.682212 0.007177 0.005769
0 0.711005 0.677885 0.000957 0.000962
0 0.738756 0.676923 0.003828 0.002885
0 0.649043 0.674519 0.007177 0.005769
0 0.637799 0.670192 0.007656 0.014423
0 0.728469 0.673317 0.022488 0.023558
0 0.569856 0.656731 0.001914 0.003846
0 0.309569 0.649038 0.002871 0.005769
0 0.740191 0.650000 0.006699 0.009615
0 0.724641 0.648077 0.012919 0.011538
0 0.595694 0.650721 0.008612 0.020673
0 0.582057 0.644712 0.014833 0.024038
0 0.629665 0.634615 0.002871 0.005769
0 0.321053 0.618029 0.001914 0.004327
0 0.388756 0.598558 0.010048 0.011538
0 0.704785 0.592788 0.001914 0.001923
0 0.683014 0.587740 0.016746 0.021635
0 0.665550 0.575962 0.002871 0.003846
0 0.584211 0.562500 0.000957 0.001923
0 0.579665 0.568750 0.052153 0.073077
0 0.570335 0.560096 0.003828 0.003846
0 0.382775 0.510096 0.007656 0.007692
0 0.455981 0.507212 0.004785 0.005769
0 0.355742 0.505048 0.008134 0.006250
0 0.432775 0.507933 0.014833 0.015865
0 0.398565 0.502644 0.005742 0.007212
0 0.489952 0.497837 0.008612 0.012981
0 0.341627 0.485577 0.000957 0.001923
0 0.473206 0.487500 0.011483 0.013462
0 0.440670 0.475000 0.000957 0.001923
0 0.329665 0.476923 0.005742 0.007692
0 0.430861 0.475481 0.005263 0.010577
0 0.311962 0.473077 0.005742 0.005769
0 0.453589 0.479327 0.022967 0.020192
0 0.307656 0.456490 0.012440 0.010096
0 0.443062 0.457452 0.017225 0.017788
0 0.517703 0.448558 0.005742 0.007692
0 0.428708 0.445673 0.002871 0.001923
0 0.420574 0.432692 0.001914 0.000962
0 0.295215 0.431010 0.020096 0.019712
0 0.400478 0.417067 0.011483 0.009135
0 0.372727 0.412019 0.002871 0.002885
0 0.295215 0.407692 0.016268 0.013462
0 0.310048 0.406250 0.013397 0.025962
0 0.423206 0.371635 0.026316 0.013462
0 0.406220 0.363462 0.005742 0.004808
0 0.366507 0.346875 0.005742 0.005288
0 0.371770 0.335577 0.004785 0.003846
0 0.157416 0.266346 0.002871 0.002885
0 0.167943 0.264663 0.002871 0.004327
0 0.177033 0.259375 0.002871 0.003365
0 0.411962 0.257692 0.003828 0.003846
0 0.155981 0.258654 0.003828 0.005769
0 0.179904 0.254808 0.004785 0.001923
0 0.581340 0.253846 0.002871 0.001923
0 0.141148 0.252885 0.002871 0.003846
0 0.172488 0.255529 0.008134 0.012981
0 0.180861 0.248558 0.004785 0.004808
0 0.166507 0.247596 0.001914 0.002885
0 0.135167 0.248558 0.007177 0.004808
0 0.411962 0.245192 0.003828 0.003846
0 0.584689 0.242308 0.005742 0.005769
0 0.136124 0.238942 0.009091 0.006731
0 0.123445 0.233173 0.002871 0.004808
0 0.460287 0.217308 0.005742 0.006731
0 0.179904 0.212500 0.000957 0.000962
0 0.186124 0.209135 0.007656 0.007692
0 0.580861 0.207212 0.005742 0.005769
0 0.495215 0.203365 0.001914 0.001923
0 0.541388 0.205288 0.007177 0.007692
0 0.116268 0.202885 0.003828 0.002885
0 0.517703 0.202404 0.007656 0.005769
0 0.303828 0.200000 0.000957 0.000962
0 0.561244 0.202885 0.013397 0.008654
0 0.203828 0.200481 0.008612 0.007692
0 0.307177 0.197115 0.003828 0.002885
0 0.288038 0.196635 0.003828 0.003846
0 0.518182 0.193269 0.000957 0.000962
0 0.580383 0.190865 0.004785 0.007692
0 0.501435 0.187981 0.002871 0.001923
0 0.541148 0.187740 0.001914 0.002404
0 0.558852 0.187500 0.002871 0.002885
0 0.313636 0.191106 0.012919 0.016827
0 0.174880 0.181010 0.007177 0.006250
0 0.583732 0.177885 0.001914 0.001923
0 0.549282 0.179087 0.002871 0.004327
0 0.145933 0.178606 0.004785 0.003365
0 0.572727 0.174038 0.001914 0.001923
0 0.146890 0.172596 0.002871 0.002885
0 0.563636 0.172596 0.004785 0.004808
0 0.216268 0.173558 0.005742 0.008654
0 0.181340 0.171154 0.007656 0.007692
0 0.554067 0.167788 0.002871 0.002885
0 0.504545 0.174279 0.018660 0.015865
0 0.228708 0.169712 0.003828 0.008654
0 0.527751 0.163462 0.002871 0.001923
0 0.598565 0.162981 0.002871 0.002885
0 0.533493 0.160577 0.002871 0.001923
0 0.614115 0.161058 0.005263 0.004808
0 0.523923 0.159135 0.006699 0.006731
0 0.396411 0.154808 0.002392 0.001923
0 0.511483 0.151442 0.002871 0.002885
0 0.527751 0.150481 0.002871 0.002885
0 0.601914 0.145913 0.001914 0.002404
0 0.539952 0.143510 0.004306 0.005288
0 0.519139 0.142548 0.002871 0.003365
0 0.531579 0.141106 0.006699 0.008173
0 0.368421 0.141106 0.009569 0.010096
0 0.215311 0.135096 0.001914 0.001923
0 0.590909 0.132212 0.002871 0.005769
0 0.436364 0.128365 0.001914 0.001923
0 0.506220 0.127885 0.003828 0.002885
0 0.409569 0.125962 0.002871 0.002885
0 0.464833 0.123558 0.001435 0.001923
0 0.365550 0.128365 0.009569 0.011538
0 0.359809 0.124038 0.001914 0.002885
0 0.492823 0.120192 0.000957 0.000962
0 0.272727 0.113942 0.002871 0.003846
0 0.439713 0.112500 0.006699 0.008654
0 0.516268 0.107452 0.004785 0.009135
0 0.533014 0.104567 0.005742 0.009135
0 0.458852 0.099760 0.004785 0.005288
0 0.481818 0.096154 0.005742 0.003846
0 0.708612 0.091827 0.003828 0.004808
0 0.539952 0.093269 0.008134 0.009615
0 0.604306 0.087019 0.000957 0.000962
0 0.410526 0.090625 0.014354 0.025481
0 0.599522 0.081731 0.012440 0.013462
0 0.587560 0.074519 0.001914 0.002885
0 0.360526 0.069952 0.015789 0.010096
0 0.575359 0.064663 0.007177 0.005288
0 0.457416 0.054808 0.007656 0.008654
0 0.624880 0.056250 0.012440 0.015385
0 0.618182 0.037019 0.006699 0.005769
0 0.610526 0.036538 0.001914 0.004808
0 0.448804 0.032692 0.003828 0.004808
0 0.574641 0.026442 0.003828 0.003846
0 0.580622 0.030529 0.015789 0.014904
0 0.614115 0.023317 0.001435 0.002404
0 0.589952 0.024038 0.002871 0.004808
1 0.350478 0.819952 0.012919 0.024519
1 0.449282 0.776202 0.020096 0.018750
1 0.446890 0.746394 0.013397 0.013942
1 0.620335 0.695433 0.017703 0.024519
1 0.628230 0.657452 0.022967 0.022596
1 0.123923 0.637981 0.021053 0.014423
1 0.657895 0.627644 0.014354 0.021635
1 0.337799 0.447596 0.010526 0.007692
1 0.771292 0.417067 0.086124 0.030288
1 0.261005 0.331971 0.041627 0.033173
1 0.334928 0.152163 0.057416 0.026442
1 0.406699 0.140625 0.006699 0.011058
1 0.357177 0.039904 0.037799 0.015385
3 0.674641 0.955769 0.007656 0.005769
3 0.600000 0.935577 0.003828 0.002885
3 0.272727 0.910577 0.002871 0.004808
3 0.375598 0.878365 0.004785 0.004808
3 0.358373 0.827885 0.002871 0.002885
3 0.142584 0.817067 0.005742 0.005288
3 0.252632 0.786058 0.002871 0.002885
3 0.155024 0.775481 0.001914 0.001923
3 0.270335 0.742788 0.003828 0.003846
3 0.339234 0.714904 0.001914 0.004808
3 0.193780 0.712019 0.007656 0.006731
3 0.949761 0.670192 0.008612 0.006731
3 0.212919 0.618510 0.002871 0.005288
3 0.701435 0.596635 0.004785 0.005769
3 0.748804 0.590385 0.006699 0.006731
3 0.216268 0.560577 0.005742 0.007692
3 0.244258 0.532212 0.006220 0.009615
3 0.369378 0.461298 0.003828 0.004327
3 0.344498 0.458894 0.004785 0.007212
3 0.372249 0.443269 0.001914 0.000962
3 0.025598 0.440385 0.003349 0.002885
3 0.625359 0.410577 0.003828 0.005769
3 0.155024 0.405769 0.005742 0.003846
3 0.389474 0.376202 0.001914 0.001442
3 0.041148 0.367308 0.002871 0.002885
3 0.149282 0.212019 0.007656 0.007692
3 0.861244 0.195192 0.004785 0.006731
3 0.547847 0.191346 0.003828 0.002885
3 0.364115 0.173077 0.008612 0.005769
3 0.334928 0.117308 0.012440 0.008654
3 0.547368 0.074519 0.004785 0.004808
3 0.485167 0.074519 0.006699 0.004808
3 0.507656 0.050962 0.004785 0.004808
3 0.477512 0.050000 0.004785 0.004808
3 0.459809 0.036058 0.004785 0.003846