0 0.232666 0.738607 0.004395 0.004557
0 0.826660 0.674479 0.004883 0.007813
0 0.804688 0.627604 0.006836 0.013021
0 0.816162 0.606445 0.009277 0.013672
0 0.187744 0.586263 0.007324 0.008464
0 0.686035 0.579427 0.004883 0.007813
0 0.630371 0.556966 0.007813 0.009766
0 0.622070 0.547201 0.002930 0.003255
0 0.629883 0.544596 0.010742 0.008464
0 0.687744 0.529948 0.003418 0.003906
0 0.617676 0.519857 0.007813 0.007161
0 0.616455 0.497396 0.001465 0.001302
0 0.624268 0.499023 0.014160 0.014974
0 0.731201 0.326823 0.004395 0.005208
0 0.479004 0.318685 0.001953 0.003255
0 0.685791 0.269857 0.004395 0.005859
0 0.353516 0.196940 0.005859 0.007161
0 0.375244 0.127604 0.002441 0.005208
1 0.710938 0.805339 0.005859 0.006510
1 0.706787 0.799479 0.002441 0.003906
1 0.698242 0.791016 0.004883 0.005208
1 0.821533 0.584635 0.004395 0.006510
1 0.799805 0.576823 0.003906 0.006510
1 0.724854 0.546875 0.006348 0.009115
1 0.757324 0.501953 0.006836 0.005208
1 0.669678 0.484375 0.007324 0.024740
1 0.366699 0.179362 0.004883 0.007161
1 0.389893 0.136719 0.002441 0.003906
1 0.409912 0.105143 0.003418 0.003255
1 0.553955 0.095378 0.009277 0.014974
3 0.507324 0.876628 0.004883 0.008464