0 0.440424 0.697368 0.024123 0.026316
0 0.479167 0.666667 0.003655 0.004386
0 0.487573 0.663925 0.004386 0.003289
0 0.398392 0.625000 0.001462 0.002193
0 0.417763 0.609101 0.002193 0.007675
0 0.408991 0.596491 0.002193 0.004386
0 0.409722 0.588268 0.006579 0.012061
0 0.400950 0.592105 0.013889 0.024123
0 0.421784 0.578399 0.002924 0.005482
1 0.665570 0.857456 0.005117 0.015351
1 0.674708 0.836623 0.011696 0.019737
1 0.691886 0.816338 0.008041 0.012061
1 0.697734 0.768092 0.008041 0.012061
1 0.681287 0.744518 0.014620 0.032895
1 0.741594 0.720395 0.006579 0.008772
1 0.620614 0.705592 0.001462 0.003289
1 0.626462 0.706689 0.002924 0.007675
1 0.620614 0.696272 0.001462 0.008772
1 0.627193 0.682566 0.001462 0.001096
1 0.623538 0.684211 0.002924 0.004386
1 0.722588 0.648026 0.006579 0.010965
1 0.743056 0.648026 0.009503 0.013158
1 0.711988 0.625000 0.004386 0.004386
1 0.514985 0.619518 0.005117 0.004386
1 0.489035 0.614583 0.005848 0.003289
1 0.506944 0.612939 0.016813 0.010965
1 0.744152 0.588268 0.002924 0.005482
1 0.733187 0.595943 0.013158 0.023026
1 0.764985 0.589912 0.012427 0.017544
1 0.696272 0.573465 0.005117 0.008772
1 0.772661 0.577851 0.016082 0.021930
1 0.793494 0.560307 0.000731 0.002193
1 0.718933 0.552083 0.008041 0.018640
1 0.485746 0.513706 0.003655 0.005482
1 0.452851 0.510417 0.008041 0.005482
1 0.494518 0.504386 0.006579 0.008772
1 0.493421 0.479167 0.007310 0.006579
1 0.460526 0.474232 0.002924 0.003289
1 0.451023 0.470943 0.005848 0.007675
1 0.470395 0.469846 0.016813 0.007675
1 0.733187 0.457237 0.017544 0.010965
1 0.672880 0.404605 0.003655 0.008772
1 0.678363 0.381579 0.004386 0.006579
1 0.688231 0.263158 0.009503 0.019737
1 0.685307 0.241776 0.003655 0.005482
1 0.690789 0.232456 0.004386 0.015351
1 0.694079 0.205592 0.003655 0.005482
2 0.753655 0.572368 0.023392 0.037281
2 0.713816 0.371162 0.025585 0.029605
2 0.688596 0.348684 0.027778 0.070175
2 0.247807 0.285636 0.013158 0.016447
2 0.253289 0.255482 0.003655 0.008772
2 0.264254 0.236842 0.012427 0.017544
3 0.770833 0.590461 0.002193 0.003289
3 0.425439 0.492873 0.004386 0.005482
3 0.419956 0.485746 0.003655 0.004386
3 0.433114 0.470395 0.002193 0.004386
3 0.728436 0.457237 0.005117 0.004386
3 0.737208 0.452303 0.010965 0.005482
3 0.660088 0.399123 0.002924 0.004386
3 0.726608 0.357456 0.004386 0.006579
3 0.726608 0.344298 0.002924 0.004386
3 0.308480 0.236294 0.004386 0.005482
3 0.298246 0.217654 0.004386 0.007675