0 0.271219 0.759838 0.002315 0.003472
0 0.272762 0.756366 0.000772 0.001157
0 0.264660 0.757523 0.001543 0.003472
0 0.268133 0.751736 0.000772 0.003472
0 0.260417 0.751157 0.003858 0.004630
0 0.760417 0.503472 0.006944 0.006944
0 0.771605 0.502894 0.018519 0.019676
0 0.771219 0.506366 0.003086 0.004630
0 0.779707 0.445602 0.017747 0.016204
0 0.765432 0.436921 0.012346 0.008102
0 0.322917 0.235532 0.006944 0.015046
0 0.306713 0.232060 0.011574 0.017361
0 0.312886 0.203704 0.006944 0.013889
0 0.493827 0.084491 0.007716 0.011574
1 0.442515 0.495370 0.006944 0.013889
1 0.447531 0.457755 0.007716 0.010417
1 0.742670 0.428241 0.011574 0.018519
1 0.772377 0.339120 0.009259 0.013889
3 0.712577 0.785880 0.002315 0.002315
3 0.719522 0.773148 0.002315 0.004630
3 0.701775 0.759838 0.002315 0.003472
3 0.727623 0.728009 0.003086 0.004630
3 0.666667 0.700231 0.001543 0.002315
3 0.444059 0.603588 0.003858 0.005787
3 0.783565 0.508681 0.002315 0.003472
3 0.789738 0.475116 0.005401 0.010417
3 0.773920 0.439236 0.001543 0.003472
3 0.523534 0.412616 0.002315 0.003472
3 0.525077 0.408565 0.002315 0.002315
3 0.355324 0.403935 0.002315 0.004630
3 0.267747 0.399884 0.001543 0.003472
3 0.540123 0.394676 0.003086 0.004630
3 0.765046 0.384838 0.002315 0.003472
3 0.559799 0.384838 0.003858 0.003472
3 0.769676 0.324653 0.002315 0.003472
3 0.699074 0.245949 0.001543 0.003472
3 0.696759 0.237847 0.003086 0.005787
3 0.314043 0.227431 0.001543 0.001157
3 0.318287 0.226273 0.003858 0.003472
3 0.489583 0.134259 0.002315 0.004630