0 0.406250 0.717014 0.010031 0.010417
0 0.332562 0.692130 0.003086 0.002315
0 0.339892 0.684606 0.008488 0.010417
0 0.324846 0.675926 0.001543 0.002315
0 0.306713 0.664352 0.000772 0.002315
0 0.334877 0.662037 0.003086 0.004630
0 0.356096 0.656250 0.006944 0.006944
0 0.318287 0.653356 0.000772 0.003472
0 0.386188 0.651620 0.002315 0.004630
0 0.365741 0.636574 0.001543 0.002315
0 0.333333 0.637731 0.004630 0.011574
0 0.249228 0.599537 0.001543 0.002315
0 0.233025 0.599537 0.001543 0.004630
0 0.235725 0.598380 0.002315 0.004630
0 0.263503 0.600116 0.008488 0.010417
0 0.411265 0.596644 0.006173 0.008102
0 0.404321 0.590278 0.001543 0.004630
0 0.429012 0.590278 0.007716 0.013889
0 0.254244 0.590856 0.010031 0.015046
0 0.560185 0.583333 0.003086 0.006944
0 0.418596 0.581019 0.000772 0.002315
0 0.401620 0.580440 0.002315 0.003472
0 0.551698 0.581019 0.003086 0.006944
0 0.256173 0.575810 0.001543 0.003472
0 0.569444 0.576389 0.004630 0.009259
0 0.415895 0.575231 0.006173 0.006944
0 0.557870 0.572917 0.004630 0.009259
0 0.551698 0.571181 0.003086 0.008102
0 0.266204 0.569444 0.003086 0.004630
0 0.260031 0.568866 0.001543 0.003472
0 0.565201 0.565972 0.003858 0.004630
0 0.263503 0.560764 0.002315 0.005787
0 0.568673 0.551505 0.006173 0.008102
0 0.432485 0.529514 0.003858 0.005787
0 0.428627 0.527778 0.002315 0.002315
0 0.357639 0.516204 0.011574 0.011574
0 0.354552 0.518519 0.001543 0.003472
0 0.310571 0.508681 0.006944 0.010417
0 0.334105 0.512731 0.021605 0.025463
0 0.498071 0.494792 0.002315 0.008102
0 0.336034 0.489583 0.000772 0.002315
0 0.266204 0.489583 0.001543 0.002315
0 0.343364 0.493056 0.010802 0.011574
0 0.260802 0.490162 0.006173 0.005787
0 0.276620 0.485532 0.002315 0.003472
0 0.312886 0.491898 0.020833 0.025463
0 0.347222 0.477431 0.003086 0.003472
0 0.453318 0.476273 0.002315 0.003472
0 0.402006 0.473958 0.003086 0.005787
0 0.258873 0.464699 0.000772 0.001157
0 0.247299 0.467014 0.005401 0.010417
0 0.301312 0.464120 0.003858 0.006944
0 0.293210 0.482639 0.020062 0.043981
0 0.255015 0.464120 0.003858 0.006944
0 0.230710 0.461806 0.001543 0.002315
0 0.491512 0.469329 0.018519 0.019676
0 0.493056 0.469329 0.005401 0.006944
0 0.237269 0.462384 0.003858 0.008102
0 0.526620 0.458912 0.005401 0.005787
0 0.497685 0.453125 0.004630 0.005787
0 0.263117 0.450231 0.001543 0.002315
0 0.248457 0.452546 0.006173 0.006944
0 0.528935 0.449653 0.002315 0.003472
0 0.480324 0.447917 0.002315 0.002315
0 0.281636 0.446759 0.001543 0.002315
0 0.388889 0.445602 0.001543 0.002315
0 0.258488 0.443287 0.001543 0.002315
0 0.243056 0.445023 0.003086 0.008102
0 0.368827 0.484375 0.033951 0.089120
0 0.262731 0.438079 0.000772 0.001157
0 0.530864 0.438079 0.010802 0.008102
0 0.517747 0.434606 0.001543 0.001157
0 0.235725 0.423611 0.002315 0.002315
0 0.251929 0.425347 0.005401 0.008102
0 0.282793 0.431713 0.010031 0.023148
0 0.241898 0.427083 0.008488 0.013889
0 0.257330 0.416088 0.000772 0.001157
0 0.275077 0.417245 0.011574 0.010417
0 0.724151 0.414931 0.006944 0.010417
0 0.248457 0.410880 0.001543 0.002315
0 0.505401 0.409144 0.006173 0.005787
0 0.276235 0.406250 0.003086 0.009259
0 0.367670 0.401620 0.003858 0.004630
0 0.239969 0.403356 0.006173 0.008102
0 0.249228 0.391782 0.001543 0.001157
0 0.342593 0.385995 0.001543 0.003472
0 0.271219 0.385995 0.002315 0.003472
0 0.268904 0.384838 0.000772 0.001157
0 0.383488 0.396412 0.023148 0.026620
0 0.278935 0.381944 0.003858 0.004630
0 0.309414 0.376736 0.003086 0.005787
0 0.241512 0.374421 0.007716 0.005787
0 0.286651 0.372106 0.002315 0.005787
0 0.355710 0.366898 0.001543 0.002315
0 0.259645 0.367477 0.003858 0.005787
0 0.329861 0.360532 0.002315 0.005787
0 0.323688 0.354745 0.000772 0.001157
0 0.317130 0.353009 0.003086 0.002315
0 0.321373 0.351273 0.000772 0.001157
0 0.253086 0.350116 0.003086 0.005787
0 0.343750 0.346644 0.000772 0.001157
0 0.310957 0.349537 0.004630 0.006944
0 0.360340 0.346065 0.003086 0.004630
0 0.358410 0.340856 0.000772 0.001157
0 0.322145 0.342593 0.011574 0.016204
0 0.344907 0.333912 0.001543 0.001157
0 0.348380 0.332755 0.000772 0.001157
0 0.304398 0.331597 0.002315 0.003472
0 0.309414 0.329282 0.006173 0.010417
0 0.334877 0.326968 0.006173 0.008102
0 0.363040 0.325810 0.008488 0.008102
0 0.349923 0.324074 0.013117 0.006944
0 0.309414 0.319444 0.001543 0.004630
0 0.315586 0.320602 0.006173 0.011574
0 0.351466 0.315394 0.002315 0.008102
0 0.330247 0.312500 0.001543 0.002315
0 0.338349 0.309606 0.000772 0.001157
0 0.312500 0.309606 0.001543 0.001157
0 0.335648 0.306713 0.001543 0.002315
0 0.343364 0.304977 0.004630 0.005787
0 0.511960 0.216435 0.005401 0.009259
0 0.296296 0.201389 0.001543 0.004630
0 0.445216 0.203125 0.016975 0.010417
0 0.512731 0.192708 0.006944 0.008102
0 0.357253 0.187500 0.003086 0.006944
0 0.489969 0.181134 0.001543 0.001157
0 0.493441 0.182292 0.003858 0.005787
0 0.498457 0.177662 0.006173 0.008102
0 0.502701 0.173032 0.002315 0.003472
0 0.481096 0.169560 0.003858 0.008102
0 0.467978 0.167824 0.002315 0.004630
0 0.404321 0.163194 0.003086 0.002315
0 0.371914 0.151620 0.004630 0.004630
0 0.385031 0.149884 0.004630 0.005787
0 0.407407 0.146412 0.001543 0.001157
0 0.435571 0.144097 0.002315 0.003472
0 0.391975 0.140625 0.003086 0.003472
0 0.409336 0.138310 0.000772 0.001157
0 0.403549 0.138889 0.001543 0.004630
0 0.399691 0.141782 0.006173 0.012731
0 0.452546 0.132523 0.002315 0.003472
0 0.471836 0.128472 0.003858 0.006944
0 0.429784 0.125000 0.007716 0.006944
0 0.407407 0.119792 0.001543 0.003472
0 0.558256 0.118056 0.000772 0.002315
0 0.434414 0.116898 0.004630 0.006944
0 0.416281 0.124421 0.019290 0.021991
0 0.471065 0.113426 0.002315 0.002315
0 0.415509 0.111690 0.002315 0.003472
0 0.397762 0.112269 0.005401 0.006944
0 0.412423 0.108218 0.002315 0.005787
0 0.390432 0.108218 0.003086 0.005787
0 0.401235 0.095486 0.001543 0.001157
0 0.411651 0.081597 0.003858 0.008102
1 0.436728 0.757523 0.007716 0.005787
1 0.735340 0.726273 0.057099 0.049769
1 0.689815 0.660880 0.023148 0.069444
1 0.324460 0.631944 0.008488 0.013889
1 0.750000 0.629051 0.009259 0.015046
1 0.663194 0.619213 0.008488 0.011574
1 0.511574 0.553819 0.016975 0.010417
1 0.718364 0.469329 0.026235 0.028935
1 0.503858 0.222222 0.010802 0.011574
1 0.409722 0.089120 0.032407 0.037037
2 0.339892 0.855324 0.011574 0.016204
2 0.475694 0.744792 0.025463 0.056713
2 0.548225 0.675347 0.000772 0.001157
2 0.299769 0.678819 0.008488 0.019676
2 0.632330 0.672454 0.033179 0.030093
2 0.565201 0.668981 0.039352 0.046296
2 0.565586 0.678819 0.002315 0.002315
2 0.557485 0.674190 0.001543 0.002315
2 0.573688 0.659722 0.001543 0.003472
2 0.560571 0.659722 0.003086 0.005787
2 0.431713 0.657407 0.028549 0.034722
2 0.611883 0.646991 0.021605 0.018519
2 0.267747 0.637731 0.013889 0.023148
2 0.785880 0.479745 0.022377 0.024306
2 0.572145 0.423611 0.011574 0.025463
2 0.582176 0.404514 0.010031 0.012731
3 0.454475 0.733796 0.003086 0.004630
3 0.451003 0.726273 0.003858 0.003472
3 0.793981 0.546296 0.003086 0.004630
3 0.769290 0.520833 0.006173 0.006944
3 0.517747 0.493056 0.010802 0.004630
3 0.677083 0.469907 0.003858 0.006944
3 0.440972 0.341435 0.005401 0.004630