1 0.508789 0.916341 0.012695 0.014974
1 0.541260 0.475586 0.012207 0.011068
1 0.509277 0.433594 0.006836 0.010417
1 0.677734 0.401042 0.014648 0.015625
2 0.312744 0.591797 0.016113 0.027344
2 0.632568 0.393229 0.020996 0.028646
2 0.626221 0.385091 0.002441 0.003255
2 0.519531 0.170898 0.010742 0.020182
3 0.364258 0.889974 0.003906 0.005208
3 0.558350 0.400391 0.004395 0.006510
3 0.403320 0.334635 0.004883 0.010417
3 0.476563 0.321289 0.006836 0.009766
3 0.369629 0.300456 0.001953 0.001953
3 0.490479 0.297526 0.004395 0.006510
3 0.376953 0.273438 0.002930 0.006510
3 0.466553 0.113281 0.004395 0.006510