0 0.631592 0.382813 0.003418 0.003906
0 0.626953 0.379557 0.003906 0.002604
0 0.638672 0.380208 0.010742 0.020833
0 0.652588 0.371745 0.006348 0.013021
0 0.614502 0.366211 0.017090 0.014974
0 0.665283 0.354492 0.003418 0.003255
0 0.631348 0.350586 0.024414 0.025391
0 0.665527 0.338216 0.000977 0.001953
0 0.627197 0.329753 0.006348 0.005859
0 0.641846 0.325195 0.002441 0.003255
1 0.509766 0.603190 0.007813 0.007161
1 0.551025 0.537435 0.010254 0.013672
1 0.643066 0.511719 0.013672 0.013021
1 0.733154 0.452799 0.012207 0.021484
1 0.693604 0.321289 0.011230 0.020182
1 0.645996 0.313151 0.016602 0.016927
1 0.645264 0.311523 0.003418 0.004557
1 0.673340 0.291016 0.002930 0.006510
1 0.664551 0.292643 0.010742 0.011068
1 0.664063 0.292969 0.001953 0.002604
3 0.353516 0.563477 0.005859 0.004557
3 0.350342 0.552409 0.001465 0.003255
3 0.351074 0.542969 0.002930 0.002604
3 0.604980 0.499023 0.004883 0.008464
3 0.584473 0.493815 0.004883 0.008464
3 0.582764 0.478516 0.006348 0.010417
3 0.573486 0.463867 0.002441 0.003255
3 0.640381 0.457031 0.004395 0.006510
3 0.590088 0.434245 0.003418 0.003906
3 0.315674 0.366211 0.003418 0.005859
3 0.347900 0.355469 0.006348 0.006510
3 0.374268 0.320964 0.005371 0.002604
3 0.621826 0.247721 0.002441 0.003255