0 0.719136 0.717593 0.001543 0.002315
0 0.715278 0.700231 0.001543 0.002315
0 0.711420 0.700231 0.001543 0.002315
0 0.695988 0.682870 0.006173 0.004630
0 0.691358 0.561921 0.003086 0.005787
0 0.640432 0.555556 0.003086 0.004630
0 0.696373 0.527778 0.002315 0.004630
0 0.743056 0.523148 0.004630 0.006944
0 0.765818 0.490741 0.002315 0.004630
0 0.788194 0.490162 0.006944 0.012731
0 0.775463 0.458912 0.007716 0.008102
0 0.773920 0.458333 0.002315 0.003472
0 0.785880 0.424769 0.002315 0.004630
0 0.605324 0.364005 0.005401 0.010417
0 0.732639 0.340278 0.003858 0.006944
0 0.734568 0.331597 0.003086 0.008102
0 0.676698 0.311343 0.004630 0.004630
0 0.713349 0.308449 0.002315 0.003472
0 0.701775 0.302083 0.003858 0.006944
0 0.679012 0.302083 0.004630 0.009259
0 0.716435 0.295718 0.002315 0.003472
0 0.738426 0.293981 0.003086 0.004630
0 0.734954 0.292245 0.002315 0.003472
0 0.708333 0.292824 0.004630 0.011574
0 0.251157 0.280671 0.003858 0.005787
0 0.729167 0.274884 0.003086 0.003472
0 0.715664 0.277778 0.006944 0.009259
0 0.747685 0.272569 0.001543 0.003472
0 0.704861 0.268519 0.003858 0.004630
0 0.721836 0.263310 0.000772 0.001157
0 0.716435 0.263889 0.002315 0.006944
0 0.668210 0.255208 0.001543 0.001157
0 0.715664 0.249421 0.005401 0.010417
0 0.602238 0.214699 0.005401 0.005787
0 0.455633 0.145255 0.002315 0.005787
0 0.396219 0.127315 0.005401 0.006944
0 0.376157 0.107639 0.005401 0.006944
0 0.488040 0.101273 0.006944 0.008102
0 0.498071 0.085648 0.000772 0.002315
0 0.406250 0.081019 0.003858 0.004630
3 0.246528 0.618056 0.003858 0.004630
3 0.228009 0.612269 0.003858 0.002315
3 0.698302 0.597801 0.001543 0.003472
3 0.668596 0.557292 0.002315 0.001157
3 0.697531 0.520255 0.004630 0.008102