0 0.523920 0.763310 0.001543 0.001157
0 0.529707 0.762153 0.003858 0.003472
0 0.503086 0.761574 0.001543 0.002315
0 0.589892 0.759838 0.000772 0.001157
0 0.572145 0.736690 0.002315 0.003472
0 0.553241 0.729167 0.001543 0.002315
0 0.398920 0.721644 0.001543 0.001157
0 0.573302 0.721065 0.001543 0.004630
0 0.577932 0.724537 0.004630 0.013889
0 0.565201 0.716435 0.005401 0.006944
0 0.546682 0.714120 0.003858 0.004630
0 0.550540 0.708912 0.000772 0.001157
0 0.582176 0.706597 0.002315 0.003472
0 0.572917 0.705440 0.002315 0.003472
0 0.579090 0.703125 0.002315 0.003472
0 0.568287 0.703125 0.002315 0.003472
0 0.596836 0.696181 0.000772 0.001157
0 0.566744 0.696181 0.000772 0.001157
0 0.555941 0.685764 0.000772 0.001157
0 0.535494 0.686921 0.003086 0.003472
0 0.525463 0.699074 0.016975 0.027778
0 0.458333 0.689815 0.013889 0.009259
0 0.747299 0.684606 0.000772 0.001157
0 0.541667 0.688657 0.007716 0.009259
0 0.534336 0.681713 0.002315 0.004630
0 0.463735 0.682292 0.004630 0.005787
0 0.529321 0.678241 0.003086 0.006944
0 0.568673 0.687500 0.029321 0.034722
0 0.490355 0.671296 0.002315 0.002315
0 0.599151 0.670718 0.002315 0.003472
0 0.578318 0.668981 0.000772 0.002315
0 0.454861 0.666667 0.005401 0.006944
0 0.503086 0.687500 0.027778 0.050926
0 0.533179 0.664352 0.004630 0.006944
0 0.458333 0.661458 0.001543 0.001157
0 0.551698 0.665509 0.007716 0.011574
0 0.484954 0.661458 0.003858 0.005787
0 0.473380 0.666667 0.011574 0.016204
0 0.392361 0.662616 0.005401 0.008102
0 0.596836 0.656829 0.000772 0.001157
0 0.601466 0.657407 0.002315 0.004630
0 0.570602 0.657986 0.003858 0.005787
0 0.399691 0.653935 0.001543 0.002315
0 0.518133 0.662037 0.022377 0.023148
0 0.453704 0.652199 0.004630 0.005787
0 0.604167 0.651042 0.004630 0.008102
0 0.658565 0.648148 0.003858 0.004630
0 0.462191 0.651620 0.006173 0.013889
0 0.598380 0.644097 0.000772 0.001157
0 0.552855 0.642940 0.000772 0.001157
0 0.392747 0.645255 0.007716 0.005787
0 0.586806 0.643519 0.002315 0.004630
0 0.459105 0.643519 0.004630 0.004630
0 0.609182 0.643519 0.005401 0.006944
0 0.603009 0.642940 0.005401 0.005787
0 0.468364 0.641204 0.003086 0.004630
0 0.578318 0.638310 0.000772 0.001157
0 0.443673 0.640046 0.004630 0.006944
0 0.440972 0.633681 0.003858 0.003472
0 0.400077 0.631944 0.002315 0.002315
0 0.456404 0.631944 0.008488 0.006944
0 0.508102 0.628472 0.002315 0.004630
0 0.456404 0.626736 0.000772 0.001157
0 0.714892 0.626157 0.002315 0.002315
0 0.642361 0.625579 0.010031 0.008102
0 0.714120 0.620949 0.000772 0.001157
0 0.608410 0.623843 0.005401 0.006944
0 0.430941 0.628472 0.028549 0.016204
0 0.390818 0.621528 0.003858 0.002315
0 0.596065 0.620949 0.002315 0.003472
0 0.508102 0.620370 0.000772 0.002315
0 0.505787 0.618634 0.000772 0.001157
0 0.538194 0.617477 0.000772 0.001157
0 0.500000 0.618634 0.001543 0.003472
0 0.492284 0.623843 0.010802 0.013889
0 0.543596 0.619213 0.003858 0.009259
0 0.602238 0.616898 0.005401 0.006944
0 0.734182 0.612847 0.000772 0.001157
0 0.512346 0.614005 0.001543 0.003472
0 0.733410 0.609375 0.000772 0.001157
0 0.494599 0.611111 0.003086 0.004630
0 0.459105 0.610532 0.001543 0.008102
0 0.502315 0.609375 0.009259 0.008102
0 0.539352 0.607060 0.003086 0.005787
0 0.456019 0.604745 0.001543 0.003472
0 0.417052 0.605903 0.003858 0.005787
0 0.714506 0.603009 0.001543 0.002315
0 0.494599 0.602431 0.001543 0.001157
0 0.434414 0.606481 0.006173 0.009259
0 0.679012 0.604745 0.007716 0.008102
0 0.500000 0.601852 0.001543 0.002315
0 0.725309 0.601273 0.004630 0.005787
0 0.596451 0.601852 0.004630 0.006944
0 0.697145 0.597801 0.002315 0.003472
0 0.418210 0.597222 0.001543 0.002315
0 0.498457 0.596065 0.001543 0.004630
0 0.487654 0.594907 0.001543 0.002315
0 0.464892 0.599537 0.008488 0.011574
0 0.423611 0.599537 0.007716 0.011574
0 0.423225 0.598958 0.001543 0.002315
0 0.481481 0.593750 0.003086 0.002315
0 0.499614 0.592014 0.000772 0.001157
0 0.703318 0.594907 0.005401 0.009259
0 0.591049 0.594907 0.004630 0.009259
0 0.729167 0.590278 0.001543 0.002315
0 0.475694 0.593750 0.006944 0.009259
0 0.493827 0.589120 0.001543 0.002315
0 0.610725 0.593750 0.023920 0.018519
0 0.433642 0.586806 0.006173 0.006944
0 0.496142 0.583333 0.001543 0.004630
0 0.694059 0.589120 0.013117 0.018519
0 0.490355 0.581019 0.003858 0.002315
0 0.718750 0.586227 0.005401 0.015046
0 0.662037 0.580440 0.001543 0.003472
0 0.515046 0.580440 0.003858 0.005787
0 0.473380 0.581597 0.003858 0.010417
0 0.479552 0.579282 0.005401 0.008102
0 0.560185 0.575231 0.004630 0.006944
0 0.490741 0.572917 0.001543 0.002315
0 0.683256 0.574074 0.005401 0.006944
0 0.515818 0.571181 0.000772 0.001157
0 0.730710 0.571759 0.003086 0.004630
0 0.676312 0.572338 0.003858 0.005787
0 0.660108 0.572338 0.005401 0.008102
0 0.708333 0.572338 0.007716 0.010417
0 0.490355 0.563657 0.002315 0.004630
0 0.737654 0.561343 0.003086 0.004630
0 0.518519 0.563079 0.007716 0.008102
0 0.608796 0.559028 0.001543 0.002315
0 0.492284 0.559028 0.001543 0.002315
0 0.711806 0.559606 0.003858 0.005787
0 0.460648 0.571181 0.018519 0.028935
0 0.462577 0.577546 0.003086 0.003472
0 0.464120 0.572338 0.004630 0.004630
0 0.762346 0.558449 0.004630 0.005787
0 0.510031 0.558449 0.003086 0.005787
0 0.659722 0.557292 0.004630 0.005787
0 0.443673 0.589120 0.027778 0.069444
0 0.442901 0.601852 0.002315 0.003472
0 0.694059 0.554977 0.002315 0.003472
0 0.505015 0.554977 0.002315 0.003472
0 0.650849 0.553241 0.000772 0.002315
0 0.488426 0.556134 0.007716 0.008102
0 0.497299 0.564815 0.008488 0.027778
0 0.424769 0.566551 0.019290 0.033565
0 0.774306 0.551505 0.003858 0.008102
0 0.754244 0.550347 0.005401 0.010417
0 0.594907 0.546875 0.003086 0.005787
0 0.696759 0.542824 0.001543 0.002315
0 0.602238 0.543403 0.003858 0.005787
0 0.507330 0.543403 0.003858 0.005787
0 0.499614 0.542824 0.005401 0.009259
0 0.665895 0.538773 0.003086 0.005787
0 0.782793 0.535880 0.003858 0.004630
0 0.738426 0.534144 0.001543 0.003472
0 0.511960 0.534722 0.003858 0.004630
0 0.577546 0.557292 0.036265 0.052083
0 0.317130 0.534722 0.003086 0.006944
0 0.653549 0.535301 0.004630 0.010417
0 0.518904 0.533565 0.003858 0.006944
0 0.506944 0.532986 0.004630 0.008102
0 0.441358 0.531250 0.001543 0.004630
0 0.771991 0.530671 0.005401 0.008102
0 0.540123 0.527778 0.003086 0.004630
0 0.533565 0.553819 0.037809 0.056713
0 0.431327 0.527199 0.003086 0.003472
0 0.564043 0.523727 0.006173 0.003472
0 0.790895 0.523148 0.003086 0.004630
0 0.501157 0.520255 0.000772 0.001157
0 0.558642 0.519676 0.001543 0.002315
0 0.557485 0.515625 0.000772 0.001157
0 0.758102 0.517940 0.006944 0.008102
0 0.725309 0.516204 0.006173 0.004630
0 0.688657 0.517361 0.002315 0.006944
0 0.439429 0.517940 0.005401 0.008102
0 0.692130 0.513310 0.001543 0.001157
0 0.696373 0.511574 0.000772 0.002315
0 0.551698 0.515625 0.007716 0.010417
0 0.433256 0.513889 0.005401 0.006944
0 0.514660 0.511574 0.004630 0.004630
0 0.508488 0.517940 0.007716 0.019676
0 0.453318 0.509838 0.008488 0.005787
0 0.711034 0.510417 0.003858 0.009259
0 0.459105 0.506366 0.001543 0.001157
0 0.310957 0.509259 0.004630 0.006944
0 0.749614 0.509259 0.005401 0.009259
0 0.732639 0.508681 0.006944 0.010417
0 0.775463 0.504630 0.003086 0.004630
0 0.790123 0.503472 0.003086 0.004630
0 0.760417 0.503472 0.011574 0.011574
0 0.716821 0.505787 0.007716 0.016204
0 0.685571 0.499421 0.002315 0.003472
0 0.547840 0.504051 0.013889 0.012731
0 0.724151 0.498264 0.002315 0.003472
0 0.540895 0.497685 0.001543 0.002315
0 0.732639 0.495949 0.000772 0.001157
0 0.450231 0.493634 0.002315 0.003472
0 0.717207 0.491319 0.000772 0.001157
0 0.791667 0.493634 0.007716 0.010417
0 0.765432 0.488426 0.003086 0.004630
0 0.478781 0.487269 0.002315 0.002315
0 0.367284 0.486111 0.001543 0.002315
0 0.519676 0.487269 0.002315 0.006944
0 0.464892 0.483218 0.000772 0.001157
0 0.458333 0.491319 0.010802 0.019676
0 0.633873 0.480324 0.002315 0.002315
0 0.338349 0.479745 0.000772 0.001157
0 0.518904 0.478588 0.002315 0.003472
0 0.317515 0.479745 0.002315 0.005787
0 0.650077 0.476273 0.000772 0.001157
0 0.445602 0.480324 0.003858 0.009259
0 0.643133 0.478009 0.003858 0.006944
0 0.530093 0.475694 0.001543 0.002315
0 0.773148 0.476273 0.004630 0.005787
0 0.324460 0.474537 0.002315 0.002315
0 0.767361 0.474537 0.005401 0.004630
0 0.757330 0.476273 0.005401 0.008102
0 0.751929 0.475694 0.003858 0.006944
0 0.720679 0.476273 0.004630 0.008102
0 0.607253 0.472801 0.001543 0.001157
0 0.533565 0.473380 0.000772 0.002315
0 0.362654 0.473380 0.001543 0.002315
0 0.683642 0.471644 0.001543 0.001157
0 0.471065 0.471644 0.000772 0.001157
0 0.668210 0.474537 0.004630 0.009259
0 0.456790 0.475694 0.006173 0.011574
0 0.530478 0.470486 0.003858 0.003472
0 0.497685 0.489005 0.029321 0.042824
0 0.498457 0.468171 0.006173 0.005787
0 0.738812 0.464699 0.000772 0.001157
0 0.608796 0.463542 0.001543 0.001157
0 0.454475 0.465856 0.003086 0.005787
0 0.793981 0.461806 0.003086 0.006944
0 0.733025 0.458912 0.003086 0.003472
0 0.676312 0.458912 0.002315 0.003472
0 0.508873 0.457755 0.002315 0.003472
0 0.682099 0.455440 0.001543 0.003472
0 0.722608 0.454282 0.002315 0.003472
0 0.515432 0.452546 0.001543 0.002315
0 0.476080 0.450231 0.001543 0.002315
0 0.420910 0.450231 0.002315 0.002315
0 0.702160 0.455440 0.007716 0.015046
0 0.341435 0.448495 0.002315 0.003472
0 0.782407 0.446181 0.001543 0.001157
0 0.485725 0.447338 0.002315 0.003472
0 0.430170 0.447917 0.003858 0.004630
0 0.706404 0.447917 0.005401 0.009259
0 0.497299 0.447338 0.005401 0.010417
0 0.395062 0.450231 0.006173 0.016204
0 0.490355 0.438657 0.000772 0.002315
0 0.479167 0.440972 0.004630 0.006944
0 0.420139 0.438079 0.003858 0.005787
0 0.711806 0.435185 0.002315 0.002315
0 0.702546 0.432292 0.000772 0.001157
0 0.345679 0.431134 0.001543 0.001157
0 0.779321 0.432292 0.001543 0.005787
0 0.744213 0.429977 0.000772 0.001157
0 0.696373 0.429977 0.000772 0.001157
0 0.636188 0.430556 0.002315 0.002315
0 0.481481 0.432292 0.006173 0.005787
0 0.495756 0.434606 0.013117 0.012731
0 0.782022 0.427083 0.000772 0.002315
0 0.490355 0.425926 0.000772 0.002315
0 0.430556 0.428819 0.007716 0.010417
0 0.784722 0.420718 0.001543 0.003472
0 0.491127 0.418981 0.000772 0.002315
0 0.474537 0.415509 0.001543 0.002315
0 0.436728 0.416088 0.003086 0.008102
0 0.438657 0.411458 0.000772 0.001157
0 0.660880 0.412037 0.002315 0.004630
0 0.605710 0.409144 0.001543 0.003472
0 0.449074 0.410301 0.004630 0.008102
0 0.481096 0.409722 0.005401 0.013889
0 0.706404 0.401042 0.002315 0.003472
0 0.668210 0.400463 0.001543 0.002315
0 0.464120 0.398727 0.000772 0.001157
0 0.783179 0.398727 0.003086 0.010417
0 0.775463 0.394097 0.001543 0.001157
0 0.707948 0.388889 0.002315 0.004630
0 0.472608 0.388889 0.002315 0.004630
0 0.782407 0.383681 0.001543 0.003472
0 0.662037 0.383102 0.001543 0.002315
0 0.426312 0.385417 0.003858 0.006944
0 0.396605 0.381944 0.001543 0.002315
0 0.702160 0.381944 0.003086 0.004630
0 0.451775 0.378472 0.000772 0.002315
0 0.456790 0.377315 0.003086 0.004630
0 0.782022 0.375000 0.000772 0.002315
0 0.714506 0.375000 0.001543 0.002315
0 0.667824 0.374421 0.000772 0.001157
0 0.454090 0.375000 0.000772 0.002315
0 0.439043 0.376157 0.001543 0.004630
0 0.395062 0.381366 0.010802 0.019676
0 0.684799 0.370949 0.002315 0.003472
0 0.467207 0.381366 0.011574 0.024306
0 0.460262 0.372685 0.005401 0.006944
0 0.452160 0.370949 0.003086 0.003472
0 0.425540 0.371528 0.002315 0.004630
0 0.388503 0.369213 0.000772 0.002315
0 0.487269 0.368634 0.003858 0.005787
0 0.403549 0.369792 0.004630 0.008102
0 0.497299 0.366898 0.002315 0.004630
0 0.462577 0.365162 0.000772 0.001157
0 0.662809 0.366898 0.003086 0.006944
0 0.459877 0.365162 0.001543 0.003472
0 0.392747 0.362847 0.003086 0.003472
0 0.689815 0.361690 0.003086 0.008102
0 0.681713 0.359954 0.002315 0.004630
0 0.545139 0.363426 0.008488 0.011574
0 0.465278 0.358218 0.001543 0.001157
0 0.535108 0.357060 0.000772 0.001157
0 0.474537 0.363426 0.018519 0.013889
0 0.437500 0.354745 0.001543 0.001157
0 0.683642 0.354167 0.001543 0.002315
0 0.532022 0.353009 0.002315 0.002315
0 0.695988 0.359954 0.004630 0.018519
0 0.434028 0.359375 0.011574 0.019676
0 0.706019 0.367477 0.015432 0.038194
0 0.702546 0.364583 0.001543 0.003472
0 0.669367 0.355324 0.013117 0.013889
0 0.472222 0.350116 0.003086 0.005787
0 0.690972 0.348380 0.003858 0.004630
0 0.510802 0.359375 0.023148 0.026620
0 0.482639 0.350116 0.003858 0.008102
0 0.468364 0.350694 0.004630 0.009259
0 0.537809 0.349537 0.004630 0.009259
0 0.497299 0.347222 0.002315 0.004630
0 0.455633 0.348380 0.003858 0.006944
0 0.699846 0.344907 0.001543 0.002315
0 0.658179 0.342593 0.001543 0.002315
0 0.692130 0.339120 0.001543 0.002315
0 0.536651 0.338542 0.002315 0.003472
0 0.532793 0.337384 0.000772 0.001157
0 0.697917 0.338542 0.002315 0.008102
0 0.532022 0.335069 0.000772 0.001157
0 0.709105 0.336806 0.006173 0.006944
0 0.683256 0.336806 0.006944 0.009259
0 0.648534 0.333912 0.002315 0.003472
0 0.500000 0.335648 0.006173 0.006944
0 0.373457 0.334491 0.003086 0.004630
0 0.551698 0.332176 0.001543 0.002315
0 0.472608 0.330440 0.000772 0.001157
0 0.479167 0.332755 0.004630 0.010417
0 0.694444 0.330440 0.003086 0.010417
0 0.380401 0.326389 0.001543 0.002315
0 0.703704 0.327546 0.004630 0.009259
0 0.476466 0.323495 0.000772 0.001157
0 0.760802 0.322338 0.003086 0.003472
0 0.680941 0.322338 0.002315 0.003472
0 0.641204 0.322917 0.003086 0.004630
0 0.472608 0.321759 0.002315 0.002315
0 0.717978 0.328704 0.011574 0.018519
0 0.371142 0.320602 0.004630 0.004630
0 0.505787 0.325231 0.008488 0.018519
0 0.466821 0.317708 0.004630 0.005787
0 0.689429 0.316551 0.003858 0.008102
0 0.671682 0.313657 0.003858 0.004630
0 0.680941 0.309606 0.000772 0.001157
0 0.376543 0.310185 0.001543 0.002315
0 0.705633 0.311921 0.005401 0.008102
0 0.687500 0.309028 0.001543 0.002315
0 0.490355 0.311343 0.003858 0.006944
0 0.482639 0.315394 0.008488 0.015046
0 0.481096 0.309028 0.000772 0.002315
0 0.420139 0.309606 0.002315 0.003472
0 0.467207 0.306134 0.000772 0.001157
0 0.761960 0.306134 0.002315 0.003472
0 0.740355 0.304977 0.002315 0.003472
0 0.373457 0.303241 0.003086 0.004630
0 0.665509 0.300347 0.000772 0.001157
0 0.438657 0.301505 0.003858 0.003472
0 0.763889 0.300926 0.001543 0.004630
0 0.732639 0.299190 0.000772 0.001157
0 0.504244 0.303241 0.003858 0.009259
0 0.714892 0.298611 0.000772 0.002315
0 0.632330 0.298032 0.000772 0.001157
0 0.706019 0.299769 0.004630 0.006944
0 0.693673 0.299190 0.004630 0.008102
0 0.534336 0.294560 0.000772 0.001157
0 0.483410 0.298032 0.006944 0.010417
0 0.729167 0.290509 0.001543 0.002315
0 0.503858 0.287616 0.001543 0.001157
0 0.415509 0.282407 0.003858 0.004630
0 0.646605 0.278935 0.001543 0.002315
0 0.712577 0.269097 0.000772 0.001157
0 0.499614 0.257523 0.005401 0.005787
0 0.730710 0.250000 0.001543 0.002315
0 0.489583 0.250579 0.003858 0.005787
0 0.334491 0.249421 0.008488 0.010417
0 0.386188 0.214699 0.002315 0.003472
0 0.458719 0.208333 0.008488 0.006944
0 0.452546 0.206019 0.002315 0.002315
0 0.383102 0.203125 0.000772 0.001157
0 0.666281 0.199074 0.002315 0.002315
0 0.450231 0.202546 0.005401 0.009259
0 0.662423 0.199074 0.002315 0.004630
0 0.651620 0.197338 0.002315 0.003472
0 0.384645 0.195023 0.002315 0.003472
0 0.648920 0.193287 0.006173 0.006944
0 0.489583 0.193287 0.010031 0.016204
0 0.420910 0.187500 0.003858 0.004630
0 0.380015 0.186921 0.003858 0.005787
0 0.480324 0.176505 0.002315 0.005787
0 0.472608 0.175926 0.002315 0.004630
0 0.394676 0.174769 0.002315 0.002315
0 0.435957 0.171296 0.003086 0.002315
0 0.562886 0.164931 0.005401 0.008102
0 0.571759 0.160301 0.001543 0.003472
0 0.427469 0.156250 0.003086 0.004630
0 0.510031 0.151042 0.004630 0.005787
0 0.437886 0.139468 0.000772 0.001157
0 0.386188 0.140046 0.002315 0.004630
0 0.424383 0.137731 0.003086 0.004630
0 0.417824 0.135995 0.003858 0.005787
0 0.430556 0.123843 0.003086 0.002315
0 0.461420 0.125000 0.004630 0.006944
0 0.439429 0.123264 0.002315 0.003472
0 0.413194 0.123264 0.003858 0.005787
0 0.430941 0.118634 0.003858 0.003472
0 0.515432 0.115741 0.001543 0.002315
0 0.408951 0.116319 0.003086 0.005787
0 0.403549 0.112847 0.004630 0.008102
0 0.447145 0.098958 0.000772 0.001157
0 0.494599 0.098380 0.003086 0.002315
0 0.409336 0.096644 0.000772 0.001157
0 0.502701 0.081597 0.000772 0.001157
0 0.422068 0.073495 0.001543 0.003472
0 0.431713 0.069444 0.003858 0.004630
0 0.437500 0.068866 0.003086 0.005787
0 0.474151 0.065394 0.003858 0.003472
1 0.675154 0.828704 0.001543 0.002315
1 0.668596 0.825231 0.000772 0.002315
1 0.671296 0.822917 0.003086 0.006944
1 0.639660 0.812500 0.012346 0.006944
1 0.653935 0.806713 0.002315 0.002315
1 0.665509 0.802662 0.000772 0.001157
1 0.661651 0.814236 0.017747 0.024306
1 0.663194 0.809606 0.001543 0.002315
1 0.663966 0.808449 0.001543 0.002315
1 0.659722 0.801505 0.001543 0.003472
1 0.654707 0.799769 0.002315 0.002315
1 0.632330 0.786458 0.000772 0.001157
1 0.690201 0.765046 0.005401 0.009259
1 0.745756 0.664352 0.000772 0.002315
1 0.750772 0.658565 0.003086 0.006944
1 0.693673 0.634838 0.003086 0.005787
1 0.699074 0.631944 0.001543 0.002315
1 0.376929 0.636574 0.014660 0.020833
1 0.692515 0.629630 0.008488 0.016204
1 0.666667 0.621528 0.004630 0.006944
1 0.697145 0.609375 0.002315 0.003472
1 0.683256 0.615741 0.016204 0.023148
1 0.734568 0.601273 0.004630 0.005787
1 0.584491 0.603588 0.008488 0.012731
1 0.310185 0.553819 0.009259 0.010417
1 0.376929 0.539352 0.002315 0.002315
1 0.742670 0.547454 0.016204 0.030093
1 0.602623 0.534144 0.012346 0.010417
1 0.558642 0.538773 0.016975 0.026620
1 0.614198 0.524306 0.004630 0.004630
1 0.613040 0.518519 0.002315 0.002315
1 0.616127 0.516782 0.000772 0.001157
1 0.741512 0.520255 0.004630 0.015046
1 0.741127 0.509259 0.002315 0.004630
1 0.791281 0.500579 0.000772 0.001157
1 0.467978 0.502894 0.006944 0.008102
1 0.781250 0.493634 0.000772 0.001157
1 0.476852 0.494213 0.001543 0.002315
1 0.786265 0.478588 0.015432 0.024306
1 0.785108 0.472222 0.003086 0.003472
1 0.702160 0.479167 0.018519 0.025463
1 0.471065 0.465856 0.003858 0.003472
1 0.480324 0.461806 0.013117 0.011574
1 0.760802 0.440972 0.001543 0.004630
1 0.469522 0.439815 0.005401 0.004630
1 0.461806 0.418403 0.005401 0.008102
1 0.411651 0.407986 0.000772 0.001157
1 0.410880 0.396412 0.000772 0.001157
1 0.709105 0.406250 0.013889 0.027778
1 0.415123 0.401042 0.006173 0.019676
1 0.417438 0.380208 0.004630 0.010417
1 0.488812 0.340856 0.008488 0.008102
1 0.489198 0.327546 0.007716 0.009259
1 0.317901 0.268519 0.001543 0.002315
1 0.460648 0.261574 0.010802 0.013889
1 0.606867 0.243634 0.005401 0.008102
1 0.398920 0.187500 0.006173 0.004630
1 0.454861 0.145833 0.002315 0.006944
1 0.437114 0.130208 0.011574 0.008102
1 0.431713 0.122106 0.000772 0.001157
1 0.454475 0.096065 0.009259 0.025463
1 0.454090 0.101273 0.001543 0.002315
1 0.452932 0.087384 0.002315 0.002315
1 0.448688 0.082755 0.003858 0.005787
1 0.531250 0.091435 0.013117 0.027778
3 0.711420 0.759259 0.003086 0.002315
3 0.709877 0.750579 0.001543 0.001157
3 0.753472 0.720486 0.005401 0.005787
3 0.753858 0.688079 0.004630 0.005787
3 0.554784 0.646991 0.003086 0.004630
3 0.564043 0.642361 0.003086 0.006944
3 0.568673 0.636574 0.006173 0.006944
3 0.579475 0.633102 0.003086 0.004630
3 0.690201 0.576389 0.002315 0.004630
3 0.719522 0.552662 0.002315 0.005787
3 0.415123 0.539352 0.004630 0.004630
3 0.646991 0.486111 0.005401 0.009259
3 0.414352 0.479745 0.003086 0.003472
3 0.408565 0.480324 0.005401 0.006944
3 0.728395 0.472222 0.004630 0.009259
3 0.655093 0.464120 0.004630 0.006944
3 0.684028 0.421296 0.002315 0.009259
3 0.687114 0.410301 0.006944 0.005787
3 0.686728 0.405671 0.001543 0.001157
3 0.684414 0.385417 0.007716 0.016204
3 0.608796 0.377894 0.006173 0.010417
3 0.590278 0.357639 0.003086 0.004630
3 0.584877 0.353588 0.006173 0.008102
3 0.549383 0.339699 0.006173 0.008102
3 0.461034 0.322338 0.002315 0.003472
3 0.579475 0.291088 0.001543 0.003472
3 0.682870 0.263889 0.001543 0.002315
3 0.647377 0.229745 0.004630 0.003472
3 0.513889 0.160301 0.003086 0.003472