0 0.443850 0.761000 0.005348 0.008000
0 0.449532 0.757500 0.002005 0.003000
0 0.326537 0.720500 0.007353 0.009000
0 0.331217 0.707500 0.004679 0.007000
0 0.265040 0.693000 0.006016 0.010000
0 0.347594 0.649500 0.002674 0.005000
0 0.275735 0.561000 0.003342 0.004000
0 0.263703 0.561000 0.010027 0.016000
0 0.288102 0.549500 0.004011 0.005000
0 0.271056 0.546000 0.004679 0.006000
0 0.261029 0.544000 0.002005 0.004000
0 0.356283 0.541000 0.001337 0.002000
0 0.252340 0.541500 0.002005 0.003000
0 0.257019 0.539500 0.006016 0.007000
0 0.252340 0.537000 0.000668 0.002000
0 0.249332 0.536500 0.001337 0.001000
0 0.387701 0.533000 0.001337 0.002000
0 0.294118 0.533000 0.001337 0.002000
0 0.384024 0.533500 0.003342 0.005000
0 0.297794 0.528000 0.002005 0.002000
0 0.251671 0.527000 0.006016 0.008000
0 0.289104 0.519500 0.012701 0.017000
0 0.288436 0.510500 0.000668 0.001000
0 0.373997 0.510500 0.003342 0.005000
0 0.269051 0.512500 0.003342 0.009000
0 0.242647 0.505000 0.002674 0.004000
0 0.381016 0.503500 0.001337 0.003000
0 0.275401 0.500000 0.002674 0.002000
0 0.248997 0.501000 0.003342 0.008000
0 0.258356 0.497000 0.000668 0.002000
0 0.399064 0.493000 0.002674 0.004000
0 0.309158 0.493500 0.002005 0.007000
0 0.245321 0.493500 0.004011 0.007000
0 0.300134 0.489000 0.004011 0.006000
0 0.249666 0.486500 0.002005 0.003000
0 0.279412 0.485000 0.001337 0.002000
0 0.286096 0.492500 0.014706 0.031000
0 0.281417 0.479500 0.002674 0.005000
0 0.278075 0.475500 0.004011 0.009000
0 0.261698 0.482500 0.011364 0.025000
0 0.303810 0.472000 0.007353 0.016000
0 0.256684 0.464000 0.005348 0.006000
0 0.187500 0.464500 0.004679 0.009000
0 0.188168 0.454000 0.003342 0.004000
0 0.283757 0.439500 0.003342 0.007000
0 0.298797 0.429000 0.017380 0.032000
0 0.338235 0.412000 0.004011 0.004000
0 0.309826 0.412500 0.003342 0.005000
0 0.322193 0.418500 0.014706 0.019000
0 0.315174 0.405000 0.002005 0.004000
0 0.328209 0.404500 0.001337 0.005000
0 0.304813 0.404000 0.002674 0.004000
0 0.296457 0.399500 0.002005 0.003000
0 0.325869 0.398000 0.000668 0.002000
0 0.315174 0.395500 0.002005 0.005000
0 0.315174 0.395500 0.001337 0.002000
0 0.315174 0.383500 0.002005 0.005000
0 0.300468 0.384000 0.002005 0.006000
0 0.416778 0.379500 0.004679 0.007000
0 0.313503 0.377000 0.002674 0.002000
0 0.323195 0.377000 0.003342 0.004000
0 0.294786 0.376500 0.010695 0.017000
0 0.329545 0.364500 0.012032 0.017000
0 0.317848 0.359500 0.008690 0.011000
0 0.306150 0.346500 0.004011 0.005000
0 0.353275 0.346500 0.006016 0.009000
0 0.340241 0.344500 0.009358 0.009000
0 0.321858 0.328500 0.010027 0.015000
1 0.351939 0.665500 0.010027 0.011000
1 0.353275 0.664500 0.001337 0.002000
1 0.259358 0.573500 0.006684 0.011000
1 0.327540 0.550000 0.002674 0.004000
1 0.323529 0.546500 0.002674 0.007000
1 0.350936 0.540000 0.005348 0.008000
1 0.273396 0.515000 0.001337 0.004000
1 0.263703 0.509500 0.004679 0.009000
1 0.324532 0.504500 0.002005 0.003000
1 0.321858 0.496500 0.003342 0.005000
1 0.391043 0.439500 0.009358 0.011000
1 0.383690 0.436500 0.002674 0.005000
1 0.304479 0.412000 0.002005 0.008000
1 0.308824 0.407000 0.005348 0.006000
1 0.300802 0.404000 0.002674 0.006000
1 0.196858 0.368500 0.007353 0.011000
1 0.366644 0.251500 0.003342 0.005000
1 0.294452 0.153500 0.007353 0.009000