0 0.327160 0.797454 0.001543 0.002315
0 0.323688 0.795718 0.000772 0.001157
0 0.339892 0.785301 0.002315 0.003472
0 0.339506 0.778356 0.003086 0.003472
0 0.328318 0.780671 0.011574 0.012731
0 0.315586 0.777778 0.007716 0.006944
0 0.336034 0.771412 0.003858 0.010417
0 0.310957 0.768519 0.009259 0.009259
0 0.653164 0.475116 0.002315 0.003472
0 0.650077 0.468171 0.000772 0.001157
0 0.657407 0.462384 0.010802 0.015046
1 0.577546 0.659722 0.010031 0.011574
1 0.456404 0.615741 0.006944 0.009259
1 0.291281 0.610532 0.005401 0.012731
1 0.281636 0.610532 0.006173 0.012731
1 0.280478 0.583912 0.006944 0.008102
1 0.233796 0.583912 0.004630 0.008102
3 0.368441 0.751736 0.002315 0.005787
3 0.693287 0.663194 0.003858 0.004630
3 0.273920 0.623843 0.001543 0.002315
3 0.730710 0.616898 0.001543 0.002315
3 0.783951 0.588542 0.001543 0.003472
3 0.241127 0.572917 0.002315 0.004630
3 0.511188 0.406829 0.003858 0.005787
3 0.399691 0.228009 0.004630 0.009259