0 0.285846 0.643791 0.003064 0.006536
0 0.287377 0.639706 0.001225 0.001634
0 0.257966 0.643382 0.006127 0.008987
0 0.325061 0.642565 0.006740 0.013889
0 0.292279 0.637663 0.007353 0.010621
0 0.323529 0.629085 0.001225 0.001634
0 0.271752 0.626225 0.003064 0.002451
0 0.336397 0.632353 0.018382 0.017974
0 0.335784 0.618464 0.003676 0.004902
0 0.240502 0.617647 0.005515 0.006536
0 0.255515 0.611928 0.002451 0.003268
0 0.344056 0.605801 0.003064 0.004085
0 0.338542 0.602124 0.004289 0.003268
0 0.246936 0.603350 0.003676 0.007353
0 0.261949 0.603350 0.011642 0.022059
0 0.242341 0.590686 0.000613 0.001634
0 0.246017 0.589052 0.004289 0.008170
0 0.250306 0.587010 0.003064 0.007353
0 0.238358 0.583742 0.004902 0.007353
0 0.341605 0.583742 0.007966 0.010621
0 0.331189 0.577206 0.006740 0.007353
0 0.373162 0.571487 0.025735 0.018791
0 0.391850 0.559232 0.006740 0.010621
0 0.250000 0.558824 0.008578 0.014706
0 0.237745 0.555147 0.006127 0.013889
0 0.249387 0.542484 0.001225 0.003268
0 0.378983 0.546977 0.006740 0.013889
0 0.256434 0.541667 0.006740 0.008170
0 0.250000 0.534314 0.003676 0.006536
0 0.355086 0.523693 0.005515 0.006536
0 0.335478 0.520016 0.004289 0.004085
0 0.242953 0.514297 0.004289 0.005719
0 0.338235 0.511029 0.007353 0.005719
0 0.380515 0.513480 0.024510 0.015523
0 0.348652 0.501634 0.006127 0.006536
0 0.354473 0.491830 0.000613 0.001634
0 0.373162 0.496732 0.006127 0.013072
0 0.257966 0.497141 0.009804 0.018791
0 0.315564 0.488971 0.002451 0.008987
0 0.339461 0.480392 0.004902 0.006536
0 0.269301 0.478758 0.003064 0.004902
0 0.321078 0.477941 0.007353 0.009804
0 0.282475 0.474673 0.003676 0.008170
0 0.297488 0.467320 0.001838 0.003268
0 0.301777 0.473448 0.030025 0.026961
0 0.309130 0.468954 0.003676 0.005719
0 0.343750 0.464052 0.006127 0.013072
0 0.336397 0.459967 0.002451 0.006536
0 0.382047 0.450163 0.001838 0.001634
0 0.475490 0.397059 0.003676 0.008170
0 0.470588 0.377859 0.002451 0.002451
0 0.460784 0.372141 0.001225 0.000817
0 0.428002 0.370507 0.000613 0.000817
0 0.466912 0.367647 0.001225 0.004902
0 0.447304 0.370098 0.008578 0.009804
0 0.437806 0.363154 0.001838 0.002451
0 0.481005 0.363562 0.004902 0.011438
0 0.469363 0.354984 0.002451 0.004085
0 0.434743 0.352533 0.004289 0.007353
0 0.462010 0.349673 0.002451 0.003268
0 0.455882 0.351716 0.003676 0.008987
0 0.467525 0.345997 0.002451 0.005719
0 0.435049 0.342729 0.004902 0.008987
0 0.485294 0.328840 0.002451 0.002451
0 0.477941 0.330065 0.002451 0.004902
0 0.484988 0.319444 0.012868 0.009804
0 0.469975 0.312908 0.001225 0.001634
0 0.415135 0.319853 0.006740 0.017157
0 0.471507 0.310049 0.001838 0.002451
0 0.333333 0.308415 0.002451 0.002451
0 0.403799 0.292484 0.006127 0.011438
0 0.346507 0.286356 0.000613 0.002451
0 0.312194 0.278595 0.004289 0.003268
0 0.428309 0.276144 0.004902 0.008170
0 0.400735 0.273693 0.006127 0.011438
0 0.346814 0.270425 0.004902 0.004902
0 0.456801 0.267974 0.003064 0.003268
0 0.356618 0.263072 0.001225 0.001634
0 0.359069 0.258987 0.003676 0.008170
0 0.311275 0.251225 0.002451 0.004085
0 0.363971 0.253268 0.006127 0.009804
0 0.368566 0.241013 0.001838 0.001634
0 0.364277 0.239788 0.005515 0.007353
0 0.353860 0.227941 0.003064 0.003268
0 0.309743 0.224673 0.007966 0.008170
0 0.367953 0.208333 0.001838 0.001634
0 0.361826 0.208333 0.001838 0.001634
1 0.292586 0.600082 0.005515 0.008987
1 0.282169 0.573938 0.003064 0.004085
1 0.288297 0.573938 0.006740 0.012255
1 0.272365 0.545343 0.004289 0.012255
1 0.308211 0.544118 0.004902 0.013072
1 0.458640 0.512255 0.009191 0.011438
1 0.427696 0.493873 0.007353 0.007353