0 0.217207 0.822016 0.000772 0.002058
0 0.220293 0.821502 0.002315 0.003086
0 0.207948 0.819959 0.013117 0.008230
0 0.194444 0.812757 0.001543 0.002058
0 0.225694 0.811728 0.006944 0.006173
0 0.217978 0.811214 0.005401 0.005144
0 0.235340 0.804527 0.006173 0.004115
0 0.270062 0.801955 0.001543 0.001029
0 0.253472 0.796296 0.006944 0.004115
0 0.229167 0.789095 0.001543 0.002058
0 0.275463 0.789609 0.007716 0.009259
0 0.285108 0.780350 0.002315 0.003086
0 0.275463 0.779835 0.004630 0.006173
0 0.260802 0.779321 0.003086 0.005144
0 0.283179 0.774691 0.001543 0.002058
0 0.281250 0.770062 0.000772 0.001029
0 0.377315 0.740741 0.001543 0.002058
0 0.222994 0.737654 0.004630 0.006173
0 0.362654 0.725309 0.001543 0.002058
0 0.369985 0.724794 0.002315 0.003086
0 0.211034 0.722222 0.003858 0.004115
0 0.364969 0.719650 0.001543 0.001029
0 0.361497 0.718621 0.000772 0.001029
0 0.353009 0.718621 0.003858 0.005144
0 0.363040 0.715021 0.003858 0.006173
0 0.366512 0.706276 0.001543 0.001029
0 0.342593 0.698560 0.001543 0.002058
0 0.376543 0.694959 0.003086 0.003086
0 0.372299 0.695988 0.002315 0.005144
0 0.376157 0.690844 0.003858 0.003086
0 0.378858 0.683642 0.004630 0.005144
0 0.364198 0.681584 0.001543 0.003086
0 0.369213 0.677984 0.002315 0.002058
0 0.364583 0.677469 0.002315 0.003086
0 0.384259 0.677984 0.004630 0.006173
0 0.359954 0.672325 0.006944 0.007202
0 0.393133 0.655350 0.000772 0.002058
0 0.342978 0.642490 0.002315 0.003086
0 0.395448 0.637346 0.002315 0.003086
0 0.295910 0.474280 0.003858 0.008230
0 0.305556 0.427984 0.003086 0.004115
0 0.310185 0.412551 0.004630 0.004115
0 0.511574 0.430041 0.026235 0.043210
0 0.584491 0.391975 0.003858 0.010288
0 0.492670 0.387346 0.002315 0.003086
0 0.575617 0.387860 0.007716 0.008230
0 0.390432 0.379630 0.001543 0.004115
0 0.564043 0.377058 0.004630 0.007202
0 0.480324 0.376543 0.003858 0.008230
0 0.331790 0.374486 0.001543 0.004115
0 0.500000 0.373971 0.003086 0.005144
0 0.582176 0.372428 0.006944 0.010288
0 0.330633 0.366770 0.002315 0.003086
0 0.336420 0.365226 0.001543 0.002058
0 0.293981 0.363683 0.003086 0.005144
0 0.315586 0.359568 0.001543 0.001029
0 0.320602 0.371914 0.019290 0.027778
0 0.320216 0.371399 0.002315 0.003086
0 0.375772 0.355967 0.001543 0.002058
0 0.332948 0.355967 0.000772 0.002058
0 0.396219 0.354938 0.000772 0.002058
0 0.297454 0.352366 0.000772 0.001029
0 0.587963 0.356996 0.010802 0.014403
0 0.442515 0.345679 0.005401 0.012346
0 0.323302 0.343621 0.007716 0.012346
0 0.335262 0.341564 0.011574 0.014403
0 0.600309 0.333848 0.006173 0.009259
0 0.279321 0.329733 0.001543 0.003086
0 0.327160 0.327675 0.009259 0.009259
0 0.325231 0.326646 0.001543 0.002058
0 0.310185 0.338992 0.020062 0.036008
0 0.391590 0.323560 0.003858 0.007202
0 0.400077 0.319444 0.003858 0.003086
0 0.601080 0.319444 0.003086 0.009259
0 0.608025 0.314815 0.003086 0.004115
0 0.369213 0.322016 0.016204 0.018519
0 0.383873 0.306584 0.003858 0.004115
0 0.452160 0.306584 0.004630 0.010288
0 0.378858 0.301955 0.003086 0.003086
0 0.330633 0.297325 0.003858 0.004115
0 0.317130 0.299383 0.006173 0.010288
0 0.591821 0.300926 0.012346 0.015432
0 0.290509 0.296296 0.003858 0.006173
0 0.391590 0.291152 0.000772 0.002058
0 0.374228 0.291667 0.006173 0.005144
0 0.326003 0.290638 0.002315 0.003086
0 0.574460 0.288066 0.000772 0.002058
0 0.396219 0.287551 0.008488 0.007202
0 0.294753 0.288580 0.007716 0.011317
0 0.289352 0.283436 0.001543 0.001029
0 0.583719 0.290123 0.006944 0.016461
0 0.308256 0.290123 0.006944 0.016461
0 0.344522 0.293724 0.014660 0.027778
0 0.503086 0.281379 0.007716 0.007202
0 0.562500 0.277778 0.001543 0.002058
0 0.558256 0.275206 0.002315 0.003086
0 0.390046 0.273148 0.002315 0.003086
0 0.552855 0.273148 0.003858 0.009259
0 0.565201 0.269033 0.000772 0.003086
0 0.561343 0.263889 0.000772 0.001029
0 0.371914 0.263889 0.001543 0.003086
0 0.527778 0.269033 0.015432 0.019547
0 0.567901 0.259259 0.004630 0.004115
0 0.472994 0.261317 0.003086 0.008230
0 0.542824 0.257202 0.002315 0.006173
0 0.553627 0.259774 0.011574 0.017490
0 0.567130 0.251029 0.001543 0.002058
0 0.562500 0.252058 0.006173 0.010288
0 0.562886 0.253601 0.001543 0.002058
0 0.496914 0.248971 0.004630 0.008230
0 0.570602 0.246399 0.002315 0.005144
0 0.389275 0.244342 0.000772 0.001029
0 0.564429 0.244342 0.003858 0.003086
0 0.558256 0.243827 0.003858 0.004115
0 0.362269 0.249486 0.003858 0.015432
0 0.573688 0.240741 0.000772 0.002058
0 0.381944 0.239198 0.001543 0.003086
0 0.389660 0.236111 0.003086 0.005144
0 0.574846 0.234568 0.001543 0.004115
0 0.467593 0.238683 0.007716 0.012346
0 0.468750 0.238683 0.001543 0.003086
0 0.591821 0.233539 0.003086 0.004115
0 0.509259 0.236111 0.007716 0.011317
0 0.480324 0.237654 0.003858 0.014403
0 0.488812 0.237654 0.005401 0.016461
0 0.569059 0.234053 0.010031 0.011317
0 0.484568 0.231996 0.001543 0.007202
0 0.402392 0.227881 0.002315 0.005144
0 0.590664 0.225309 0.002315 0.004115
0 0.499228 0.223765 0.004630 0.005144
0 0.352623 0.213477 0.001543 0.001029
0 0.616898 0.212449 0.003858 0.005144
0 0.432099 0.214506 0.004630 0.009259
0 0.615741 0.209362 0.001543 0.001029
0 0.618441 0.208333 0.000772 0.001029
0 0.341435 0.210905 0.003858 0.008230
0 0.332948 0.205247 0.003858 0.005144
0 0.307485 0.202675 0.008488 0.008230
0 0.405478 0.199074 0.002315 0.003086
0 0.331790 0.198560 0.001543 0.002058
0 0.393519 0.198045 0.001543 0.003086
0 0.599923 0.196502 0.005401 0.004115
0 0.317130 0.195473 0.009259 0.008230
0 0.619213 0.193416 0.006944 0.006173
0 0.300540 0.194959 0.006944 0.009259
0 0.344522 0.186214 0.000772 0.002058
0 0.305556 0.186728 0.001543 0.003086
0 0.310571 0.186728 0.002315 0.005144
0 0.357639 0.212449 0.047068 0.060700
0 0.364583 0.227881 0.003086 0.006173
0 0.404707 0.172840 0.002315 0.002058
0 0.354938 0.176440 0.012346 0.009259
0 0.397762 0.173354 0.002315 0.005144
0 0.330633 0.171811 0.003858 0.004115
0 0.325617 0.172325 0.003086 0.005144
0 0.321373 0.172325 0.002315 0.005144
0 0.412037 0.167695 0.003086 0.004115
0 0.351080 0.163066 0.001543 0.001029
0 0.335648 0.182099 0.023148 0.039095
0 0.305556 0.165123 0.004630 0.005144
0 0.319444 0.159979 0.001543 0.003086
0 0.321373 0.152778 0.000772 0.001029
0 0.545139 0.157407 0.005401 0.016461
0 0.315201 0.149691 0.003858 0.005144
0 0.320602 0.147634 0.003858 0.005144
0 0.332948 0.149177 0.020833 0.018519
0 0.333333 0.149177 0.002315 0.003086
0 0.306713 0.137346 0.006944 0.005144
0 0.329475 0.131173 0.007716 0.011317
0 0.371914 0.121914 0.004630 0.005144
0 0.305556 0.123971 0.006173 0.009259
0 0.374228 0.115741 0.001543 0.003086
0 0.375000 0.110597 0.001543 0.001029
0 0.371914 0.110597 0.001543 0.003086
0 0.377315 0.106481 0.001543 0.001029
0 0.358796 0.110597 0.009259 0.015432
0 0.413194 0.093621 0.002315 0.002058
0 0.326389 0.094136 0.001543 0.003086
0 0.381944 0.093621 0.003086 0.004115
0 0.371914 0.095165 0.004630 0.007202
0 0.404321 0.090021 0.003086 0.005144
0 0.368056 0.086934 0.001543 0.003086
0 0.432099 0.084362 0.001543 0.002058
0 0.371528 0.082819 0.002315 0.003086
0 0.361497 0.085391 0.006944 0.008230
0 0.379244 0.083333 0.006944 0.008230
0 0.324846 0.078704 0.001543 0.003086
0 0.391975 0.078189 0.003086 0.006173
0 0.371914 0.076132 0.001543 0.002058
0 0.387731 0.075617 0.002315 0.003086
0 0.379630 0.075103 0.001543 0.002058
0 0.375772 0.075617 0.003086 0.007202
0 0.624614 0.072531 0.006944 0.007202
0 0.448688 0.068930 0.002315 0.002058
0 0.340664 0.075103 0.003858 0.014403
0 0.332562 0.077675 0.012346 0.019547
0 0.375772 0.066358 0.001543 0.003086
0 0.369599 0.066358 0.004630 0.005144
0 0.631944 0.067387 0.007716 0.009259
0 0.366127 0.062757 0.000772 0.002058
0 0.604938 0.066872 0.013889 0.012346
0 0.594522 0.062243 0.005401 0.003086
0 0.384259 0.063786 0.003086 0.006173
0 0.356867 0.076132 0.022377 0.030864
0 0.353009 0.072016 0.003086 0.005144
0 0.624228 0.060185 0.004630 0.003086
0 0.602238 0.059156 0.005401 0.005144
0 0.314429 0.056584 0.002315 0.002058
0 0.305170 0.059156 0.008488 0.009259
0 0.355710 0.056070 0.007716 0.007202
0 0.368827 0.048868 0.001543 0.001029
0 0.576775 0.050926 0.006944 0.007202
0 0.386188 0.049897 0.005401 0.005144
0 0.616898 0.049383 0.006944 0.006173
0 0.591435 0.049383 0.006944 0.006173
0 0.300540 0.044753 0.000772 0.001029
0 0.610340 0.047325 0.004630 0.010288
0 0.352238 0.045782 0.008488 0.007202
0 0.391204 0.041667 0.001543 0.001029
0 0.637731 0.040638 0.000772 0.001029
0 0.587963 0.043210 0.004630 0.006173
0 0.420139 0.061214 0.047068 0.042181
0 0.427855 0.058128 0.010802 0.006173
0 0.409336 0.051955 0.003086 0.004115
0 0.423611 0.046811 0.006944 0.008230
0 0.578704 0.039609 0.003086 0.005144
0 0.395448 0.047840 0.008488 0.021605
0 0.367670 0.038580 0.002315 0.007202
0 0.337577 0.050926 0.014660 0.031893
0 0.588735 0.034465 0.003086 0.005144
0 0.598380 0.038580 0.011574 0.015432
0 0.425154 0.033436 0.004630 0.005144
0 0.375000 0.038580 0.006173 0.015432
0 0.436343 0.032922 0.006944 0.006173
0 0.590278 0.026749 0.001543 0.002058
0 0.408565 0.033951 0.013117 0.016461
0 0.586034 0.025720 0.002315 0.004115
0 0.394676 0.029321 0.010031 0.013374
0 0.379244 0.026235 0.005401 0.011317
0 0.403549 0.018004 0.006173 0.009259
0 0.416281 0.018004 0.013117 0.013374
1 0.405093 0.949074 0.026235 0.019547
1 0.410494 0.954733 0.002315 0.003086
1 0.403164 0.951646 0.004630 0.003086
1 0.630015 0.858025 0.005401 0.004115
1 0.621914 0.855453 0.006173 0.007202
1 0.623071 0.855453 0.001543 0.004115
1 0.589120 0.844650 0.013117 0.012346
1 0.618441 0.824588 0.010031 0.005144
1 0.512731 0.793210 0.006944 0.010288
1 0.785108 0.776749 0.033179 0.032922
1 0.788580 0.784979 0.002315 0.003086
1 0.785494 0.781893 0.002315 0.003086
1 0.676698 0.764918 0.020062 0.015432
1 0.610725 0.760288 0.016204 0.008230
1 0.353781 0.764403 0.014660 0.018519
1 0.540509 0.750514 0.022377 0.009259
1 0.435571 0.740226 0.011574 0.009259
1 0.582176 0.736111 0.034722 0.017490
1 0.516590 0.726337 0.023920 0.018519
1 0.567515 0.717593 0.016204 0.015432
1 0.586034 0.712963 0.011574 0.010288
1 0.600694 0.702675 0.006944 0.006173
1 0.842978 0.704218 0.006944 0.015432
1 0.736497 0.722737 0.031636 0.052469
1 0.657793 0.701132 0.008488 0.011317
1 0.579861 0.672325 0.013117 0.011317
1 0.544753 0.670782 0.015432 0.010288
1 0.527778 0.656893 0.015432 0.007202
1 0.210648 0.623457 0.030864 0.022634
1 0.666281 0.601337 0.027006 0.031893
1 0.418210 0.586934 0.006173 0.007202
1 0.587577 0.584362 0.006944 0.006173
1 0.415509 0.579218 0.006944 0.010288
1 0.477623 0.566872 0.009259 0.006173
1 0.623457 0.564300 0.006173 0.007202
1 0.205247 0.555041 0.044753 0.046296
1 0.203318 0.530350 0.000772 0.001029
1 0.153164 0.520576 0.003858 0.004115
1 0.157407 0.511317 0.004630 0.004115
1 0.135802 0.486111 0.003086 0.003086
1 0.146605 0.502572 0.021605 0.038066
1 0.145448 0.511317 0.004630 0.005144
1 0.150077 0.500000 0.001543 0.003086
1 0.145448 0.498457 0.001543 0.002058
1 0.146991 0.494342 0.003086 0.004115
1 0.150849 0.483539 0.002315 0.004115
1 0.143519 0.478909 0.007716 0.005144
1 0.168596 0.477881 0.002315 0.005144
1 0.451389 0.476852 0.012346 0.013374
1 0.449074 0.476337 0.002315 0.003086
1 0.653164 0.475309 0.020833 0.012346
1 0.520833 0.475823 0.010802 0.019547
1 0.137346 0.457819 0.001543 0.002058
1 0.351080 0.467593 0.026235 0.036008
1 0.361111 0.473251 0.002315 0.003086
1 0.604167 0.460391 0.010802 0.027778
1 0.603009 0.468107 0.001543 0.003086
1 0.602623 0.456790 0.002315 0.003086
1 0.148148 0.457819 0.015432 0.034979
1 0.150849 0.460391 0.001543 0.002058
1 0.146219 0.455247 0.004630 0.004115
1 0.150463 0.450617 0.002315 0.005144
1 0.138117 0.446502 0.007716 0.012346
1 0.144676 0.440844 0.003858 0.003086
1 0.143904 0.434156 0.011574 0.008230
1 0.160108 0.430556 0.002315 0.005144
1 0.151235 0.426440 0.009259 0.007202
1 0.145448 0.423868 0.002315 0.002058
1 0.224151 0.428498 0.008488 0.013374
1 0.630015 0.419753 0.008488 0.006173
1 0.146219 0.418210 0.002315 0.003086
1 0.152006 0.416152 0.003086 0.003086
1 0.161265 0.414095 0.004630 0.009259
1 0.570602 0.406893 0.023920 0.013374
1 0.519676 0.375514 0.006944 0.014403
1 0.619213 0.369342 0.013117 0.008230
1 0.236111 0.375000 0.012346 0.021605
1 0.213735 0.363169 0.009259 0.010288
1 0.545525 0.331790 0.012346 0.009259
1 0.682099 0.315329 0.003086 0.005144
1 0.674383 0.303498 0.006173 0.004115
1 0.573302 0.306070 0.013889 0.009259
1 0.548997 0.306584 0.013117 0.010288
1 0.677855 0.294753 0.006944 0.011317
1 0.413194 0.295267 0.022377 0.022634
1 0.241127 0.278292 0.014660 0.019547
1 0.404707 0.269033 0.008488 0.013374
1 0.204475 0.242284 0.018519 0.015432
1 0.223380 0.228395 0.017747 0.012346
1 0.544367 0.229938 0.030093 0.023663
1 0.638889 0.208848 0.020062 0.026749
1 0.489198 0.178498 0.027778 0.048354
1 0.407022 0.155350 0.006944 0.006173
1 0.418596 0.145576 0.003858 0.005144
1 0.431713 0.145062 0.011574 0.008230
1 0.556327 0.140432 0.016975 0.021605
1 0.478395 0.131173 0.021605 0.033951
1 0.558256 0.111626 0.011574 0.013374
1 0.558642 0.113169 0.002315 0.003086
1 0.532793 0.098251 0.025463 0.040123
1 0.532407 0.062243 0.006173 0.005144
1 0.557485 0.029321 0.019290 0.027778
3 0.303241 0.867798 0.004630 0.007202
3 0.303241 0.838477 0.003086 0.004115
3 0.511960 0.793724 0.006944 0.007202
3 0.317130 0.747942 0.004630 0.008230
3 0.604938 0.719136 0.006173 0.008230
3 0.362269 0.652263 0.003858 0.004115
3 0.339120 0.526749 0.003858 0.004115
3 0.219522 0.466564 0.005401 0.007202
3 0.651235 0.455247 0.004630 0.007202
3 0.244599 0.453704 0.004630 0.006173
3 0.256173 0.398663 0.004630 0.009259
3 0.633873 0.388374 0.006944 0.007202
3 0.562114 0.298354 0.003858 0.008230
3 0.436343 0.204733 0.005401 0.006173
3 0.601466 0.164609 0.005401 0.006173
3 0.580247 0.147119 0.001543 0.002058
3 0.574846 0.147634 0.003086 0.005144
3 0.609568 0.138374 0.007716 0.007202