0 0.782246 0.646165 0.015217 0.011577
0 0.928261 0.516281 0.005797 0.007959
0 0.880435 0.480101 0.007246 0.010854
0 0.856522 0.475760 0.007246 0.007959
0 0.846014 0.470333 0.003623 0.004342
0 0.867391 0.473227 0.008696 0.013025
0 0.853623 0.454776 0.002899 0.005065
0 0.825000 0.453329 0.015217 0.012301
0 0.844565 0.443560 0.022464 0.017366
0 0.840942 0.441027 0.002174 0.002171
1 0.275362 0.743126 0.008696 0.010130
1 0.737319 0.475036 0.022464 0.018090
1 0.083333 0.438495 0.014493 0.017366
1 0.097464 0.410999 0.007971 0.013025
1 0.309420 0.388929 0.026087 0.015195
1 0.124638 0.331042 0.010145 0.016643
2 0.568116 0.800651 0.011594 0.019537
2 0.850000 0.797033 0.033333 0.031114
2 0.858696 0.799566 0.004348 0.004342
2 0.783696 0.779305 0.029710 0.023155
2 0.778986 0.643632 0.015942 0.016643
2 0.923551 0.445731 0.039855 0.041968
2 0.712681 0.318017 0.041304 0.048480
2 0.724275 0.332851 0.003623 0.004342
2 0.694565 0.318379 0.002174 0.002894
2 0.700000 0.310420 0.005797 0.004342
2 0.788768 0.312229 0.054348 0.038350
2 0.786232 0.319103 0.002899 0.002894
2 0.626812 0.245658 0.034783 0.057164
2 0.551449 0.150507 0.024638 0.023155
2 0.551812 0.145803 0.003623 0.003618
2 0.549275 0.145080 0.002899 0.002171
2 0.285870 0.145803 0.021014 0.015195