0 0.851994 0.743020 0.011759 0.013444
0 0.900051 0.733713 0.013804 0.009307
0 0.836145 0.731386 0.006646 0.006722
0 0.883947 0.727766 0.007157 0.006722
0 0.631646 0.723888 0.001534 0.001034
0 0.606084 0.726991 0.004601 0.009307
0 0.840746 0.717684 0.004601 0.004137
0 0.907464 0.713547 0.006135 0.008273
0 0.626534 0.709928 0.004601 0.008273
0 0.627301 0.704240 0.001022 0.001034
0 0.583845 0.702430 0.003067 0.004654
0 0.894939 0.698035 0.005624 0.007239
0 0.612219 0.695708 0.005624 0.008790
0 0.641104 0.694933 0.008180 0.012410
0 0.587935 0.692089 0.005112 0.006722
0 0.810583 0.677353 0.001534 0.002068
0 0.629601 0.678387 0.005624 0.007239
0 0.606595 0.680196 0.005624 0.010858
0 0.593303 0.672699 0.005624 0.009307
0 0.827454 0.678387 0.024029 0.025853
0 0.749233 0.667528 0.005624 0.010341
0 0.733384 0.667528 0.003579 0.010341
0 0.631135 0.664168 0.006646 0.003619
0 0.861708 0.666494 0.007669 0.012410
0 0.774796 0.655895 0.002556 0.001551
0 0.702710 0.654860 0.004601 0.005688
0 0.711912 0.650207 0.004601 0.005688
0 0.713190 0.642709 0.013292 0.007239
0 0.734918 0.629524 0.006646 0.012927
0 0.716002 0.624354 0.014826 0.011892
0 0.695552 0.623061 0.012781 0.013444
0 0.853528 0.619183 0.006646 0.007756
0 0.753579 0.622027 0.008180 0.013444
0 0.843814 0.608842 0.005624 0.003619
0 0.809816 0.606515 0.009202 0.010341
0 0.807515 0.595398 0.004601 0.002585
0 0.834356 0.580662 0.012270 0.013444
0 0.780419 0.574716 0.002556 0.002585
0 0.751022 0.578594 0.011247 0.010341
0 0.787321 0.573681 0.007157 0.006722
0 0.763548 0.556360 0.004601 0.007239
0 0.774796 0.539555 0.004601 0.003619
0 0.880879 0.506722 0.020450 0.018614
0 0.934560 0.493020 0.008180 0.006722
0 0.946830 0.482420 0.009202 0.009307
0 0.881646 0.483195 0.017894 0.012927
0 0.857873 0.478542 0.004090 0.003619
0 0.854039 0.470010 0.021984 0.007239
0 0.936094 0.453206 0.010225 0.003619
0 0.896472 0.447001 0.011759 0.006722
0 0.930726 0.442089 0.006646 0.007239
0 0.886503 0.432782 0.002045 0.011375
0 0.951687 0.426836 0.005624 0.003619
0 0.937117 0.426836 0.003067 0.005688
0 0.887781 0.419080 0.005624 0.004654
0 0.940440 0.418046 0.007669 0.006722
0 0.804959 0.346174 0.010736 0.012927
0 0.769683 0.320579 0.003579 0.008273
1 0.768916 0.833247 0.027607 0.026370
1 0.788344 0.737590 0.007157 0.007756
1 0.561861 0.710445 0.009202 0.009307
1 0.686861 0.701138 0.013804 0.019648
1 0.800102 0.654343 0.010225 0.018097
1 0.782209 0.615047 0.030675 0.025336
1 0.898262 0.560496 0.014315 0.010341
1 0.864008 0.475181 0.017382 0.023785
1 0.867843 0.449069 0.025051 0.034643