0 0.269531 0.687934 0.016927 0.025174
0 0.258464 0.668403 0.001302 0.003472
0 0.277995 0.662326 0.002604 0.003472
0 0.413086 0.625868 0.008464 0.012153
0 0.339518 0.606771 0.003255 0.003472
0 0.395508 0.607205 0.005859 0.009549
0 0.578776 0.601563 0.002604 0.003472
0 0.571940 0.599392 0.003255 0.004340
0 0.576497 0.598090 0.001953 0.003472
0 0.202474 0.596354 0.001302 0.001736
0 0.273763 0.595486 0.001953 0.003472
0 0.263346 0.595052 0.003255 0.004340
0 0.279948 0.592882 0.001302 0.001736
0 0.382161 0.596354 0.009115 0.012153
0 0.276693 0.591580 0.002604 0.002604
0 0.638672 0.592448 0.007813 0.009549
0 0.216471 0.594618 0.021484 0.015625
0 0.279948 0.588108 0.009115 0.009549
0 0.215495 0.580729 0.001302 0.001736
0 0.376953 0.581163 0.006510 0.009549
0 0.411458 0.572483 0.005208 0.004340
0 0.545573 0.570313 0.001302 0.001736
0 0.384766 0.563368 0.009115 0.015625
0 0.310221 0.557292 0.004557 0.006944
0 0.469727 0.556858 0.007161 0.007813
0 0.550456 0.553385 0.001953 0.002604
0 0.314453 0.553819 0.002604 0.003472
0 0.582682 0.559028 0.014323 0.015625
0 0.406576 0.559028 0.013672 0.022569
0 0.457357 0.547309 0.001953 0.002604
0 0.460938 0.548177 0.003906 0.006076
0 0.449544 0.551215 0.009766 0.012153
0 0.316732 0.545139 0.001953 0.005208
0 0.614258 0.543403 0.001953 0.003472
0 0.622396 0.540799 0.002604 0.003472
0 0.422526 0.542101 0.005208 0.006076
0 0.659180 0.542101 0.004557 0.007813
0 0.216797 0.537760 0.001302 0.002604
0 0.206055 0.540365 0.005859 0.007813
0 0.583659 0.527778 0.001953 0.001736
0 0.453125 0.523003 0.002604 0.004340
0 0.432617 0.524740 0.008464 0.007813
0 0.361328 0.546441 0.083333 0.052951
0 0.367513 0.551215 0.011068 0.017361
0 0.450195 0.518229 0.001953 0.001736
0 0.407878 0.522135 0.007161 0.009549
0 0.456380 0.517795 0.001302 0.002604
0 0.109701 0.518663 0.003255 0.004340
0 0.478841 0.516059 0.001953 0.002604
0 0.474609 0.519965 0.007813 0.013889
0 0.468099 0.512153 0.001302 0.001736
0 0.332682 0.514323 0.005208 0.009549
0 0.418945 0.516927 0.012370 0.018229
0 0.146484 0.502170 0.001302 0.004340
0 0.250326 0.506944 0.017578 0.019097
0 0.138346 0.498698 0.001953 0.002604
0 0.439779 0.497830 0.008464 0.013021
0 0.416016 0.495660 0.005208 0.008681
0 0.502604 0.518229 0.041667 0.055556
0 0.161784 0.491319 0.001953 0.001736
0 0.105794 0.509549 0.029297 0.038194
0 0.390625 0.490017 0.003906 0.004340
0 0.175130 0.486111 0.001302 0.001736
0 0.400391 0.483507 0.001302 0.001736
0 0.417643 0.483073 0.004557 0.007813
0 0.143880 0.486545 0.015625 0.014757
0 0.151367 0.477431 0.003255 0.003472
0 0.183268 0.474826 0.007161 0.006944
0 0.154622 0.469618 0.001953 0.003472
0 0.355469 0.468750 0.006510 0.006944
0 0.396159 0.467448 0.004557 0.007813
0 0.368490 0.467882 0.009115 0.010417
0 0.579427 0.465278 0.002604 0.006944
0 0.413411 0.461806 0.009115 0.008681
0 0.287435 0.455729 0.009766 0.005208
0 0.481771 0.451389 0.016927 0.010417
0 0.391927 0.448351 0.003906 0.004340
0 0.401693 0.453993 0.005208 0.019097
0 0.463867 0.446615 0.009766 0.007813
0 0.674479 0.442274 0.002604 0.002604
0 0.482422 0.442274 0.001302 0.002604
0 0.668945 0.441840 0.004557 0.003472
0 0.169596 0.461806 0.029297 0.046875
0 0.162760 0.464410 0.005208 0.005208
0 0.174479 0.461372 0.003906 0.004340
0 0.682617 0.447917 0.009766 0.020833
0 0.164714 0.438802 0.006510 0.004340
0 0.395833 0.434028 0.002604 0.005208
0 0.658203 0.432292 0.002604 0.003472
0 0.495768 0.442708 0.008464 0.027778
0 0.556641 0.434028 0.010417 0.013889
0 0.258789 0.429253 0.005859 0.011285
0 0.412109 0.434028 0.016927 0.032986
0 0.408854 0.416233 0.003906 0.007813
0 0.548828 0.414497 0.003906 0.006076
0 0.655599 0.396267 0.011719 0.014757
0 0.336263 0.465278 0.111328 0.177083
0 0.294596 0.546875 0.008464 0.010417
0 0.288411 0.542969 0.002604 0.002604
0 0.283854 0.504774 0.003906 0.004340
0 0.289388 0.498698 0.007161 0.007813
0 0.320638 0.491753 0.001953 0.002604
0 0.318685 0.468750 0.003255 0.003472
0 0.315430 0.468750 0.009766 0.020833
0 0.297852 0.441406 0.003255 0.004340
0 0.299805 0.438368 0.003255 0.005208
0 0.335938 0.434462 0.007813 0.007813
0 0.329753 0.405816 0.001953 0.002604
0 0.333333 0.401042 0.007813 0.010417
0 0.422201 0.394097 0.026693 0.036458
0 0.430013 0.377604 0.004557 0.006944
0 0.301107 0.370660 0.008464 0.006944
0 0.195638 0.368924 0.001953 0.003472
0 0.351237 0.370226 0.009766 0.013021
0 0.259115 0.415365 0.078125 0.106771
0 0.253581 0.421441 0.001953 0.002604
0 0.231120 0.402778 0.002604 0.003472
0 0.233073 0.398872 0.002604 0.002604
0 0.292969 0.393229 0.002604 0.005208
0 0.277669 0.370226 0.001953 0.002604
0 0.400065 0.362413 0.007161 0.004340
0 0.173828 0.359375 0.002604 0.001736
0 0.350260 0.358941 0.007813 0.007813
0 0.446940 0.357205 0.005859 0.006076
0 0.199219 0.353733 0.003906 0.002604
0 0.436198 0.356771 0.011719 0.015625
0 0.365234 0.355469 0.014323 0.016493
0 0.193034 0.348090 0.001953 0.001736
0 0.178060 0.350694 0.005859 0.012153
0 0.418294 0.349392 0.004557 0.014757
0 0.182943 0.342448 0.002604 0.006076
0 0.423177 0.335938 0.005208 0.006944
0 0.489258 0.331163 0.009766 0.009549
0 0.208008 0.332899 0.009766 0.013021
0 0.215495 0.321615 0.003906 0.009549
0 0.491536 0.320313 0.005208 0.010417
0 0.348958 0.317274 0.003906 0.004340
0 0.373698 0.320313 0.007813 0.012153
0 0.158203 0.314236 0.003906 0.003472
0 0.399740 0.334201 0.040365 0.046875
0 0.400391 0.344184 0.002604 0.002604
0 0.483398 0.311198 0.001953 0.002604
0 0.495768 0.295573 0.005859 0.009549
0 0.124023 0.285156 0.001953 0.002604
0 0.120768 0.281250 0.004557 0.005208
0 0.147135 0.273003 0.007813 0.007813
0 0.133464 0.278212 0.015625 0.018229
0 0.152669 0.264757 0.001953 0.003472
0 0.448568 0.266493 0.007813 0.010417
0 0.465169 0.255208 0.007161 0.005208
0 0.530273 0.237847 0.009766 0.010417
0 0.408854 0.234375 0.001302 0.003472
0 0.533854 0.227431 0.001302 0.001736
0 0.459635 0.224826 0.002604 0.003472
0 0.521810 0.226997 0.011068 0.013021
0 0.432292 0.221788 0.001302 0.002604
0 0.350586 0.212240 0.001953 0.002604
0 0.373047 0.209635 0.001302 0.002604
0 0.413411 0.231337 0.042969 0.052951
0 0.405924 0.226997 0.001953 0.002604
0 0.375326 0.206163 0.001953 0.002604
0 0.409831 0.206163 0.005859 0.004340
0 0.355143 0.210938 0.008464 0.013889
0 0.370443 0.203993 0.003906 0.008681
0 0.382487 0.200087 0.003255 0.004340
0 0.363281 0.201823 0.005208 0.011285
0 0.402995 0.195313 0.001302 0.001736
0 0.368164 0.193576 0.005859 0.010417
0 0.447917 0.136285 0.011719 0.013889
0 0.305339 0.057292 0.006510 0.008681
0 0.467122 0.058160 0.012370 0.013889
1 0.418620 0.893229 0.190104 0.114583
1 0.292318 0.811632 0.054688 0.072917
1 0.860026 0.768229 0.022135 0.031250
1 0.863607 0.772569 0.001953 0.003472
1 0.590169 0.388021 0.038411 0.015625
1 0.592448 0.312500 0.009115 0.012153
1 0.647461 0.325521 0.035807 0.043403
1 0.648763 0.338108 0.001953 0.002604
1 0.555013 0.305990 0.041016 0.028646
1 0.829427 0.207031 0.002604 0.002604
1 0.838867 0.197917 0.016276 0.015625
1 0.615234 0.138455 0.042969 0.037326