0 0.334105 0.938786 0.004630 0.007202
0 0.536651 0.802469 0.002315 0.004115
0 0.496914 0.799897 0.001543 0.001029
0 0.548225 0.798868 0.002315 0.003086
0 0.539352 0.798354 0.001543 0.002058
0 0.543210 0.796811 0.003086 0.003086
0 0.552469 0.793724 0.001543 0.001029
0 0.493056 0.795267 0.006173 0.004115
0 0.547068 0.790638 0.001543 0.001029
0 0.530478 0.798354 0.014660 0.016461
0 0.530478 0.800412 0.001543 0.003086
0 0.494213 0.790123 0.000772 0.002058
0 0.580633 0.789609 0.002315 0.003086
0 0.571373 0.788580 0.000772 0.001029
0 0.534336 0.788580 0.000772 0.001029
0 0.537423 0.787037 0.000772 0.002058
0 0.483025 0.787551 0.001543 0.003086
0 0.570602 0.790638 0.016204 0.013374
0 0.544367 0.784465 0.000772 0.001029
0 0.578704 0.781893 0.003086 0.002058
0 0.578318 0.776749 0.002315 0.002058
0 0.565972 0.781379 0.006944 0.013374
0 0.554784 0.781893 0.015432 0.016461
0 0.555941 0.783951 0.001543 0.003086
0 0.562886 0.772119 0.000772 0.001029
0 0.559028 0.770576 0.002315 0.004115
0 0.478009 0.768519 0.000772 0.002058
0 0.482639 0.766461 0.000772 0.002058
0 0.571373 0.765947 0.002315 0.003086
0 0.562886 0.765947 0.002315 0.003086
0 0.485725 0.772634 0.016204 0.020576
0 0.485340 0.776749 0.002315 0.003086
0 0.471451 0.763374 0.001543 0.002058
0 0.507716 0.768519 0.012346 0.014403
0 0.537809 0.759774 0.006173 0.009259
0 0.503472 0.757716 0.002315 0.005144
0 0.476080 0.754115 0.012346 0.016461
0 0.503858 0.746914 0.009259 0.010288
0 0.493056 0.736626 0.003086 0.004115
0 0.464120 0.736111 0.005401 0.005144
0 0.477238 0.737140 0.006944 0.011317
0 0.504630 0.731996 0.001543 0.003086
0 0.455247 0.730967 0.001543 0.003086
0 0.341435 0.731481 0.003858 0.006173
0 0.499228 0.730453 0.004630 0.008230
0 0.485340 0.727881 0.001543 0.003086
0 0.495370 0.725309 0.001543 0.002058
0 0.386188 0.716049 0.005401 0.006173
0 0.472222 0.715021 0.004630 0.006173
0 0.460648 0.714506 0.003086 0.005144
0 0.427083 0.714506 0.005401 0.007202
0 0.360340 0.724280 0.035494 0.026749
0 0.407407 0.710391 0.003086 0.003086
0 0.402392 0.709362 0.000772 0.001029
0 0.396219 0.713992 0.008488 0.010288
0 0.368056 0.707819 0.012346 0.018519
0 0.336034 0.698560 0.002315 0.004115
0 0.354938 0.699588 0.010802 0.014403
0 0.430941 0.688786 0.005401 0.007202
0 0.370756 0.688786 0.008488 0.007202
0 0.381559 0.670267 0.002315 0.003086
0 0.381944 0.658436 0.010802 0.018519
0 0.198688 0.644547 0.000772 0.001029
0 0.157793 0.641461 0.002315 0.003086
0 0.134645 0.638374 0.000772 0.001029
0 0.460262 0.635288 0.002315 0.005144
0 0.143519 0.637346 0.006173 0.011317
0 0.131559 0.632716 0.003858 0.006173
0 0.195988 0.622942 0.001543 0.001029
0 0.371142 0.617798 0.004630 0.005144
0 0.435957 0.609053 0.001543 0.002058
0 0.446759 0.608025 0.009259 0.008230
0 0.453318 0.603395 0.002315 0.003086
0 0.195216 0.601852 0.001543 0.002058
0 0.332176 0.600823 0.002315 0.002058
0 0.329861 0.599280 0.000772 0.001029
0 0.135031 0.599280 0.001543 0.001029
0 0.358796 0.597222 0.001543 0.001029
0 0.511960 0.595165 0.000772 0.001029
0 0.327932 0.595165 0.001543 0.001029
0 0.146605 0.595165 0.003086 0.003086
0 0.328318 0.593107 0.000772 0.001029
0 0.182099 0.592078 0.001543 0.001029
0 0.347608 0.591564 0.002315 0.002058
0 0.325231 0.592078 0.002315 0.003086
0 0.356481 0.590021 0.003086 0.003086
0 0.408951 0.629630 0.047840 0.084362
0 0.405093 0.658951 0.002315 0.002058
0 0.366898 0.593621 0.006944 0.012346
0 0.186728 0.588477 0.001543 0.002058
0 0.466049 0.604938 0.015432 0.037037
0 0.638117 0.585391 0.001543 0.002058
0 0.346836 0.584877 0.002315 0.003086
0 0.366898 0.584362 0.003858 0.006173
0 0.138117 0.580761 0.001543 0.001029
0 0.642747 0.581790 0.003086 0.005144
0 0.412423 0.576132 0.002315 0.002058
0 0.648920 0.575103 0.001543 0.002058
0 0.357639 0.575617 0.002315 0.003086
0 0.336806 0.572531 0.000772 0.001029
0 0.338349 0.569959 0.002315 0.002058
0 0.585648 0.566872 0.001543 0.002058
0 0.354167 0.568416 0.004630 0.005144
0 0.604552 0.565844 0.000772 0.002058
0 0.652778 0.566872 0.006173 0.008230
0 0.332562 0.577675 0.020062 0.029835
0 0.330247 0.580247 0.003858 0.005144
0 0.337191 0.563272 0.003086 0.003086
0 0.464506 0.562757 0.003086 0.004115
0 0.459491 0.565329 0.008488 0.009259
0 0.490741 0.564300 0.004630 0.009259
0 0.479938 0.565329 0.016975 0.011317
0 0.642361 0.569444 0.019290 0.025720
0 0.508102 0.556584 0.000772 0.002058
0 0.483410 0.552984 0.003858 0.005144
0 0.665123 0.550926 0.006173 0.005144
0 0.564043 0.553498 0.010802 0.012346
0 0.690201 0.548868 0.003858 0.009259
0 0.392361 0.545782 0.002315 0.003086
0 0.550154 0.555041 0.020062 0.023663
0 0.386960 0.547325 0.003858 0.008230
0 0.675540 0.543210 0.000772 0.002058
0 0.685185 0.539609 0.001543 0.001029
0 0.345293 0.542181 0.003858 0.006173
0 0.626543 0.540638 0.007716 0.005144
0 0.620370 0.539095 0.001543 0.002058
0 0.386574 0.539609 0.001543 0.003086
0 0.524691 0.538066 0.001543 0.002058
0 0.459491 0.534465 0.000772 0.003086
0 0.545525 0.531379 0.003086 0.003086
0 0.711420 0.529835 0.001543 0.004115
0 0.554012 0.531379 0.009259 0.009259
0 0.690972 0.530350 0.010031 0.009259
0 0.564429 0.530350 0.005401 0.009259
0 0.334877 0.527263 0.001543 0.003086
0 0.691744 0.525206 0.000772 0.001029
0 0.619985 0.527263 0.005401 0.005144
0 0.466435 0.527778 0.006944 0.006173
0 0.173225 0.525720 0.000772 0.002058
0 0.640046 0.524691 0.000772 0.002058
0 0.401620 0.529321 0.006944 0.011317
0 0.704090 0.526235 0.010031 0.007202
0 0.675926 0.522634 0.001543 0.002058
0 0.592207 0.531379 0.045525 0.019547
0 0.574460 0.533436 0.001543 0.002058
0 0.600309 0.527263 0.002315 0.002058
0 0.620370 0.521605 0.001543 0.002058
0 0.641204 0.520576 0.001543 0.002058
0 0.162423 0.521091 0.002315 0.003086
0 0.542824 0.520062 0.000772 0.003086
0 0.634645 0.519033 0.006944 0.005144
0 0.390818 0.520576 0.011574 0.012346
0 0.353395 0.514403 0.001543 0.002058
0 0.174383 0.514918 0.004630 0.007202
0 0.200617 0.510288 0.001543 0.002058
0 0.493056 0.517490 0.007716 0.018519
0 0.188272 0.505658 0.001543 0.001029
0 0.673611 0.506173 0.004630 0.006173
0 0.345679 0.508230 0.009259 0.010288
0 0.677469 0.503601 0.001543 0.003086
0 0.640046 0.501029 0.002315 0.002058
0 0.576003 0.501543 0.003858 0.005144
0 0.385031 0.498971 0.001543 0.002058
0 0.637346 0.497942 0.003086 0.004115
0 0.633873 0.508230 0.022377 0.028807
0 0.631559 0.510802 0.004630 0.004115
0 0.628472 0.507716 0.001543 0.002058
0 0.356867 0.502572 0.014660 0.017490
0 0.717593 0.493827 0.001543 0.002058
0 0.688657 0.493313 0.000772 0.001029
0 0.170525 0.501543 0.012346 0.019547
0 0.704475 0.490226 0.001543 0.003086
0 0.708333 0.489198 0.003086 0.003086
0 0.548225 0.487654 0.000772 0.002058
0 0.185571 0.489712 0.003858 0.008230
0 0.162037 0.488169 0.006173 0.007202
0 0.575617 0.484568 0.001543 0.002058
0 0.312886 0.480967 0.000772 0.001029
0 0.564815 0.474794 0.001543 0.001029
0 0.561343 0.474794 0.002315 0.003086
0 0.387346 0.471708 0.003086 0.005144
0 0.183642 0.469650 0.001543 0.003086
0 0.610725 0.466564 0.000772 0.001029
0 0.614583 0.464506 0.000772 0.001029
0 0.425540 0.468621 0.008488 0.009259
0 0.142747 0.465021 0.001543 0.002058
0 0.616127 0.463992 0.000772 0.002058
0 0.136188 0.459877 0.002315 0.002058
0 0.403935 0.484568 0.033179 0.053498
0 0.160880 0.471708 0.022377 0.027778
0 0.168210 0.483025 0.002315 0.002058
0 0.162037 0.467593 0.003858 0.006173
0 0.160494 0.463992 0.002315 0.003086
0 0.157407 0.461934 0.002315 0.003086
0 0.376929 0.472737 0.013117 0.031893
0 0.699460 0.456790 0.002315 0.004115
0 0.706019 0.461420 0.013889 0.021605
0 0.593750 0.453189 0.022377 0.015432
0 0.595293 0.456790 0.001543 0.003086
0 0.591821 0.454733 0.002315 0.003086
0 0.591435 0.449074 0.001543 0.002058
0 0.586806 0.443930 0.000772 0.001029
0 0.582948 0.443930 0.000772 0.001029
0 0.643519 0.446502 0.003086 0.008230
0 0.601080 0.442387 0.001543 0.002058
0 0.171682 0.447016 0.008488 0.013374
0 0.659336 0.448560 0.023920 0.022634
0 0.594136 0.440329 0.012346 0.010288
0 0.603781 0.437243 0.003858 0.006173
0 0.581790 0.435700 0.001543 0.003086
0 0.670910 0.434156 0.003858 0.004115
0 0.666667 0.432099 0.003086 0.006173
0 0.585262 0.433128 0.005401 0.008230
0 0.371142 0.437243 0.015432 0.016461
0 0.702932 0.429012 0.001543 0.002058
0 0.682099 0.429012 0.004630 0.004115
0 0.423611 0.439815 0.016975 0.027778
0 0.721451 0.426440 0.001543 0.003086
0 0.525463 0.424383 0.001543 0.003086
0 0.478781 0.469136 0.088735 0.092593
0 0.435571 0.425412 0.003858 0.005144
0 0.543210 0.420267 0.001543 0.001029
0 0.527392 0.419753 0.002315 0.002058
0 0.695602 0.423354 0.006944 0.011317
0 0.630015 0.419753 0.003858 0.004115
0 0.360340 0.418724 0.001543 0.002058
0 0.431713 0.418210 0.002315 0.003086
0 0.427083 0.417181 0.000772 0.001029
0 0.395833 0.420267 0.003086 0.007202
0 0.353781 0.419239 0.002315 0.005144
0 0.147377 0.420782 0.004630 0.008230
0 0.684799 0.419239 0.005401 0.011317
0 0.718364 0.414095 0.003086 0.003086
0 0.664352 0.419239 0.009259 0.015432
0 0.352623 0.412551 0.003086 0.002058
0 0.689429 0.412037 0.002315 0.003086
0 0.714892 0.429527 0.027006 0.040123
0 0.717593 0.438272 0.003858 0.005144
0 0.592978 0.416667 0.023920 0.018519
0 0.688657 0.404835 0.000772 0.001029
0 0.233025 0.409979 0.006173 0.011317
0 0.696759 0.406893 0.007716 0.007202
0 0.259259 0.423354 0.057099 0.044239
0 0.517361 0.401235 0.002315 0.004115
0 0.732253 0.397634 0.001543 0.001029
0 0.370370 0.412551 0.027778 0.032922
0 0.479167 0.391975 0.003086 0.004115
0 0.460648 0.389403 0.001543 0.001029
0 0.586420 0.383230 0.001543 0.003086
0 0.459491 0.384259 0.005401 0.009259
0 0.500772 0.388889 0.016975 0.022634
0 0.550154 0.352881 0.033951 0.032922
0 0.562500 0.336934 0.007716 0.007202
0 0.589892 0.337449 0.020833 0.018519
0 0.548611 0.326132 0.001543 0.002058
0 0.563272 0.316358 0.007716 0.013374
0 0.502701 0.335391 0.059414 0.051440
0 0.593364 0.315329 0.020062 0.015432
0 0.576775 0.307613 0.005401 0.006173
0 0.189043 0.309156 0.012346 0.015432
0 0.456019 0.301440 0.004630 0.006173
0 0.585648 0.297325 0.001543 0.002058
0 0.600694 0.297840 0.002315 0.005144
0 0.462963 0.295782 0.007716 0.009259
0 0.521219 0.290123 0.002315 0.006173
0 0.392361 0.351337 0.093364 0.130658
0 0.586034 0.287037 0.002315 0.004115
0 0.530093 0.287037 0.007716 0.008230
0 0.566744 0.279835 0.006944 0.010288
0 0.462963 0.275206 0.001543 0.001029
0 0.547840 0.272634 0.001543 0.002058
0 0.545525 0.277263 0.006173 0.011317
0 0.486883 0.276235 0.006173 0.013374
0 0.530864 0.275720 0.018519 0.018519
0 0.545910 0.267490 0.002315 0.004115
0 0.496914 0.266975 0.003086 0.005144
0 0.517747 0.268519 0.006173 0.010288
0 0.521219 0.260802 0.000772 0.001029
0 0.590278 0.257202 0.001543 0.004115
0 0.527006 0.257202 0.003086 0.006173
0 0.596836 0.254115 0.000772 0.002058
0 0.613040 0.248971 0.000772 0.002058
0 0.606481 0.248457 0.003086 0.005144
0 0.604938 0.244342 0.001543 0.001029
0 0.599923 0.243827 0.003858 0.004115
0 0.543210 0.250514 0.027778 0.040123
0 0.211034 0.228395 0.006944 0.012346
0 0.213735 0.218107 0.009259 0.012346
0 0.522762 0.213477 0.005401 0.007202
0 0.395062 0.204218 0.001543 0.001029
0 0.364583 0.201132 0.000772 0.001029
0 0.531636 0.208333 0.009259 0.017490
0 0.526620 0.197531 0.008488 0.008230
0 0.434028 0.193930 0.000772 0.001029
0 0.401235 0.194444 0.001543 0.002058
0 0.373071 0.191358 0.002315 0.002058
0 0.430941 0.201646 0.068673 0.032922
0 0.530093 0.183642 0.001543 0.001029
0 0.381559 0.203189 0.023920 0.044239
0 0.389275 0.187243 0.003086 0.003086
0 0.369985 0.174897 0.000772 0.002058
0 0.308642 0.181584 0.012346 0.015432
0 0.513117 0.175926 0.003086 0.006173
0 0.385802 0.172840 0.001543 0.002058
0 0.451003 0.174383 0.006944 0.007202
0 0.378858 0.175926 0.007716 0.012346
0 0.501543 0.172840 0.010802 0.010288
0 0.385802 0.153292 0.009259 0.010288
0 0.533951 0.149691 0.001543 0.005144
0 0.528549 0.154321 0.010802 0.014403
0 0.515046 0.154835 0.013117 0.017490
0 0.382330 0.145576 0.000772 0.001029
0 0.455633 0.144547 0.006944 0.007202
0 0.424769 0.148148 0.006944 0.014403
0 0.479167 0.165123 0.032407 0.058642
0 0.482253 0.162551 0.003858 0.007202
0 0.472222 0.149691 0.002315 0.004115
0 0.467978 0.149177 0.001543 0.003086
0 0.440201 0.146605 0.022377 0.023663
0 0.435571 0.144547 0.001543 0.002058
0 0.514660 0.130658 0.001543 0.002058
1 0.557099 0.960905 0.256173 0.074074
1 0.401620 0.826132 0.064043 0.039095
1 0.317515 0.829733 0.161265 0.056584
1 0.393519 0.788066 0.020062 0.016461
1 0.395448 0.785494 0.001543 0.002058
1 0.516975 0.788580 0.020062 0.019547
1 0.423997 0.782407 0.027006 0.023663
1 0.787423 0.765947 0.028549 0.036008
1 0.368056 0.757202 0.020062 0.030864
1 0.196759 0.687243 0.024691 0.049383
1 0.266590 0.659465 0.025463 0.026749
1 0.261960 0.650206 0.001543 0.003086
1 0.849923 0.644547 0.000772 0.001029
1 0.830633 0.645062 0.002315 0.004115
1 0.835648 0.632716 0.012346 0.014403
1 0.840664 0.623457 0.000772 0.002058
1 0.373071 0.609568 0.008488 0.011317
1 0.314043 0.617284 0.044753 0.032922
1 0.511960 0.639403 0.070216 0.095679
1 0.197531 0.535494 0.040123 0.031893
1 0.190201 0.543724 0.003086 0.004115
1 0.199074 0.541152 0.002315 0.003086
1 0.201003 0.531379 0.003086 0.004115
1 0.800926 0.526235 0.032407 0.036008
1 0.696373 0.511831 0.027006 0.023663
1 0.727238 0.503601 0.006944 0.013374
1 0.291281 0.557099 0.077932 0.120370
1 0.408951 0.501029 0.016975 0.014403
1 0.219136 0.509259 0.027778 0.032922
1 0.609568 0.490226 0.055556 0.042181
1 0.260802 0.490226 0.037037 0.044239
1 0.673997 0.469136 0.030093 0.039095
1 0.341049 0.458848 0.018519 0.032922
1 0.206790 0.444444 0.012346 0.018519
1 0.284336 0.448560 0.020833 0.032922
1 0.394676 0.450103 0.020833 0.040123
1 0.301698 0.417181 0.010802 0.019547
1 0.304398 0.413580 0.001543 0.003086
1 0.472994 0.410494 0.067901 0.045267
1 0.487654 0.411523 0.003858 0.007202
1 0.448302 0.398148 0.002315 0.003086
1 0.130787 0.372942 0.019290 0.021605
1 0.124228 0.369342 0.002315 0.003086
1 0.182870 0.382716 0.075617 0.043210
1 0.322145 0.372942 0.027006 0.036008
1 0.249228 0.376543 0.043210 0.067901
1 0.460262 0.333848 0.019290 0.019547
1 0.175154 0.328189 0.024691 0.030864
1 0.188657 0.247942 0.036265 0.047325
1 0.180556 0.265432 0.002315 0.003086
1 0.267747 0.230967 0.012346 0.027778
1 0.602623 0.223251 0.023148 0.016461
1 0.547068 0.204733 0.020062 0.034979
1 0.540509 0.191872 0.003086 0.004115
1 0.499228 0.197016 0.016975 0.021605
1 0.496528 0.193930 0.003086 0.004115
1 0.499614 0.189815 0.003086 0.004115
1 0.313272 0.206276 0.049383 0.040123
1 0.440586 0.167181 0.013889 0.017490
1 0.457562 0.163066 0.015432 0.015432
1 0.457948 0.154321 0.000772 0.002058
1 0.554012 0.136831 0.026235 0.028807
1 0.556713 0.143004 0.003086 0.003086
1 0.545910 0.133230 0.001543 0.002058
1 0.550926 0.132716 0.002315 0.003086
1 0.347994 0.132716 0.013889 0.024691
1 0.532022 0.121914 0.014660 0.013374
1 0.410494 0.141975 0.021605 0.055556
1 0.415123 0.164095 0.003858 0.004115
1 0.407022 0.126543 0.001543 0.003086
1 0.476466 0.110082 0.022377 0.026749
1 0.339892 0.103909 0.028549 0.018519
1 0.340278 0.098251 0.002315 0.002058
1 0.353395 0.036008 0.037037 0.024691
1 0.363040 0.029321 0.001543 0.002058
1 0.554012 0.032922 0.029321 0.034979
1 0.564429 0.041667 0.006173 0.008230
2 0.331019 0.808128 0.003086 0.005144
2 0.382330 0.800926 0.003858 0.005144
2 0.376157 0.797840 0.002315 0.001029
2 0.371142 0.793724 0.001543 0.001029
2 0.357639 0.793724 0.002315 0.003086
2 0.380015 0.789609 0.000772 0.001029
2 0.266975 0.780350 0.003086 0.003086
2 0.328704 0.757716 0.001543 0.003086
2 0.332176 0.751029 0.002315 0.002058
2 0.323688 0.790123 0.110340 0.080247
2 0.360340 0.806070 0.003858 0.004115
2 0.350309 0.802984 0.002315 0.002058
2 0.346065 0.802984 0.001543 0.002058
2 0.370370 0.800926 0.002315 0.002058
2 0.337191 0.800926 0.002315 0.002058
2 0.347608 0.799897 0.003086 0.004115
2 0.365741 0.798354 0.002315 0.003086
2 0.278164 0.782407 0.001543 0.002058
2 0.326775 0.747428 0.002315 0.005144
2 0.321373 0.739198 0.003858 0.005144
2 0.269676 0.734568 0.008488 0.010288
2 0.266204 0.716564 0.001543 0.003086
2 0.248457 0.703704 0.001543 0.002058
2 0.246142 0.687243 0.001543 0.002058
2 0.251929 0.683642 0.002315 0.003086
2 0.255015 0.682099 0.000772 0.002058
2 0.232253 0.682613 0.001543 0.003086
2 0.250386 0.680041 0.000772 0.002058
2 0.244599 0.680041 0.006173 0.008230
2 0.269676 0.699074 0.043981 0.048354
3 0.369213 0.961420 0.025463 0.015432
3 0.365355 0.961420 0.001543 0.002058
3 0.350309 0.922325 0.012346 0.013374
3 0.742284 0.877058 0.004630 0.007202
3 0.459491 0.835391 0.016204 0.012346
3 0.780093 0.814300 0.006173 0.007202
3 0.714892 0.798868 0.010031 0.009259
3 0.741512 0.711934 0.003086 0.004115
3 0.454861 0.665123 0.008488 0.011317
3 0.555170 0.637346 0.002315 0.003086
3 0.440586 0.644547 0.018519 0.021605
3 0.352623 0.616255 0.003086 0.004115
3 0.166281 0.618827 0.008488 0.009259
3 0.253858 0.613169 0.003086 0.006173
3 0.638889 0.602366 0.010802 0.013374
3 0.566358 0.591564 0.012346 0.014403
3 0.223765 0.583333 0.004630 0.004115
3 0.216821 0.585391 0.007716 0.010288
3 0.678627 0.576646 0.003858 0.005144
3 0.232639 0.570988 0.002315 0.004115
3 0.135802 0.510802 0.010802 0.013374
3 0.557485 0.509774 0.014660 0.015432
3 0.223765 0.438786 0.003086 0.009259
3 0.513889 0.422840 0.009259 0.012346
3 0.142361 0.399691 0.003858 0.007202
3 0.610340 0.393519 0.010802 0.015432
3 0.544367 0.389918 0.010031 0.012346
3 0.537809 0.377058 0.007716 0.007202
3 0.575231 0.368827 0.008488 0.013374
3 0.309799 0.362140 0.003858 0.004115
3 0.132716 0.329733 0.001543 0.005144
3 0.143904 0.325103 0.005401 0.006173
3 0.144676 0.324588 0.001543 0.002058
3 0.136960 0.306070 0.003858 0.005144
3 0.543981 0.301440 0.012346 0.008230
3 0.220293 0.286008 0.002315 0.004115
3 0.281636 0.273148 0.009259 0.007202
3 0.295910 0.253086 0.006944 0.014403
3 0.578318 0.243313 0.014660 0.011317
3 0.523920 0.229938 0.001543 0.003086
3 0.482639 0.222737 0.000772 0.001029
3 0.226852 0.228395 0.010802 0.012346
3 0.477623 0.225309 0.007716 0.008230
3 0.617670 0.211420 0.005401 0.005144
3 0.477623 0.207819 0.003086 0.004115
3 0.471836 0.210905 0.006944 0.012346
3 0.220679 0.201132 0.009259 0.009259
3 0.602238 0.187757 0.003858 0.003086
3 0.445602 0.187243 0.010031 0.016461
3 0.228395 0.178498 0.015432 0.017490
3 0.322917 0.169753 0.003858 0.004115
3 0.330633 0.168210 0.010031 0.017490
3 0.394676 0.151749 0.002315 0.009259
3 0.327160 0.151235 0.006173 0.012346
3 0.500386 0.137860 0.005401 0.008230
3 0.383488 0.129115 0.001543 0.003086
3 0.446759 0.119856 0.001543 0.001029
3 0.386960 0.118827 0.000772 0.001029
3 0.388503 0.117798 0.000772 0.001029
3 0.381173 0.120885 0.007716 0.009259
3 0.434414 0.116255 0.001543 0.002058
3 0.397762 0.117284 0.003858 0.004115
3 0.452932 0.120885 0.003086 0.013374
3 0.432870 0.113169 0.001543 0.002058
3 0.434414 0.109568 0.001543 0.001029
3 0.380787 0.111111 0.008488 0.010288
3 0.439815 0.105453 0.004630 0.005144
3 0.447145 0.108539 0.011574 0.015432
3 0.457562 0.092593 0.012346 0.012346
3 0.313657 0.080247 0.005401 0.006173
3 0.412423 0.070473 0.010031 0.011317
3 0.306327 0.066872 0.007716 0.006173
3 0.375000 0.028807 0.007716 0.008230
3 0.469907 0.024691 0.020062 0.024691
3 0.471065 0.025720 0.003086 0.005144
3 0.466435 0.023663 0.004630 0.007202
3 0.467593 0.015947 0.002315 0.004115