0 0.552002 0.760742 0.003418 0.005859
0 0.338867 0.688477 0.001953 0.001953
0 0.329590 0.683268 0.007813 0.009766
0 0.335449 0.676758 0.001953 0.001953
0 0.332520 0.666341 0.001953 0.003255
0 0.330811 0.659180 0.005371 0.004557
0 0.334961 0.642904 0.005859 0.005859
0 0.407227 0.606771 0.002930 0.003906
0 0.432373 0.606771 0.014160 0.019531
0 0.430908 0.608398 0.002441 0.003255
0 0.441162 0.595378 0.002441 0.003255
0 0.265137 0.596680 0.005859 0.008464
0 0.419434 0.592448 0.020508 0.024740
0 0.362305 0.580729 0.005859 0.006510
0 0.456299 0.583333 0.017090 0.016927
0 0.444336 0.574544 0.000977 0.001953
0 0.431641 0.572917 0.005859 0.005208
0 0.391357 0.576497 0.010254 0.014974
0 0.422119 0.568685 0.003418 0.003255
0 0.446289 0.562174 0.004883 0.004557
0 0.435303 0.556641 0.001465 0.001302
0 0.383301 0.472331 0.008789 0.008464
0 0.239258 0.464193 0.004883 0.006510
0 0.390137 0.378906 0.004883 0.006510
1 0.338379 0.833008 0.012695 0.012370
1 0.574463 0.795898 0.003418 0.004557
1 0.574219 0.785482 0.005859 0.009766
1 0.282471 0.652344 0.008301 0.007813
1 0.253906 0.639323 0.010742 0.005208
1 0.286377 0.615234 0.008301 0.014323
1 0.356201 0.616536 0.009277 0.019531
1 0.387207 0.613932 0.013672 0.018229
1 0.241211 0.597005 0.003906 0.006510
1 0.229248 0.583659 0.003418 0.004557
1 0.346436 0.590169 0.009277 0.021484
1 0.193604 0.575195 0.009277 0.008464
1 0.289795 0.562826 0.009277 0.012370
1 0.317383 0.545898 0.005859 0.005859
1 0.531738 0.527995 0.008789 0.009115
1 0.221680 0.509115 0.003906 0.006510
1 0.353516 0.495768 0.003906 0.008464
1 0.344482 0.485026 0.013184 0.016927
1 0.323242 0.485677 0.017578 0.019531
1 0.373291 0.476563 0.006348 0.009115
1 0.375244 0.449219 0.005371 0.010417
1 0.360107 0.443359 0.004395 0.005208
1 0.692627 0.375977 0.012207 0.021484
1 0.363525 0.347656 0.003418 0.003906
1 0.288574 0.345052 0.005859 0.010417
1 0.563232 0.349609 0.027832 0.029948
1 0.371338 0.288737 0.007324 0.013672
1 0.455078 0.284505 0.004883 0.015625
1 0.563232 0.163086 0.015137 0.017578
3 0.456543 0.722656 0.001953 0.003906
3 0.457520 0.713542 0.004883 0.006510
3 0.461426 0.706380 0.001953 0.003906
3 0.449219 0.701823 0.002930 0.003906
3 0.646240 0.588216 0.005371 0.004557
3 0.551514 0.583659 0.004395 0.004557
3 0.600586 0.568685 0.004883 0.004557
3 0.551270 0.565430 0.004883 0.009766
3 0.539063 0.560547 0.008789 0.007813
3 0.293945 0.524089 0.001953 0.003906
3 0.319336 0.520833 0.002930 0.002604
3 0.618652 0.369141 0.004883 0.007813