0 0.382324 0.686849 0.003906 0.005208
0 0.408447 0.666016 0.003418 0.002604
0 0.407471 0.659831 0.002441 0.005859
0 0.399414 0.654622 0.007813 0.009766
0 0.492676 0.434896 0.000977 0.001302
0 0.496826 0.432617 0.005371 0.007161
0 0.507568 0.420573 0.011230 0.009115
0 0.529053 0.406576 0.001465 0.001953
0 0.521729 0.406901 0.009277 0.010417
0 0.530762 0.400716 0.004883 0.004557
0 0.510986 0.400065 0.014160 0.011068
0 0.473389 0.394206 0.003418 0.004557
0 0.516113 0.391602 0.000977 0.001953
0 0.543213 0.385091 0.001465 0.001953
0 0.479980 0.383138 0.002930 0.004557
0 0.507568 0.372396 0.003418 0.003906
0 0.499756 0.383789 0.015137 0.029297
0 0.547607 0.308594 0.003418 0.003906
0 0.532471 0.287760 0.007324 0.011719
0 0.438477 0.263672 0.004883 0.006510
1 0.738281 0.786133 0.003906 0.008464
1 0.772461 0.752604 0.001953 0.003906
1 0.390381 0.702474 0.002441 0.003906
1 0.425293 0.681966 0.004883 0.003255
1 0.415283 0.678711 0.011230 0.008464
1 0.629883 0.388346 0.007813 0.012370
1 0.419189 0.361003 0.003418 0.005859
1 0.269043 0.300456 0.012695 0.009766
1 0.430664 0.248698 0.006836 0.006510
1 0.427979 0.242513 0.003418 0.004557
1 0.457031 0.206380 0.003906 0.005208
1 0.447266 0.180990 0.008789 0.010417
2 0.322021 0.826823 0.001465 0.002604
2 0.311768 0.822917 0.001465 0.002604
2 0.314209 0.822266 0.002441 0.002604
2 0.294189 0.818685 0.001465 0.001953
2 0.297607 0.815104 0.001465 0.003906
2 0.315918 0.810547 0.013672 0.022135
2 0.316650 0.814779 0.002441 0.004557
2 0.314941 0.796224 0.003906 0.002604
2 0.303711 0.801432 0.007813 0.013021
2 0.307617 0.789388 0.005859 0.011068
2 0.308594 0.779297 0.000977 0.002604
2 0.311768 0.777344 0.005371 0.010417
2 0.313232 0.760091 0.015137 0.021484