0 0.499614 0.547325 0.005401 0.006173
0 0.503858 0.536008 0.007716 0.010288
0 0.503858 0.526235 0.006173 0.007202
0 0.484954 0.520576 0.002315 0.004115
0 0.481096 0.520062 0.002315 0.003086
1 0.530864 0.699074 0.013889 0.013374
1 0.328704 0.697016 0.015432 0.019547
1 0.642361 0.700617 0.070216 0.092593
1 0.616512 0.628601 0.007716 0.010288
2 0.524691 0.724280 0.010802 0.026749
2 0.515046 0.697531 0.016204 0.037037
3 0.424383 0.960905 0.004630 0.004115
3 0.714120 0.876029 0.002315 0.007202
3 0.706404 0.872428 0.002315 0.004115
3 0.443673 0.866770 0.003086 0.005144
3 0.398148 0.849280 0.001543 0.001029
3 0.628086 0.823560 0.004630 0.005144
3 0.538966 0.730967 0.003858 0.007202
3 0.253858 0.725309 0.003086 0.004115
3 0.532793 0.719650 0.005401 0.007202
3 0.508102 0.717078 0.005401 0.014403
3 0.138503 0.710391 0.002315 0.003086
3 0.544753 0.702160 0.007716 0.007202
3 0.503086 0.702675 0.010802 0.008230
3 0.503858 0.683642 0.006173 0.005144
3 0.528164 0.681070 0.003858 0.004115
3 0.417438 0.676955 0.003086 0.004115
3 0.527392 0.668210 0.002315 0.003086
3 0.518519 0.666152 0.003086 0.003086
3 0.430170 0.667695 0.005401 0.006173
3 0.447145 0.657407 0.008488 0.008230
3 0.428627 0.648148 0.002315 0.002058
3 0.424383 0.649177 0.004630 0.004115
3 0.516975 0.647119 0.001543 0.002058
3 0.119599 0.634259 0.004630 0.003086
3 0.120756 0.631173 0.002315 0.001029
3 0.120756 0.616770 0.003858 0.003086
3 0.384259 0.605967 0.007716 0.008230
3 0.351852 0.539609 0.009259 0.013374
3 0.437886 0.510802 0.003858 0.003086
3 0.300926 0.499486 0.004630 0.009259
3 0.356096 0.457819 0.002315 0.004115
3 0.349537 0.458848 0.004630 0.008230
3 0.456404 0.455247 0.006944 0.007202
3 0.454861 0.442901 0.005401 0.009259
3 0.744213 0.334362 0.005401 0.004115
3 0.751929 0.333333 0.002315 0.006173
3 0.751157 0.328704 0.000772 0.001029
3 0.698688 0.325103 0.002315 0.006173
3 0.515432 0.319444 0.003086 0.005144
3 0.385802 0.314300 0.003086 0.005144
3 0.779707 0.240226 0.006944 0.011317
3 0.455247 0.146605 0.001543 0.003086
3 0.454861 0.143519 0.000772 0.001029
3 0.553627 0.133745 0.002315 0.006173
3 0.618056 0.111626 0.003086 0.007202
3 0.519290 0.111111 0.001543 0.008230
3 0.341435 0.042695 0.013117 0.009259
3 0.564815 0.010288 0.001543 0.002058