0 0.564697 0.937500 0.005371 0.006510
0 0.661865 0.433594 0.003418 0.005208
0 0.666260 0.427734 0.002441 0.002604
0 0.672852 0.424805 0.007813 0.007161
0 0.675537 0.408529 0.001465 0.001953
0 0.664063 0.411133 0.012695 0.022786
0 0.687988 0.402344 0.003906 0.006510
0 0.650879 0.396484 0.002930 0.003906
0 0.664551 0.381185 0.001953 0.001953
0 0.668457 0.381510 0.003906 0.007813
0 0.656982 0.376628 0.001465 0.001953
0 0.666504 0.368164 0.011719 0.011068
0 0.692383 0.359701 0.001953 0.001953
1 0.322998 0.820313 0.011230 0.015625
1 0.344238 0.817708 0.019531 0.016927
1 0.281494 0.645182 0.011230 0.018229
1 0.392090 0.143555 0.001953 0.003255
1 0.385986 0.135417 0.011230 0.013021
1 0.376221 0.129232 0.002441 0.005859
1 0.370361 0.118490 0.010254 0.018229
1 0.419434 0.065104 0.001953 0.002604
1 0.414063 0.064779 0.000977 0.001953
1 0.421631 0.059570 0.011230 0.007161
1 0.424805 0.058919 0.002930 0.003255
2 0.670166 0.143880 0.016113 0.026042
2 0.424316 0.081055 0.007813 0.017578
3 0.466553 0.929036 0.004395 0.005208
3 0.653076 0.824544 0.005371 0.008464
3 0.655029 0.813802 0.002441 0.003906
3 0.738770 0.803711 0.003906 0.005859
3 0.741455 0.789714 0.003418 0.006510
3 0.690430 0.787435 0.007813 0.005859
3 0.488281 0.736003 0.005859 0.004557
3 0.273438 0.680990 0.002930 0.003906
3 0.770020 0.516927 0.003906 0.007813
3 0.515137 0.333659 0.004883 0.007161
3 0.523682 0.332031 0.003418 0.006510
3 0.521973 0.321289 0.003906 0.004557
3 0.249756 0.273763 0.003418 0.005859
3 0.715576 0.209961 0.006348 0.008464
3 0.649414 0.176758 0.003906 0.005859
3 0.695801 0.172852 0.004883 0.004557
3 0.638916 0.162109 0.004395 0.003906
3 0.658936 0.137370 0.006348 0.006510
3 0.683350 0.128255 0.003418 0.005208
3 0.413330 0.083333 0.004395 0.005208
3 0.406250 0.074544 0.003906 0.004557