0 0.208929 0.589286 0.009286 0.007143
0 0.174286 0.525000 0.024286 0.015714
0 0.152143 0.522500 0.012857 0.016429
1 0.372500 0.963571 0.010714 0.007143
1 0.440000 0.960714 0.022857 0.015714
1 0.348929 0.942857 0.019286 0.022857
1 0.268214 0.575000 0.007857 0.007143
1 0.955000 0.595714 0.038571 0.055714
1 0.958571 0.621071 0.004286 0.005000
1 0.962143 0.613214 0.002857 0.003571
1 0.966429 0.611786 0.002857 0.002143
1 0.949643 0.611429 0.002143 0.002857
1 0.962143 0.605357 0.008571 0.006429
1 0.940357 0.602143 0.003571 0.004286
1 0.960714 0.599286 0.002857 0.002857
1 0.955000 0.601071 0.005714 0.007857
1 0.965357 0.596429 0.003571 0.004286
1 0.962143 0.593571 0.004286 0.004286
1 0.942857 0.593214 0.008571 0.009286
1 0.266071 0.561071 0.010714 0.012143
1 0.318929 0.555714 0.007857 0.010000
1 0.261429 0.550357 0.005714 0.006429
1 0.183571 0.535714 0.005714 0.004286
1 0.954643 0.480357 0.059286 0.033571
1 0.950000 0.490357 0.007143 0.005000