0 0.479938 0.887153 0.009259 0.010417
0 0.398534 0.547454 0.003858 0.006944
0 0.401620 0.543981 0.000772 0.002315
0 0.403935 0.537616 0.005401 0.005787
0 0.396219 0.535301 0.002315 0.005787
0 0.414738 0.524884 0.000772 0.001157
0 0.473380 0.525463 0.011574 0.011574
0 0.414352 0.519097 0.001543 0.003472
0 0.449460 0.515625 0.005401 0.008102
0 0.401620 0.521991 0.017747 0.023148
0 0.401620 0.523148 0.003086 0.005787
0 0.402006 0.499421 0.001543 0.001157
0 0.398148 0.502315 0.004630 0.006944
0 0.409722 0.496528 0.001543 0.002315
0 0.321373 0.425347 0.008488 0.015046
0 0.428241 0.357639 0.004630 0.006944
0 0.386188 0.359375 0.013117 0.010417
0 0.380787 0.354167 0.000772 0.002315
0 0.440972 0.353009 0.005401 0.006944
0 0.416667 0.355903 0.007716 0.012731
0 0.423997 0.346644 0.000772 0.001157
0 0.419753 0.347222 0.001543 0.002315
1 0.374228 0.233218 0.015432 0.021991
3 0.527778 0.666088 0.004630 0.005787
3 0.493827 0.559028 0.007716 0.011574
3 0.519290 0.491319 0.009259 0.008102