1 0.502558 0.553728 0.006579 0.013158
1 0.669591 0.513158 0.007310 0.013158
1 0.613670 0.344846 0.016813 0.033991
3 0.618787 0.643640 0.006579 0.006579
3 0.711623 0.607456 0.003655 0.004386
3 0.636696 0.572917 0.001462 0.003289
3 0.593202 0.560855 0.003655 0.007675
3 0.555921 0.394189 0.006579 0.005482
3 0.733553 0.362939 0.005117 0.004386
3 0.719298 0.338816 0.002924 0.004386
3 0.707602 0.337719 0.001462 0.004386
3 0.533626 0.328947 0.007310 0.013158
3 0.493787 0.305373 0.006579 0.005482
3 0.237573 0.304825 0.002924 0.004386
3 0.523757 0.266447 0.005117 0.004386
3 0.574561 0.100877 0.002924 0.006579
3 0.393640 0.086623 0.003655 0.004386
3 0.428363 0.070175 0.002924 0.004386