0 0.868478 0.468524 0.007971 0.006512
0 0.889855 0.458032 0.008696 0.007236
0 0.878623 0.442113 0.005072 0.005789
0 0.036594 0.384226 0.010870 0.008683
0 0.875725 0.353835 0.002174 0.002894
0 0.860507 0.350941 0.002174 0.002894
0 0.866667 0.347685 0.008696 0.010854
0 0.869565 0.341534 0.001449 0.001447
0 0.882971 0.331404 0.006522 0.008683
0 0.847101 0.311505 0.005797 0.003618
0 0.886957 0.315123 0.011594 0.013748
0 0.860507 0.311867 0.010870 0.008683
0 0.590217 0.181259 0.007971 0.006512
1 0.839130 0.804269 0.027536 0.018090
1 0.878261 0.714906 0.021739 0.014472
1 0.891667 0.656657 0.013768 0.016643
1 0.753623 0.603473 0.017391 0.011577
1 0.142029 0.554631 0.034783 0.025326
1 0.632971 0.516281 0.010870 0.006512
1 0.710870 0.484081 0.010145 0.013025
1 0.533333 0.442836 0.007246 0.011577
1 0.741667 0.341534 0.006522 0.011577
1 0.764493 0.318017 0.007246 0.007959
1 0.946014 0.324168 0.021014 0.021708
1 0.945290 0.320550 0.002174 0.002894
1 0.756159 0.313676 0.007971 0.007959
1 0.767754 0.303907 0.007971 0.008683
1 0.902174 0.302822 0.008696 0.007959
1 0.894203 0.295586 0.005797 0.007959
1 0.924275 0.279305 0.019565 0.017366
1 0.741304 0.259768 0.014493 0.007236
1 0.652899 0.146889 0.444928 0.259045
1 0.458333 0.026411 0.034058 0.036903
3 0.850362 0.826700 0.006522 0.006512
3 0.743116 0.751809 0.005072 0.005789
3 0.775362 0.751085 0.008696 0.007236
3 0.731159 0.630246 0.005797 0.007236
3 0.843116 0.603835 0.003623 0.005065
3 0.682609 0.602750 0.004348 0.005789
3 0.676812 0.596599 0.004348 0.003618
3 0.861957 0.502171 0.010870 0.010130
3 0.105072 0.467438 0.005797 0.005789
3 0.927174 0.456946 0.007971 0.006512
3 0.935507 0.429812 0.002899 0.004342
3 0.817029 0.428003 0.007971 0.007959
3 0.906159 0.392909 0.005072 0.005789
3 0.906159 0.370478 0.005072 0.005789
3 0.846377 0.321274 0.002899 0.005789
3 0.935145 0.304631 0.006522 0.004342
3 0.114855 0.279667 0.005072 0.005065
3 0.649638 0.280391 0.006522 0.009407
3 0.636594 0.258321 0.005072 0.004342