0 0.223145 0.789063 0.001953 0.001302
0 0.241699 0.776693 0.003906 0.003906
0 0.453369 0.781250 0.008301 0.014323
0 0.234131 0.773763 0.001465 0.001953
0 0.445557 0.756836 0.002441 0.003255
0 0.435303 0.754232 0.006348 0.008464
0 0.226563 0.743490 0.007813 0.006510
0 0.233398 0.738281 0.000977 0.001302
0 0.238281 0.736003 0.006836 0.005859
0 0.237305 0.726563 0.000977 0.001302
0 0.323242 0.720052 0.004883 0.005208
0 0.192139 0.722656 0.004395 0.010417
0 0.209961 0.713216 0.000977 0.001953
0 0.185791 0.715820 0.002441 0.007161
0 0.445313 0.714844 0.007813 0.010417
0 0.210938 0.709310 0.002930 0.003255
0 0.237061 0.714518 0.019043 0.017578
0 0.192627 0.707357 0.004395 0.004557
0 0.181396 0.703776 0.001465 0.002604
0 0.212891 0.701497 0.006836 0.005859
0 0.184326 0.700195 0.002441 0.004557
0 0.227783 0.699870 0.012207 0.018229
0 0.252197 0.691732 0.004395 0.005859
0 0.199707 0.694987 0.008789 0.012370
0 0.234375 0.689128 0.000977 0.001953
0 0.231934 0.685872 0.002930 0.003255
0 0.192871 0.687500 0.004883 0.006510
0 0.217285 0.686849 0.006836 0.006510
0 0.208984 0.682617 0.002930 0.003255
0 0.216797 0.680664 0.001953 0.001953
0 0.188477 0.677734 0.002930 0.003906
0 0.224854 0.674154 0.005371 0.005859
0 0.187500 0.670898 0.004883 0.004557
0 0.184570 0.663086 0.001953 0.001953
0 0.202637 0.664388 0.003906 0.009766
0 0.188965 0.659180 0.001953 0.001953
0 0.395752 0.597982 0.001465 0.001953
0 0.399170 0.586914 0.001465 0.003255
0 0.420166 0.577474 0.003418 0.002604
0 0.402588 0.569336 0.003418 0.004557
0 0.421631 0.569661 0.003418 0.009115
0 0.365723 0.510417 0.003906 0.007813
0 0.406738 0.483724 0.004883 0.007813
0 0.360596 0.436198 0.009277 0.009115
0 0.341064 0.416667 0.003418 0.009115
0 0.316406 0.408203 0.001953 0.003906
0 0.356934 0.406901 0.001953 0.002604
0 0.339355 0.407227 0.001953 0.005859
0 0.320801 0.407227 0.002930 0.005859
0 0.382324 0.409180 0.007813 0.014974
0 0.354248 0.403971 0.002441 0.004557
0 0.361572 0.402995 0.004395 0.006510
0 0.406738 0.399740 0.000977 0.001302
0 0.346191 0.399414 0.002930 0.003255
0 0.395264 0.394857 0.001465 0.001953
0 0.373779 0.393229 0.003418 0.005208
0 0.349609 0.394531 0.003906 0.010417
0 0.312988 0.392253 0.001953 0.005859
0 0.315674 0.388672 0.003418 0.003906
0 0.367920 0.389974 0.007324 0.011719
0 0.304688 0.386719 0.002930 0.005208
0 0.356445 0.388021 0.009766 0.015625
0 0.380859 0.383464 0.004883 0.010417
0 0.330811 0.379232 0.004395 0.005859
0 0.318848 0.374023 0.002930 0.003255
0 0.334717 0.371419 0.003418 0.004557
0 0.298584 0.373698 0.004395 0.009115
0 0.401123 0.367513 0.002441 0.003255
0 0.378174 0.369141 0.008301 0.009115
0 0.300781 0.361003 0.002930 0.003255
0 0.323486 0.361003 0.006348 0.008464
0 0.290771 0.357422 0.001465 0.002604
0 0.336426 0.351563 0.003906 0.006510
0 0.395996 0.354167 0.012695 0.020833
0 0.319580 0.347656 0.005371 0.009115
0 0.386475 0.336263 0.006348 0.007161
0 0.354004 0.326823 0.002930 0.003906
0 0.342529 0.320638 0.001465 0.001953
0 0.569580 0.322266 0.002441 0.007813
0 0.565430 0.314779 0.003906 0.005859
0 0.573242 0.314453 0.002930 0.006510
0 0.332031 0.313802 0.002930 0.005208
0 0.334473 0.308268 0.000977 0.001953
0 0.322021 0.308268 0.002441 0.003255
0 0.327148 0.304036 0.003906 0.006510
0 0.578369 0.278971 0.017090 0.042318
0 0.568115 0.244141 0.004395 0.013021
0 0.561035 0.234049 0.004883 0.008464
0 0.562988 0.221029 0.004883 0.007161
0 0.643555 0.166667 0.001953 0.003906
0 0.671143 0.152018 0.002441 0.004557
0 0.688721 0.147786 0.002441 0.003906
0 0.694336 0.150391 0.005859 0.010417
0 0.659668 0.143555 0.001953 0.003255
0 0.352539 0.148112 0.003906 0.012370
0 0.354004 0.129232 0.002930 0.005859
0 0.326904 0.121419 0.003418 0.005859
0 0.657227 0.088216 0.002930 0.004557
0 0.393555 0.076823 0.004883 0.009115
0 0.533203 0.069010 0.003906 0.015625
0 0.384277 0.054688 0.003906 0.005208
0 0.504639 0.044596 0.003418 0.004557
0 0.518799 0.038411 0.002441 0.003906
0 0.510498 0.037109 0.003418 0.005208
1 0.604248 0.936849 0.006348 0.006510
1 0.588867 0.929036 0.004883 0.013021
1 0.429443 0.824544 0.004395 0.003255
1 0.712158 0.768229 0.006348 0.010417
1 0.218506 0.756836 0.003418 0.004557
1 0.203369 0.737630 0.004395 0.014323
1 0.221191 0.728841 0.001953 0.004557
1 0.218506 0.721029 0.003418 0.005859
1 0.329102 0.730469 0.020508 0.036458
1 0.310303 0.651693 0.023926 0.039063
1 0.842773 0.546549 0.013672 0.020182
1 0.762207 0.325521 0.003906 0.019531
1 0.204102 0.264323 0.026367 0.026042
1 0.715820 0.173828 0.004883 0.016927
1 0.392822 0.160482 0.002441 0.012370
1 0.672852 0.143229 0.001953 0.003906
1 0.666260 0.142578 0.001465 0.002604
1 0.672852 0.131836 0.001953 0.001953
1 0.677246 0.132161 0.004883 0.003906
1 0.669189 0.134766 0.004395 0.009115
1 0.513672 0.074544 0.015625 0.017578
2 0.750244 0.298503 0.011230 0.034505
2 0.747070 0.275065 0.001953 0.003255
2 0.746094 0.267904 0.002930 0.004557
2 0.746582 0.263672 0.001953 0.003906
3 0.406982 0.826823 0.001465 0.002604
3 0.394775 0.819010 0.003418 0.005208
3 0.275635 0.406250 0.006348 0.009115
3 0.498535 0.314779 0.004883 0.007161
3 0.752197 0.239583 0.003418 0.006510
3 0.654785 0.156576 0.001953 0.003255
3 0.717041 0.154622 0.003418 0.008464
3 0.649902 0.093099 0.001953 0.002604