0 0.532022 0.802083 0.003858 0.006944
0 0.531636 0.792245 0.001543 0.003472
0 0.388503 0.679398 0.003858 0.009259
0 0.387731 0.667245 0.002315 0.008102
0 0.382716 0.609954 0.001543 0.002315
0 0.234568 0.590278 0.003086 0.004630
0 0.243441 0.584491 0.003858 0.006944
0 0.250000 0.578704 0.001543 0.002315
0 0.255787 0.565972 0.002315 0.002315
0 0.221836 0.564236 0.000772 0.001157
0 0.263503 0.558449 0.003858 0.005787
0 0.247685 0.549190 0.003086 0.003472
0 0.260802 0.545718 0.007716 0.005787
0 0.268519 0.531829 0.006173 0.005787
0 0.253472 0.528935 0.002315 0.004630
0 0.324846 0.527199 0.001543 0.003472
0 0.342207 0.531250 0.017747 0.013889
0 0.319830 0.525463 0.002315 0.004630
0 0.307870 0.523148 0.003086 0.004630
0 0.280093 0.519097 0.001543 0.001157
0 0.296296 0.521412 0.004630 0.010417
0 0.357639 0.522569 0.034722 0.019676
0 0.390818 0.502315 0.002315 0.002315
0 0.343364 0.495949 0.003086 0.003472
0 0.371528 0.490741 0.000772 0.002315
0 0.328318 0.492477 0.002315 0.005787
0 0.324460 0.505787 0.025463 0.032407
0 0.327160 0.512731 0.002315 0.003472
0 0.392747 0.491319 0.004630 0.010417
0 0.380787 0.491319 0.003858 0.010417
0 0.337963 0.489005 0.004630 0.005787
0 0.332948 0.487269 0.000772 0.002315
0 0.340278 0.478009 0.001543 0.004630
0 0.367284 0.478009 0.003086 0.006944
0 0.396605 0.473958 0.001543 0.003472
0 0.304398 0.472801 0.000772 0.001157
0 0.400077 0.472222 0.002315 0.002315
0 0.331019 0.472222 0.001543 0.002315
0 0.375772 0.471644 0.001543 0.003472
0 0.391590 0.472801 0.003858 0.010417
0 0.318287 0.473958 0.019290 0.024306
0 0.363426 0.466435 0.004630 0.011574
0 0.521991 0.463542 0.003858 0.008102
0 0.295139 0.461227 0.002315 0.003472
0 0.307870 0.458912 0.003086 0.003472
0 0.387731 0.458912 0.002315 0.005787
0 0.373843 0.459491 0.002315 0.006944
0 0.358796 0.457176 0.001543 0.002315
0 0.302855 0.454282 0.000772 0.005787
0 0.339120 0.448495 0.000772 0.001157
0 0.229167 0.449074 0.003086 0.004630
0 0.354552 0.448495 0.002315 0.005787
0 0.324074 0.450810 0.023148 0.033565
0 0.294753 0.438079 0.003086 0.008102
0 0.290895 0.424769 0.001543 0.002315
0 0.226852 0.424769 0.001543 0.002315
0 0.350309 0.430556 0.006173 0.018519
0 0.369599 0.420718 0.003086 0.005787
0 0.316744 0.418403 0.002315 0.003472
0 0.299769 0.417824 0.000772 0.002315
0 0.322531 0.418981 0.006173 0.009259
0 0.364198 0.429977 0.010802 0.033565
0 0.342593 0.419560 0.006173 0.015046
0 0.309414 0.412037 0.001543 0.002315
0 0.354938 0.409144 0.003086 0.005787
0 0.318287 0.407407 0.003858 0.004630
0 0.219136 0.406250 0.004630 0.006944
0 0.252701 0.401042 0.000772 0.001157
0 0.344907 0.401620 0.003086 0.004630
0 0.337963 0.403935 0.006173 0.011574
0 0.271219 0.399306 0.000772 0.002315
0 0.244213 0.398727 0.000772 0.001157
0 0.351080 0.398148 0.001543 0.002315
0 0.232253 0.406250 0.020062 0.020833
0 0.383102 0.389468 0.000772 0.001157
0 0.266590 0.391782 0.003858 0.005787
0 0.333333 0.386574 0.001543 0.002315
0 0.304012 0.385995 0.001543 0.001157
0 0.271605 0.386574 0.001543 0.002315
0 0.299769 0.381944 0.003858 0.006944
0 0.359954 0.372685 0.002315 0.006944
0 0.355324 0.366319 0.003858 0.008102
0 0.331404 0.363426 0.003858 0.006944
0 0.350309 0.360532 0.004630 0.008102
0 0.456019 0.356481 0.003086 0.006944
0 0.342593 0.355324 0.003086 0.006944
0 0.335262 0.354167 0.005401 0.011574
0 0.459491 0.351273 0.002315 0.008102
0 0.465664 0.346644 0.000772 0.001157
0 0.461420 0.340856 0.003086 0.008102
0 0.472222 0.337384 0.001543 0.003472
0 0.460648 0.335069 0.001543 0.001157
0 0.562114 0.329282 0.003858 0.005787
0 0.744213 0.263310 0.002315 0.005787
0 0.726852 0.260995 0.003086 0.005787
0 0.661651 0.252315 0.017747 0.011574
0 0.651620 0.240741 0.006944 0.011574
0 0.645833 0.230324 0.012346 0.011574
0 0.684799 0.228009 0.005401 0.013889
0 0.523534 0.153935 0.005401 0.009259
0 0.530864 0.149884 0.003086 0.003472
0 0.523920 0.143519 0.001543 0.004630
0 0.519676 0.130787 0.006944 0.011574
1 0.547454 0.781829 0.006944 0.008102
1 0.544367 0.774306 0.003858 0.004630
1 0.320216 0.774884 0.006173 0.008102
1 0.551698 0.773148 0.003086 0.006944
1 0.372685 0.546875 0.006173 0.008102
1 0.515046 0.541667 0.008488 0.011574
1 0.255401 0.472801 0.003086 0.010417
1 0.560957 0.445602 0.004630 0.011574
1 0.290123 0.401620 0.010802 0.020833
1 0.330247 0.388310 0.004630 0.010417
1 0.563272 0.374421 0.026235 0.035880
1 0.391975 0.344907 0.012346 0.016204
1 0.551698 0.325231 0.004630 0.006944
1 0.361111 0.283565 0.003086 0.006944
1 0.486883 0.277778 0.009259 0.009259
1 0.361111 0.273148 0.004630 0.009259
1 0.493827 0.249421 0.006173 0.005787
1 0.491512 0.233796 0.007716 0.011574
1 0.662037 0.224537 0.009259 0.013889
1 0.362269 0.217014 0.005401 0.005787
1 0.518904 0.215278 0.011574 0.009259
1 0.538580 0.137153 0.007716 0.010417
1 0.345293 0.134838 0.010031 0.010417
1 0.542052 0.108218 0.003858 0.003472
1 0.533565 0.115741 0.011574 0.018519
1 0.545139 0.098380 0.002315 0.004630
1 0.521219 0.093750 0.025463 0.016204
3 0.430556 0.705440 0.001543 0.003472
3 0.616512 0.671296 0.003086 0.002315
3 0.473765 0.540509 0.001543 0.002315
3 0.514275 0.463542 0.000772 0.001157
3 0.452546 0.405093 0.002315 0.004630
3 0.398920 0.318866 0.001543 0.003472
3 0.314815 0.306713 0.003086 0.002315
3 0.491512 0.294560 0.003086 0.008102
3 0.400463 0.290509 0.001543 0.002315
3 0.330247 0.286458 0.003086 0.003472
3 0.344907 0.280093 0.001543 0.002315
3 0.431327 0.278935 0.001543 0.004630
3 0.436343 0.274884 0.002315 0.005787
3 0.311728 0.256366 0.001543 0.003472
3 0.492670 0.251157 0.003858 0.004630
3 0.373071 0.210648 0.003858 0.004630
3 0.435185 0.208333 0.001543 0.004630
3 0.656250 0.207176 0.002315 0.004630
3 0.357253 0.157986 0.003086 0.005787