1 0.596836 0.566872 0.008488 0.012346
1 0.666667 0.510802 0.020062 0.011317
1 0.719136 0.466049 0.009259 0.012346
2 0.652006 0.707819 0.029321 0.041152
3 0.803241 0.776235 0.004630 0.005144
3 0.172454 0.746914 0.005401 0.008230
3 0.382716 0.582305 0.007716 0.010288
3 0.450617 0.526749 0.006173 0.006173
3 0.696759 0.499486 0.004630 0.007202
3 0.549769 0.457819 0.003858 0.004115
3 0.250386 0.389918 0.002315 0.004115
3 0.337577 0.387346 0.002315 0.003086
3 0.704475 0.373971 0.003086 0.003086
3 0.702160 0.362140 0.004630 0.006173
3 0.869985 0.359053 0.003858 0.006173
3 0.699460 0.349794 0.003858 0.004115
3 0.683256 0.344136 0.006944 0.007202
3 0.658565 0.338992 0.006944 0.005144
3 0.789738 0.257202 0.005401 0.004115
3 0.335648 0.114712 0.004630 0.007202
3 0.503472 0.049383 0.000772 0.004115
3 0.462191 0.025206 0.006173 0.009259