0 0.685303 0.749349 0.002441 0.002604
0 0.716309 0.724935 0.004883 0.004557
0 0.715332 0.699870 0.005859 0.006510
0 0.717773 0.683594 0.003906 0.003906
0 0.696289 0.683268 0.002930 0.004557
0 0.637207 0.683268 0.005859 0.004557
0 0.720947 0.669271 0.002441 0.002604
0 0.713379 0.512044 0.009766 0.008464
0 0.679932 0.490560 0.003418 0.005859
0 0.688721 0.489583 0.004395 0.005208
0 0.427734 0.464844 0.004883 0.006510
0 0.692139 0.450846 0.002441 0.004557
0 0.650879 0.411784 0.000977 0.001953
0 0.703369 0.406576 0.007324 0.012370
0 0.641846 0.402669 0.008301 0.014974
0 0.613770 0.375977 0.003906 0.004557
0 0.625732 0.351888 0.005371 0.008464
0 0.699707 0.334961 0.009766 0.017578
0 0.688477 0.315755 0.007813 0.011719
1 0.668457 0.772135 0.005859 0.007813
1 0.649414 0.764648 0.005859 0.007161
1 0.742188 0.750326 0.007813 0.008464
1 0.666016 0.745443 0.007813 0.010417
1 0.660156 0.725260 0.004883 0.006510
1 0.766357 0.690430 0.007324 0.008464
1 0.786133 0.680013 0.002930 0.008464
1 0.559326 0.661133 0.006348 0.003255
1 0.716797 0.650065 0.005859 0.011068
1 0.731689 0.640299 0.006348 0.008464
1 0.775879 0.633464 0.010742 0.006510
1 0.777588 0.614909 0.008301 0.008464
1 0.756592 0.545247 0.002441 0.008464
1 0.709961 0.535807 0.010742 0.006510
1 0.743408 0.531576 0.015137 0.008464
1 0.725830 0.469401 0.005371 0.006510
1 0.409668 0.468099 0.009766 0.009115
1 0.162598 0.453776 0.032227 0.033854
1 0.744385 0.433919 0.020020 0.017578
1 0.550049 0.406250 0.005371 0.009115
1 0.676025 0.352214 0.007324 0.007813
1 0.522705 0.349935 0.007324 0.016276
1 0.671387 0.285482 0.010742 0.012370
3 0.693848 0.291016 0.004883 0.005208
3 0.322754 0.168620 0.001953 0.002604