0 0.296123 0.827500 0.005348 0.007000
0 0.284759 0.818000 0.001337 0.002000
0 0.288102 0.815500 0.004011 0.009000
0 0.270388 0.790500 0.002005 0.003000
0 0.235963 0.761500 0.001337 0.003000
0 0.253676 0.756500 0.002005 0.003000
0 0.199866 0.472500 0.004011 0.007000
0 0.195187 0.454000 0.008021 0.014000
0 0.398396 0.288500 0.006684 0.013000
0 0.416110 0.281500 0.003342 0.007000
0 0.413436 0.256500 0.003342 0.005000
1 0.301471 0.810500 0.020053 0.035000
1 0.268048 0.774000 0.010695 0.018000
1 0.226939 0.579500 0.015374 0.017000
1 0.237968 0.395000 0.006684 0.012000
3 0.649398 0.895500 0.003342 0.007000
3 0.641043 0.886500 0.004011 0.007000
3 0.289439 0.843000 0.005348 0.008000
3 0.275401 0.835500 0.002674 0.005000
3 0.275401 0.819500 0.002674 0.005000
3 0.275401 0.811500 0.001337 0.003000
3 0.280414 0.805000 0.002005 0.004000
3 0.670789 0.784500 0.002005 0.003000
3 0.336230 0.777500 0.002674 0.003000
3 0.390040 0.766000 0.002005 0.004000
3 0.254679 0.737500 0.002674 0.005000
3 0.243316 0.738000 0.002674 0.006000
3 0.226604 0.689000 0.004011 0.006000
3 0.460896 0.689000 0.003342 0.010000
3 0.446190 0.676000 0.003342 0.004000
3 0.202874 0.588500 0.003342 0.005000
3 0.234626 0.586000 0.004011 0.006000
3 0.209225 0.546000 0.001337 0.002000
3 0.419452 0.181500 0.004679 0.007000
3 0.653075 0.128500 0.004011 0.007000
3 0.409425 0.086500 0.004679 0.009000