0 0.893841 0.563314 0.007971 0.010854
0 0.896014 0.542692 0.005072 0.004342
0 0.880797 0.488784 0.025362 0.019537
0 0.825725 0.365412 0.021014 0.020260
0 0.829710 0.373734 0.002899 0.002171
0 0.831522 0.357815 0.002174 0.002171
0 0.561957 0.341896 0.002174 0.002171
0 0.541304 0.341896 0.001449 0.002171
0 0.556884 0.340810 0.003623 0.005789
0 0.616304 0.341172 0.022464 0.023878
0 0.575000 0.332489 0.009420 0.009407
0 0.600362 0.319103 0.006522 0.008683
0 0.519928 0.315485 0.002174 0.004342
0 0.619928 0.306802 0.006522 0.010130
0 0.607609 0.299928 0.002174 0.002171
0 0.608333 0.291606 0.006522 0.010130
0 0.523551 0.271346 0.006522 0.013025
0 0.590942 0.265557 0.013768 0.011577
0 0.538406 0.256151 0.004348 0.005789
0 0.578623 0.244211 0.003623 0.003618
0 0.561232 0.248915 0.006522 0.013025
0 0.588043 0.238423 0.002174 0.002171
0 0.553261 0.235890 0.002174 0.002894
0 0.559058 0.231548 0.002174 0.002894
0 0.555072 0.234443 0.011594 0.008683
0 0.555072 0.226483 0.005797 0.002894
0 0.389855 0.227207 0.005797 0.007236
0 0.562319 0.178726 0.014493 0.014472
0 0.600362 0.121201 0.009420 0.010854
0 0.622101 0.107091 0.005072 0.004342
1 0.639130 0.692475 0.011594 0.021708
1 0.368116 0.682344 0.053623 0.053546
1 0.388043 0.517366 0.007971 0.008683
1 0.394203 0.425832 0.017391 0.013748
1 0.255072 0.362880 0.026087 0.019537
1 0.128261 0.346599 0.014493 0.017366
1 0.500000 0.198625 0.013043 0.013748
1 0.538043 0.195007 0.018116 0.016643
3 0.263768 0.116860 0.002899 0.003618