0 0.539216 0.725490 0.004902 0.009804
0 0.545650 0.715686 0.003064 0.003268
0 0.694547 0.498775 0.005515 0.008987
0 0.727941 0.463235 0.012255 0.013072
0 0.727635 0.463644 0.003676 0.004902
0 0.732843 0.451797 0.003676 0.004902
0 0.514400 0.444444 0.003064 0.003268
0 0.689951 0.439134 0.003676 0.007353
0 0.522365 0.417075 0.003064 0.002451
0 0.516544 0.419935 0.004902 0.009804
0 0.508578 0.423203 0.011029 0.016340
0 0.772059 0.413807 0.001225 0.002451
0 0.511642 0.413399 0.002451 0.003268
0 0.352022 0.343137 0.001838 0.003268
0 0.374387 0.343954 0.004902 0.006536
0 0.395833 0.339869 0.004902 0.008170
0 0.565564 0.334967 0.004902 0.004902
0 0.574449 0.326797 0.009191 0.017974
1 0.585478 0.775735 0.005515 0.008987
1 0.540135 0.575163 0.007966 0.013072
1 0.550245 0.556373 0.002451 0.003268
1 0.555453 0.554330 0.004289 0.004085
1 0.561887 0.560049 0.024510 0.026961
1 0.564645 0.554739 0.001225 0.002451
1 0.681373 0.515931 0.008578 0.007353
1 0.712623 0.470588 0.015931 0.013072
1 0.796569 0.415850 0.002451 0.008170
1 0.599571 0.339869 0.012868 0.016340
1 0.601716 0.335784 0.001838 0.002451
1 0.473039 0.333333 0.007353 0.014706
1 0.370711 0.330882 0.007353 0.009804
1 0.592831 0.323121 0.000613 0.000817
1 0.371936 0.321895 0.009804 0.006536
1 0.587929 0.317810 0.009191 0.008170
1 0.566483 0.300654 0.014093 0.011438
1 0.580270 0.281863 0.031863 0.022876
1 0.531863 0.246324 0.012255 0.005719
3 0.278186 0.781046 0.002451 0.003268
3 0.629596 0.704657 0.003064 0.004085
3 0.391850 0.625817 0.003064 0.001634
3 0.591912 0.527778 0.003676 0.006536
3 0.643689 0.520425 0.004289 0.008170
3 0.593750 0.508170 0.002451 0.003268
3 0.692708 0.478758 0.003064 0.003268
3 0.621936 0.470588 0.001225 0.001634
3 0.641238 0.437908 0.003064 0.003268
3 0.566176 0.403186 0.003676 0.005719
3 0.747549 0.379493 0.003676 0.005719
3 0.591605 0.304739 0.003064 0.003268