0 0.510254 0.843424 0.000977 0.003255
0 0.513672 0.837891 0.001953 0.002604
0 0.488770 0.838542 0.009766 0.019531
0 0.445068 0.826497 0.006348 0.008464
0 0.436523 0.819661 0.004883 0.005208
0 0.443604 0.816732 0.003418 0.007161
0 0.387207 0.815104 0.001953 0.003906
0 0.343994 0.812826 0.001465 0.001953
0 0.392334 0.813151 0.002441 0.005208
0 0.376709 0.804362 0.003418 0.003255
0 0.414795 0.807617 0.004395 0.011068
0 0.527832 0.804688 0.012695 0.033854
0 0.488037 0.806966 0.008301 0.038411
0 0.338867 0.790690 0.004883 0.007161
0 0.360840 0.790039 0.005859 0.008464
0 0.351807 0.790039 0.004395 0.008464
0 0.322754 0.785156 0.000977 0.001302
0 0.526855 0.783203 0.000977 0.001302
0 0.321777 0.782227 0.002930 0.003255
0 0.346924 0.781250 0.004395 0.009115
0 0.536377 0.775065 0.001465 0.001953
0 0.547852 0.774414 0.001953 0.003255
0 0.374268 0.771484 0.001465 0.001302
0 0.518311 0.777669 0.008301 0.018880
0 0.343994 0.769206 0.005371 0.005859
0 0.390381 0.763997 0.001465 0.001953
0 0.366699 0.766927 0.004883 0.010417
0 0.536377 0.762695 0.005371 0.009766
0 0.529053 0.759440 0.002441 0.004557
0 0.363037 0.756510 0.004395 0.006510
0 0.528320 0.753906 0.001953 0.005208
0 0.525391 0.751302 0.001953 0.002604
0 0.530029 0.747721 0.001465 0.001953
0 0.367920 0.745117 0.001465 0.001953
0 0.359375 0.743490 0.000977 0.001302
0 0.358398 0.739583 0.003906 0.003906
0 0.306885 0.737956 0.004395 0.004557
0 0.528809 0.738607 0.006836 0.009766
0 0.539307 0.737305 0.004395 0.008464
0 0.496338 0.744466 0.008301 0.029297
0 0.527344 0.726888 0.006836 0.004557
0 0.322998 0.718099 0.004395 0.005208
0 0.333740 0.716146 0.003418 0.003906
0 0.543701 0.720378 0.019043 0.021484
0 0.562256 0.711263 0.002441 0.005859
0 0.318359 0.706055 0.027344 0.018880
0 0.528320 0.706380 0.013672 0.024740
0 0.319580 0.693034 0.004395 0.004557
0 0.545410 0.688802 0.002930 0.003906
0 0.517822 0.688151 0.003418 0.003906
0 0.531250 0.681641 0.024414 0.018229
0 0.527100 0.683268 0.002441 0.003255
0 0.347412 0.670247 0.008301 0.008464
0 0.345703 0.668945 0.001953 0.001953
0 0.425781 0.584635 0.006836 0.007813
0 0.553955 0.576497 0.001465 0.001953
0 0.208496 0.583984 0.017578 0.027344
0 0.498291 0.551107 0.003418 0.003255
0 0.373779 0.539063 0.006348 0.009115
0 0.541016 0.535156 0.001953 0.003906
0 0.220947 0.532878 0.002441 0.003255
0 0.513672 0.529948 0.001953 0.002604
0 0.218018 0.529297 0.001465 0.001302
0 0.527588 0.530924 0.006348 0.009766
0 0.405762 0.527018 0.002930 0.008464
0 0.531494 0.523763 0.002441 0.004557
0 0.370605 0.525391 0.013672 0.011719
0 0.340576 0.519206 0.001465 0.001953
0 0.224854 0.522461 0.009277 0.011068
0 0.222656 0.513672 0.000977 0.001302
0 0.212891 0.518555 0.011719 0.014974
0 0.360596 0.512695 0.003418 0.007161
0 0.410889 0.509115 0.002441 0.003906
0 0.400635 0.508789 0.005371 0.004557
0 0.217773 0.504557 0.000977 0.001302
0 0.387207 0.504232 0.001953 0.001953
0 0.533936 0.509440 0.010254 0.013672
0 0.160645 0.504883 0.004883 0.004557
0 0.213379 0.502930 0.002930 0.003255
0 0.358398 0.501628 0.001953 0.001953
0 0.221191 0.506185 0.008789 0.011068
0 0.374023 0.502604 0.002930 0.005208
0 0.543457 0.500326 0.002930 0.003255
0 0.502441 0.499023 0.000977 0.001953
0 0.381104 0.499023 0.001465 0.001953
0 0.389404 0.498047 0.001465 0.001302
0 0.348877 0.512370 0.015137 0.032552
0 0.364014 0.499349 0.010254 0.010417
0 0.440430 0.493164 0.001953 0.001953
0 0.238770 0.496094 0.007813 0.010417
0 0.239502 0.496419 0.001465 0.001953
0 0.523193 0.491211 0.001465 0.001953
0 0.467041 0.488932 0.001465 0.001302
0 0.464600 0.498698 0.009277 0.026042
0 0.438721 0.488607 0.006348 0.005859
0 0.454346 0.486003 0.001465 0.001953
0 0.363525 0.482422 0.008301 0.006510
0 0.381836 0.485677 0.008789 0.018229
0 0.421387 0.476237 0.001953 0.004557
0 0.443115 0.475911 0.003418 0.005208
0 0.439697 0.473958 0.001465 0.001302
0 0.414307 0.474284 0.003418 0.004557
0 0.578613 0.472005 0.004883 0.006510
0 0.460938 0.471354 0.003906 0.005208
0 0.476318 0.468424 0.005371 0.004557
0 0.457520 0.466471 0.001953 0.001953
0 0.471436 0.453451 0.001465 0.001953
0 0.499268 0.453451 0.002441 0.004557
0 0.460938 0.453451 0.013672 0.012370
0 0.469238 0.447591 0.002930 0.003255
0 0.480225 0.444010 0.001465 0.003906
0 0.471436 0.441406 0.001465 0.001302
0 0.465332 0.441732 0.007813 0.008464
0 0.468018 0.436523 0.001465 0.001953
0 0.493896 0.436523 0.003418 0.005859
0 0.187988 0.431966 0.003906 0.004557
0 0.486084 0.435872 0.014160 0.016276
0 0.473389 0.419271 0.001465 0.002604
0 0.477295 0.419922 0.003418 0.006510
0 0.467285 0.418620 0.002930 0.005208
0 0.481201 0.412109 0.004395 0.003906
0 0.487793 0.408529 0.004883 0.005859
0 0.491699 0.401367 0.002930 0.003255
0 0.505859 0.393880 0.011719 0.023438
0 0.517090 0.391927 0.004883 0.023438
0 0.310059 0.375651 0.007813 0.013021
0 0.465088 0.369141 0.005371 0.009115
0 0.377441 0.353190 0.004883 0.007161
0 0.488770 0.355794 0.005859 0.016276
0 0.458252 0.349284 0.003418 0.004557
0 0.464600 0.348633 0.006348 0.005859
0 0.461914 0.322591 0.007813 0.016276
0 0.466064 0.297852 0.006348 0.009766
0 0.321289 0.290039 0.004883 0.009766
0 0.473389 0.296875 0.024902 0.041667
0 0.415771 0.267578 0.004395 0.007813