1 0.470558 0.927083 0.404959 0.131944
1 0.629907 0.829861 0.026343 0.017747
1 0.701963 0.853781 0.099174 0.105710
1 0.729855 0.686343 0.019628 0.027006
1 0.805010 0.555170 0.026343 0.036265
1 0.797004 0.539738 0.002066 0.002315
1 0.765496 0.547068 0.034091 0.037037
1 0.581612 0.368056 0.018595 0.015432
1 0.534349 0.324460 0.012913 0.017747
1 0.726498 0.320602 0.012913 0.019290
1 0.591426 0.286651 0.013430 0.011574
1 0.490186 0.210648 0.017562 0.015432
1 0.292872 0.189815 0.004132 0.007716
1 0.278926 0.182485 0.023760 0.025463
1 0.271952 0.152006 0.003616 0.006173
1 0.603564 0.088349 0.005682 0.010031
1 0.669680 0.093364 0.008781 0.026235
1 0.625775 0.076389 0.010847 0.020062
1 0.609246 0.051312 0.012913 0.023920
2 0.826705 0.467207 0.014979 0.054784
2 0.813017 0.390432 0.020661 0.037037
2 0.719008 0.279321 0.027893 0.050926
2 0.597882 0.238040 0.034607 0.043981
2 0.533833 0.192515 0.021178 0.025463
2 0.462552 0.172068 0.026343 0.043210