0 0.311053 0.783565 0.006366 0.009259
0 0.230035 0.680845 0.002894 0.002894
0 0.159144 0.677083 0.003472 0.004630
0 0.236400 0.675058 0.001736 0.002894
0 0.242188 0.673322 0.002894 0.002894
0 0.208912 0.677083 0.008102 0.013889
0 0.232928 0.667824 0.008681 0.004630
0 0.420139 0.655382 0.001157 0.001736
0 0.421875 0.650174 0.010417 0.006366
0 0.189236 0.642072 0.006944 0.007523
0 0.208333 0.638889 0.005787 0.006944
0 0.154803 0.642072 0.017940 0.014468
0 0.158565 0.634259 0.001157 0.001157
0 0.156250 0.629919 0.009259 0.005208
0 0.204572 0.628762 0.007523 0.006366
0 0.152199 0.621238 0.001157 0.000579
0 0.624421 0.607928 0.003472 0.002894
0 0.633681 0.607639 0.005787 0.009259
0 0.118924 0.597222 0.007523 0.003472
0 0.151042 0.594329 0.001157 0.001157
0 0.139468 0.594039 0.002315 0.002894
0 0.227141 0.596644 0.007523 0.009259
0 0.126157 0.590278 0.001157 0.001157
0 0.163773 0.591435 0.005787 0.004630
0 0.142940 0.590278 0.004630 0.004630
0 0.174769 0.589120 0.005787 0.003472
0 0.130498 0.586806 0.006366 0.004630
0 0.096065 0.584780 0.001157 0.000579
0 0.107350 0.585359 0.002894 0.004051
0 0.135417 0.583912 0.004630 0.002315
0 0.225984 0.583912 0.010995 0.004630
0 0.100116 0.581597 0.004630 0.005787
0 0.107928 0.578125 0.005208 0.004630
0 0.143229 0.576100 0.004051 0.001736
0 0.087963 0.572917 0.004630 0.004630
0 0.072627 0.568576 0.001736 0.001736
0 0.108796 0.570023 0.005787 0.006944
0 0.079861 0.566262 0.003472 0.002894
0 0.383391 0.562789 0.001736 0.001736
0 0.062211 0.563079 0.004051 0.005787
0 0.397280 0.559317 0.001736 0.001736
0 0.387731 0.558738 0.001157 0.000579
0 0.384838 0.558738 0.001157 0.000579
0 0.399595 0.558160 0.000579 0.001736
0 0.121817 0.559317 0.004051 0.004051
0 0.078125 0.561632 0.015046 0.008681
0 0.092593 0.557581 0.001157 0.001736
0 0.367188 0.557002 0.002894 0.002894
0 0.059028 0.557870 0.004630 0.004630
0 0.387731 0.553530 0.001157 0.001736
0 0.383391 0.553241 0.001736 0.001157
0 0.084780 0.550058 0.001736 0.001736
0 0.369502 0.550637 0.005208 0.007523
0 0.077546 0.547164 0.002315 0.004051
0 0.063657 0.552951 0.028935 0.016782
0 0.390914 0.543981 0.001736 0.001157
0 0.374421 0.542824 0.001157 0.001157
0 0.399016 0.542535 0.001736 0.001736
0 0.396412 0.539063 0.002315 0.002894
0 0.386574 0.538773 0.002315 0.003472
0 0.381655 0.536169 0.001736 0.001736
0 0.392650 0.534433 0.001736 0.002894
0 0.384259 0.535012 0.002315 0.004051
0 0.394965 0.532118 0.002894 0.001736
0 0.379051 0.525463 0.001157 0.001157
0 0.366609 0.528067 0.005208 0.006366
0 0.402488 0.524016 0.002894 0.001736
0 0.419850 0.538194 0.030671 0.034722
0 0.412326 0.520255 0.001736 0.002315
0 0.393519 0.523727 0.012731 0.009259
0 0.370370 0.520255 0.002315 0.002315
0 0.417535 0.517940 0.001736 0.001157
0 0.404225 0.518229 0.002894 0.001736
0 0.411169 0.515914 0.001736 0.002894
0 0.407118 0.513600 0.000579 0.001736
0 0.394097 0.508970 0.004630 0.004051
0 0.381944 0.508391 0.004630 0.006366
0 0.366898 0.503183 0.001157 0.001736
0 0.370949 0.502025 0.001157 0.000579
0 0.410880 0.504340 0.008102 0.009838
0 0.375868 0.500000 0.001736 0.001157
0 0.370660 0.493634 0.000579 0.001157
0 0.368924 0.493634 0.000579 0.001157
0 0.418692 0.497106 0.010995 0.009259
0 0.378762 0.494213 0.005208 0.003472
0 0.444155 0.493056 0.006366 0.005787
0 0.411748 0.489005 0.002894 0.004630
0 0.451678 0.482928 0.002894 0.001736
0 0.390336 0.490741 0.019097 0.025463
0 0.461516 0.471354 0.001736 0.002894
0 0.410880 0.469329 0.001157 0.001157
0 0.457465 0.464988 0.002894 0.002894
0 0.453704 0.463252 0.001157 0.001736
0 0.438368 0.462384 0.001736 0.002315
0 0.407986 0.462963 0.004630 0.004630
0 0.370660 0.460648 0.002894 0.003472
0 0.469039 0.459201 0.007523 0.008681
0 0.364005 0.460069 0.024306 0.034722
0 0.430266 0.459491 0.030671 0.047454
0 0.350694 0.434606 0.005787 0.005787
0 0.372396 0.431713 0.001736 0.002315
0 0.349826 0.425058 0.001736 0.001736
0 0.536458 0.424479 0.013889 0.012153
0 0.500289 0.418692 0.002894 0.001736
0 0.506076 0.416377 0.001736 0.000579
0 0.326389 0.419850 0.009259 0.007523
0 0.544271 0.416377 0.001736 0.002894
0 0.530093 0.413773 0.004630 0.004630
0 0.490451 0.418403 0.005208 0.013889
0 0.321470 0.413194 0.002894 0.003472
0 0.507813 0.410012 0.002894 0.002894
0 0.525174 0.398727 0.002894 0.002315
0 0.508970 0.400752 0.014468 0.007523
0 0.487269 0.396123 0.001157 0.001736
0 0.490741 0.394387 0.001157 0.001736
0 0.363715 0.397859 0.005208 0.008681
0 0.506076 0.393519 0.007523 0.005787
0 0.484086 0.391204 0.001736 0.001157
0 0.305266 0.391782 0.001736 0.002315
0 0.296007 0.391204 0.001736 0.002315
0 0.344907 0.397280 0.028935 0.022569
0 0.396412 0.386285 0.002315 0.001736
0 0.360822 0.386285 0.001736 0.001736
0 0.474537 0.383970 0.009259 0.002894
0 0.317708 0.391204 0.017361 0.028935
0 0.320023 0.387442 0.002894 0.003472
0 0.337095 0.382523 0.012153 0.012731
0 0.509838 0.376736 0.003472 0.003472
0 0.487558 0.377315 0.005208 0.004630
0 0.344907 0.375000 0.001157 0.002315
0 0.381944 0.371238 0.002315 0.001736
0 0.280093 0.371817 0.003472 0.002894
0 0.286748 0.371238 0.006366 0.005208
0 0.312211 0.372106 0.009838 0.009259
0 0.404225 0.364873 0.000579 0.001736
0 0.347222 0.367477 0.015046 0.009259
0 0.400174 0.361979 0.001736 0.001736
0 0.411748 0.348380 0.006366 0.004630
0 0.400752 0.345197 0.002894 0.004051
0 0.401042 0.340567 0.002315 0.001736
0 0.385417 0.346933 0.018519 0.037616
0 0.390914 0.346644 0.002315 0.001736
0 0.354456 0.322338 0.001736 0.001157
0 0.833623 0.322338 0.007523 0.004630
0 0.340856 0.316262 0.001157 0.001736
0 0.449363 0.313079 0.005208 0.002315
0 0.393229 0.315104 0.006366 0.006366
0 0.268808 0.313657 0.005208 0.003472
0 0.426215 0.315683 0.005208 0.008681
0 0.340567 0.311343 0.001736 0.001157
0 0.414931 0.312211 0.011574 0.006366
0 0.441551 0.310185 0.008102 0.004630
0 0.432292 0.310185 0.008102 0.004630
0 0.351852 0.312789 0.012731 0.012153
0 0.423900 0.306424 0.002894 0.002894
0 0.383391 0.297454 0.001736 0.001157
0 0.449942 0.295428 0.000579 0.000579
0 0.432292 0.300058 0.013889 0.009838
0 0.418981 0.293113 0.001157 0.001736
0 0.352431 0.295718 0.018519 0.009259
0 0.439236 0.288773 0.005787 0.006944
0 0.433449 0.283275 0.003472 0.002894
0 0.454572 0.281829 0.014468 0.005787
0 0.449363 0.272859 0.004051 0.002894
0 0.477720 0.269676 0.017940 0.011574
0 0.289352 0.263310 0.005787 0.003472
0 0.489873 0.260995 0.000579 0.001157
0 0.383970 0.263310 0.006366 0.005787
0 0.439815 0.259838 0.001157 0.001157
0 0.461516 0.263310 0.007523 0.009259
0 0.295139 0.260995 0.004630 0.004630
0 0.444155 0.267940 0.021412 0.021991
0 0.385706 0.246238 0.036458 0.026042
0 0.380208 0.245370 0.008681 0.009838
0 0.527778 0.230035 0.024306 0.021412
0 0.243634 0.147280 0.009259 0.006366
0 0.229456 0.138021 0.006366 0.006366
0 0.253762 0.133391 0.007523 0.002894
0 0.394387 0.090856 0.007523 0.004630
1 0.450231 0.927662 0.027778 0.015046
1 0.160012 0.754919 0.013310 0.012153
1 0.776620 0.735532 0.010417 0.028935
1 0.173900 0.683449 0.005208 0.008102
1 0.145255 0.669560 0.013889 0.006944
1 0.192998 0.657118 0.017940 0.010995
1 0.170139 0.650752 0.003472 0.002894
1 0.672743 0.647280 0.010995 0.008681
1 0.606192 0.642072 0.002894 0.005208
1 0.179109 0.640625 0.008681 0.006944
1 0.608218 0.637442 0.004630 0.001736
1 0.131366 0.639757 0.010417 0.009838
1 0.647859 0.627315 0.041088 0.015046
1 0.618056 0.620370 0.009259 0.004630
1 0.557870 0.625000 0.008102 0.013889
1 0.607639 0.615741 0.005787 0.004630
1 0.620081 0.611400 0.002894 0.001736
1 0.640625 0.609954 0.004630 0.004630
1 0.115451 0.612847 0.010995 0.013889
1 0.073785 0.592593 0.070023 0.039352
1 0.089699 0.564525 0.008102 0.002894
1 0.170428 0.560475 0.026042 0.021412
1 0.154803 0.554109 0.014468 0.009838
1 0.196181 0.551794 0.005787 0.007523
1 0.045428 0.553241 0.014468 0.013889
1 0.039063 0.544850 0.001736 0.000579
1 0.077546 0.535012 0.004630 0.004051
1 0.115741 0.531250 0.025463 0.021991
1 0.919560 0.518229 0.020833 0.013310
1 0.169850 0.509549 0.008681 0.008681
1 0.300926 0.507523 0.011574 0.008102
1 0.092014 0.473669 0.006944 0.010995
1 0.546875 0.461806 0.001157 0.001157
1 0.529225 0.450231 0.012153 0.003472
1 0.513600 0.453704 0.044560 0.017361
1 0.481481 0.448206 0.038194 0.017940
1 0.421586 0.428819 0.022569 0.015046
1 0.446181 0.421296 0.010417 0.005787
1 0.564815 0.412037 0.009259 0.005787
1 0.410880 0.412037 0.008102 0.005787
1 0.438368 0.412905 0.016782 0.012153
1 0.562500 0.402199 0.008102 0.004630
1 0.414641 0.398148 0.008681 0.005787
1 0.561053 0.392650 0.005208 0.004051
1 0.352141 0.355903 0.012153 0.017361
1 0.840856 0.332465 0.008102 0.012153
1 0.455440 0.342303 0.075231 0.057292
1 0.362847 0.257813 0.009259 0.007523
1 0.122396 0.296007 0.067708 0.087384
1 0.722512 0.243345 0.021412 0.024884
1 0.623553 0.226563 0.007523 0.009838
1 0.680845 0.213542 0.006366 0.010417
1 0.706019 0.205150 0.010417 0.015625
1 0.738426 0.216435 0.026620 0.041667
1 0.526910 0.198495 0.012153 0.008102
1 0.693287 0.197917 0.006944 0.009259
1 0.780961 0.215278 0.010995 0.084491
1 0.661458 0.175926 0.005787 0.005787
1 0.714120 0.094329 0.017361 0.010417
1 0.655382 0.086516 0.016782 0.016782
2 0.493056 0.972801 0.018519 0.005787
2 0.499421 0.953125 0.013889 0.018519
2 0.423322 0.940683 0.005208 0.002894
2 0.418692 0.930845 0.014468 0.012153
2 0.378762 0.785012 0.020255 0.030671
2 0.381076 0.782986 0.003472 0.002894
2 0.628183 0.643808 0.023727 0.016782
2 0.588252 0.630498 0.007523 0.005208
2 0.574363 0.621238 0.016782 0.015625
2 0.548032 0.393519 0.018519 0.018519
2 0.106771 0.335938 0.020255 0.022569
2 0.103009 0.307581 0.005787 0.008681
2 0.105903 0.286458 0.006944 0.006944
2 0.794560 0.238715 0.015046 0.039931
2 0.835938 0.217593 0.030671 0.021991
2 0.764757 0.206019 0.026042 0.026620
2 0.459780 0.096065 0.031829 0.034722
2 0.464699 0.097512 0.001736 0.002315
2 0.453704 0.086806 0.001736 0.001736
3 0.155671 0.622975 0.004630 0.002894
3 0.166956 0.609086 0.009838 0.006366
3 0.410590 0.558738 0.002894 0.002894
3 0.226852 0.541667 0.003472 0.005787
3 0.146991 0.536169 0.005787 0.007523
3 0.235243 0.508970 0.004051 0.004051
3 0.160012 0.480035 0.004051 0.004051
3 0.128472 0.421007 0.005787 0.005208
3 0.626157 0.398148 0.009259 0.005787
3 0.306134 0.363715 0.005787 0.004051
3 0.309896 0.353588 0.005208 0.011574
3 0.811921 0.347512 0.002315 0.005208
3 0.071759 0.328414 0.004630 0.004051
3 0.776620 0.282118 0.001157 0.001736
3 0.766204 0.282407 0.004630 0.004630
3 0.349826 0.276331 0.004051 0.004051
3 0.789641 0.275752 0.006366 0.006366
3 0.150174 0.245660 0.002894 0.004051
3 0.393519 0.220775 0.005787 0.006366
3 0.163194 0.215278 0.004630 0.004630
3 0.751447 0.178530 0.000579 0.001736
3 0.736111 0.158854 0.002315 0.001736
3 0.739873 0.156250 0.004051 0.002315
3 0.712674 0.149595 0.001736 0.004051
3 0.554688 0.148148 0.004051 0.004630