2 0.496677 0.354705 0.036299 0.031024
2 0.699131 0.293950 0.029141 0.025336
2 0.708333 0.288004 0.001534 0.002068
3 0.672546 0.865305 0.005624 0.005688
3 0.695041 0.851603 0.003579 0.005171
3 0.628579 0.845398 0.002556 0.002068
3 0.625511 0.814633 0.005624 0.003619
3 0.610941 0.807911 0.005112 0.005688
3 0.623466 0.790589 0.003579 0.003102
3 0.793200 0.762151 0.003579 0.004137
3 0.578988 0.699328 0.003579 0.003619
3 0.454755 0.691313 0.007669 0.005171
3 0.550102 0.648656 0.009202 0.010858
3 0.554959 0.635212 0.005624 0.006722
3 0.927147 0.625646 0.006646 0.006205
3 0.573364 0.624871 0.007669 0.006722
3 0.494888 0.619183 0.008180 0.004654
3 0.480573 0.601344 0.002045 0.001034
3 0.576687 0.569804 0.001022 0.002068
3 0.626278 0.569545 0.009202 0.006722
3 0.637781 0.566701 0.002556 0.003102
3 0.541411 0.562306 0.003067 0.003619
3 0.623466 0.556101 0.005624 0.004654
3 0.486708 0.466132 0.003067 0.002585
3 0.518149 0.457342 0.006646 0.009824
3 0.607618 0.457342 0.014826 0.019131
3 0.605061 0.459152 0.004601 0.005171
3 0.507157 0.452172 0.008180 0.008790
3 0.561350 0.447001 0.009202 0.005688
3 0.473160 0.436143 0.003579 0.004654
3 0.622955 0.430196 0.008691 0.007239
3 0.441462 0.427870 0.005624 0.004654
3 0.444530 0.414168 0.003579 0.004137
3 0.596115 0.411065 0.014315 0.008273
3 0.465491 0.380300 0.002556 0.003619
3 0.456033 0.372027 0.006135 0.001551
3 0.580266 0.372027 0.003067 0.003619
3 0.600460 0.363754 0.003579 0.003619
3 0.455010 0.362203 0.003067 0.002585
3 0.400307 0.342554 0.003067 0.002585
3 0.534509 0.301706 0.003579 0.003619
3 0.526329 0.297570 0.004601 0.004654
3 0.399029 0.295243 0.003579 0.004137
3 0.414366 0.285160 0.006646 0.006722
3 0.722137 0.266029 0.006646 0.007756
3 0.885992 0.263444 0.005112 0.005688
3 0.273773 0.261892 0.007669 0.006722
3 0.521217 0.249224 0.003579 0.004137
3 0.890337 0.245346 0.004601 0.003619
3 0.884969 0.243537 0.002045 0.002068
3 0.497188 0.236039 0.007669 0.005688
3 0.213957 0.229576 0.006646 0.007239
3 0.236708 0.220010 0.004090 0.003619
3 0.222137 0.202172 0.004601 0.011375
3 0.739264 0.193382 0.009202 0.017580
3 0.373978 0.121251 0.007669 0.008790