0 0.360352 0.924805 0.007813 0.009766
0 0.383057 0.890625 0.003418 0.006510
0 0.782227 0.625326 0.004883 0.005859
0 0.808105 0.606445 0.004883 0.007161
0 0.796143 0.603190 0.006348 0.008464
0 0.758789 0.595703 0.009766 0.010417
0 0.742676 0.574544 0.003906 0.005859
0 0.778564 0.345378 0.003418 0.003255
0 0.800537 0.269206 0.003418 0.005859
0 0.587402 0.222331 0.004883 0.012370
3 0.595703 0.896159 0.006836 0.005859
3 0.614746 0.552083 0.004883 0.009115
3 0.723389 0.470378 0.003418 0.004557
3 0.719482 0.451497 0.001465 0.001953