0 0.806098 0.614919 0.001220 0.000806
0 0.781402 0.569758 0.009146 0.010484
0 0.789634 0.564113 0.001220 0.000806
0 0.621646 0.538306 0.010366 0.015323
0 0.621037 0.519355 0.007927 0.008065
0 0.613110 0.518145 0.004268 0.007258
0 0.657927 0.514919 0.003659 0.004032
0 0.606402 0.514113 0.003049 0.004032
0 0.614329 0.506855 0.001829 0.000806
0 0.557622 0.504032 0.004268 0.004839
0 0.564634 0.500806 0.001220 0.001613
0 0.566463 0.506048 0.020732 0.013710
0 0.606098 0.496774 0.002439 0.003226
0 0.613110 0.499194 0.009146 0.009677
0 0.557012 0.497581 0.005488 0.006452
0 0.575610 0.494758 0.001220 0.002419
0 0.615244 0.483468 0.010976 0.007258
0 0.630183 0.472984 0.005488 0.005645
0 0.686280 0.456048 0.007927 0.007258
1 0.431402 0.465323 0.006707 0.004839
1 0.423171 0.463710 0.006098 0.003226
1 0.714939 0.437097 0.016463 0.024194
3 0.547256 0.491935 0.006707 0.008065
3 0.691463 0.481048 0.002439 0.005645
3 0.641463 0.436694 0.002439 0.002419
3 0.655793 0.408871 0.001829 0.003226
3 0.605793 0.409274 0.004268 0.004032