1 0.524792 0.895417 0.077917 0.018333
1 0.510833 0.853750 0.012500 0.006667
1 0.804792 0.838125 0.015417 0.014583
1 0.620417 0.829375 0.024167 0.012917
1 0.526667 0.755625 0.029167 0.008750
1 0.551250 0.749792 0.005833 0.004583
1 0.748750 0.718333 0.022500 0.017500
1 0.168125 0.719375 0.009583 0.021250
1 0.144792 0.681667 0.003750 0.006667
1 0.420417 0.682708 0.022500 0.020417
1 0.182292 0.670625 0.007083 0.009583
1 0.408125 0.661458 0.056250 0.014583
1 0.893125 0.657083 0.025417 0.017500
1 0.174375 0.646458 0.008750 0.021250
1 0.106042 0.347708 0.012083 0.012917
1 0.935208 0.316250 0.014583 0.015833
1 0.645000 0.221042 0.030000 0.009583
1 0.472292 0.204792 0.037083 0.014583
1 0.198750 0.189375 0.000833 0.001250
1 0.209167 0.186875 0.017500 0.013750
1 0.210000 0.164167 0.010000 0.012500
1 0.447083 0.161250 0.007500 0.016667
1 0.227083 0.145417 0.010833 0.005833
1 0.434792 0.146667 0.020417 0.012500
1 0.447083 0.112708 0.011667 0.012917
1 0.523750 0.101042 0.017500 0.008750
1 0.532083 0.090000 0.010833 0.011667
2 0.513542 0.873750 0.055417 0.017500
2 0.638125 0.818750 0.032083 0.015000
2 0.739583 0.799792 0.013333 0.013750
2 0.473750 0.219375 0.045833 0.026250
2 0.488333 0.223333 0.001667 0.001667
3 0.683750 0.485625 0.010833 0.010417
3 0.634167 0.399167 0.008333 0.010833
3 0.751250 0.349167 0.007500 0.007500