0 0.708252 0.660807 0.001465 0.002604
0 0.714844 0.658203 0.003906 0.003906
0 0.744629 0.656901 0.013672 0.014323
0 0.735840 0.578776 0.015625 0.018229
0 0.732666 0.578125 0.002441 0.005208
1 0.340088 0.911133 0.018066 0.013672
1 0.324463 0.850586 0.003418 0.005859
1 0.336426 0.846680 0.018555 0.013672
1 0.618896 0.804362 0.009277 0.012370
1 0.373779 0.804362 0.007324 0.017578
1 0.247070 0.800130 0.014648 0.029948
1 0.247559 0.805990 0.002930 0.003906
1 0.249023 0.790365 0.001953 0.002604
1 0.339844 0.789714 0.008789 0.016927
1 0.642090 0.779622 0.008789 0.005859
1 0.337158 0.778646 0.007324 0.007813
1 0.319336 0.762695 0.006836 0.005859
1 0.324463 0.746094 0.010254 0.018229
1 0.613770 0.723633 0.009766 0.007161
1 0.318115 0.714844 0.016113 0.024740
1 0.763916 0.652995 0.010254 0.013021
1 0.712158 0.631185 0.006348 0.018880
1 0.151611 0.458984 0.008301 0.005208
1 0.210449 0.425781 0.011719 0.018229
1 0.752930 0.408529 0.006836 0.014974
1 0.628174 0.396484 0.019043 0.029948
1 0.657227 0.369466 0.006836 0.009766
1 0.256592 0.317708 0.012207 0.014323
1 0.247314 0.303711 0.008301 0.013672
1 0.264404 0.250977 0.010254 0.018880
1 0.268311 0.207357 0.011230 0.018880
1 0.247070 0.202148 0.017578 0.029297
1 0.349121 0.180664 0.010742 0.009766
1 0.610840 0.199870 0.097656 0.055990
1 0.582275 0.176432 0.014160 0.009115
1 0.325928 0.180664 0.016113 0.022786
1 0.351074 0.119792 0.008789 0.007813
1 0.416260 0.063151 0.016113 0.032552
1 0.439453 0.043620 0.009766 0.019531
1 0.512939 0.029622 0.008301 0.004557
2 0.436279 0.653320 0.030762 0.038411
2 0.430908 0.660482 0.001465 0.003255
2 0.428711 0.660482 0.001953 0.003255
3 0.490479 0.686849 0.003418 0.006510
3 0.631104 0.677734 0.003418 0.006510
3 0.726318 0.650065 0.005371 0.007161
3 0.712402 0.643229 0.002930 0.006510
3 0.696289 0.636719 0.000977 0.002604
3 0.194580 0.573893 0.003418 0.004557
3 0.669678 0.401693 0.002441 0.006510
3 0.587402 0.392904 0.004883 0.007161
3 0.773682 0.251953 0.003418 0.005208
3 0.643066 0.242513 0.002930 0.007161
3 0.631836 0.159505 0.004883 0.006510
3 0.338867 0.138346 0.003906 0.005859
3 0.343750 0.129883 0.000977 0.001953
3 0.516846 0.063802 0.002441 0.003906