0 0.402006 0.641975 0.007716 0.008230
0 0.317515 0.531893 0.010031 0.026749
0 0.312886 0.452675 0.005401 0.014403
0 0.321759 0.338477 0.007716 0.008230
2 0.657022 0.880658 0.017747 0.018519
2 0.654707 0.848251 0.042438 0.048354
2 0.655478 0.857510 0.001543 0.002058
2 0.670139 0.831790 0.003086 0.006173
2 0.669753 0.785494 0.024691 0.038066
2 0.673225 0.785494 0.003086 0.004115
2 0.668596 0.776749 0.003086 0.003086
3 0.452160 0.920267 0.003086 0.003086
3 0.716435 0.818930 0.002315 0.002058
3 0.772377 0.740741 0.001543 0.002058
3 0.811728 0.675926 0.004630 0.012346
3 0.587963 0.376543 0.003086 0.006173
3 0.616898 0.342593 0.002315 0.004115
3 0.583333 0.033951 0.003086 0.004115