0 0.521053 0.880529 0.003828 0.005288
0 0.609569 0.845192 0.008612 0.005769
0 0.511962 0.783894 0.002871 0.004327
0 0.499043 0.782933 0.003828 0.004327
0 0.497608 0.774038 0.006699 0.003846
0 0.239713 0.773558 0.003828 0.002885
0 0.232057 0.772596 0.001914 0.002885
0 0.694258 0.768750 0.001914 0.002885
0 0.695215 0.713942 0.001914 0.001923
0 0.344258 0.526923 0.011962 0.010577
0 0.321053 0.522115 0.003828 0.004808
0 0.265550 0.519712 0.002871 0.003846
0 0.338756 0.515865 0.006699 0.007692
0 0.327273 0.516346 0.016268 0.010577
0 0.329665 0.509615 0.001914 0.000962
0 0.319617 0.506010 0.002871 0.004327
0 0.364593 0.505048 0.007656 0.008173
0 0.390191 0.500721 0.001435 0.001442
0 0.306699 0.504567 0.005742 0.014904
0 0.370813 0.499038 0.004785 0.007692
0 0.318182 0.493990 0.009569 0.009135
0 0.276555 0.484615 0.005742 0.009615
0 0.377512 0.478365 0.002871 0.002885
0 0.368421 0.470673 0.005742 0.004808
0 0.429187 0.468750 0.007656 0.010577
0 0.413397 0.464423 0.000957 0.001923
0 0.106220 0.464423 0.007656 0.003846
0 0.054067 0.462500 0.009569 0.005769
0 0.179426 0.461538 0.008612 0.005769
0 0.173684 0.459615 0.000957 0.001923
0 0.218660 0.456971 0.001914 0.001442
0 0.266986 0.452163 0.001914 0.003365
0 0.075837 0.454087 0.005263 0.007212
0 0.439474 0.451683 0.007177 0.008173
0 0.037560 0.450000 0.004306 0.004808
0 0.400957 0.447115 0.002871 0.002885
0 0.069856 0.445673 0.004785 0.007692
0 0.407656 0.444231 0.004785 0.006731
0 0.428230 0.443269 0.005742 0.006731
0 0.205742 0.436538 0.003828 0.002885
0 0.274163 0.435577 0.008612 0.006731
0 0.082297 0.427404 0.005742 0.003846
0 0.104306 0.427885 0.005742 0.008654
0 0.051675 0.426923 0.004785 0.006731
0 0.137081 0.440144 0.044498 0.037019
0 0.395694 0.425000 0.007656 0.008654
0 0.267943 0.416827 0.005742 0.003846
0 0.204306 0.413942 0.002871 0.003846
0 0.214593 0.412500 0.002392 0.002885
0 0.195694 0.412981 0.004785 0.005769
0 0.229665 0.408654 0.000957 0.000962
0 0.123206 0.408413 0.005263 0.003365
0 0.308134 0.406010 0.002871 0.002404
0 0.243062 0.404087 0.002871 0.002404
0 0.261962 0.406971 0.019617 0.010096
0 0.230144 0.401202 0.003828 0.004327
0 0.427751 0.397596 0.002871 0.004808
0 0.264115 0.395673 0.007656 0.004808
0 0.114833 0.394712 0.007656 0.004808
0 0.381340 0.394712 0.006699 0.008654
0 0.233493 0.391346 0.004785 0.003846
0 0.238278 0.390385 0.002871 0.003846
0 0.497608 0.391827 0.006699 0.012500
0 0.511005 0.387500 0.004785 0.009615
0 0.217943 0.388462 0.012919 0.011538
0 0.476555 0.381731 0.001914 0.001923
0 0.234928 0.383654 0.005742 0.005769
0 0.065072 0.384615 0.004785 0.007692
0 0.388038 0.381250 0.002871 0.002885
0 0.404785 0.382212 0.006699 0.006731
0 0.311483 0.378846 0.003828 0.003846
0 0.517703 0.378365 0.004785 0.006731
0 0.276555 0.375962 0.001914 0.001923
0 0.498086 0.374519 0.005742 0.004808
0 0.535646 0.377885 0.019617 0.013462
0 0.384689 0.374038 0.005742 0.005769
0 0.474641 0.373558 0.009569 0.008654
0 0.158373 0.370192 0.007656 0.003846
0 0.554545 0.366827 0.002871 0.002885
0 0.356459 0.362019 0.002871 0.002885
0 0.491388 0.363942 0.003828 0.008654
0 0.135407 0.364183 0.007656 0.010096
0 0.245694 0.366587 0.027273 0.020673
0 0.472727 0.357452 0.013397 0.013942
0 0.311962 0.350481 0.000957 0.001923
0 0.243062 0.347115 0.002871 0.004808
0 0.398565 0.344712 0.001914 0.001923
0 0.373206 0.352163 0.017225 0.020673
0 0.338278 0.343269 0.003828 0.004808
0 0.298086 0.341346 0.002871 0.002885
0 0.150239 0.338462 0.002871 0.002885
0 0.327751 0.337500 0.001914 0.002885
0 0.321531 0.344231 0.012440 0.018269
0 0.344737 0.337500 0.009091 0.008654
0 0.304545 0.335577 0.003349 0.004808
0 0.285646 0.339423 0.014354 0.014423
0 0.282297 0.330769 0.001914 0.000962
0 0.317225 0.331250 0.005742 0.003846
0 0.258134 0.330769 0.013876 0.008654
0 0.132057 0.328365 0.004785 0.003846
0 0.358373 0.329327 0.006699 0.007692
0 0.142584 0.327885 0.004785 0.006731
0 0.228708 0.325481 0.004785 0.003846
0 0.208134 0.321154 0.004785 0.004808
0 0.457416 0.319712 0.009569 0.005769
0 0.478230 0.309375 0.001435 0.001442
0 0.328708 0.308654 0.005742 0.003846
0 0.287560 0.296635 0.004785 0.004808
0 0.306220 0.294712 0.002871 0.002885
0 0.318182 0.291827 0.003828 0.004808
0 0.476077 0.285096 0.002871 0.002885
0 0.295694 0.285096 0.005742 0.006731
0 0.298565 0.278846 0.001914 0.001923
0 0.263636 0.261779 0.002871 0.003365
0 0.267943 0.253846 0.001914 0.002885
0 0.387560 0.195192 0.003828 0.001923
0 0.394737 0.196154 0.003828 0.005769
0 0.401435 0.188942 0.003828 0.002885
0 0.394737 0.189423 0.003828 0.003846
0 0.402392 0.177404 0.003828 0.002885
0 0.348565 0.177404 0.005263 0.004808
0 0.543541 0.165865 0.003828 0.003846
0 0.444019 0.148558 0.005742 0.005769
0 0.240670 0.144712 0.003828 0.009615
0 0.513397 0.109615 0.001914 0.001923
1 0.459809 0.708654 0.057416 0.025962
1 0.424402 0.693029 0.009569 0.003365
1 0.389713 0.413462 0.008134 0.008654
1 0.546890 0.354327 0.014354 0.013462
1 0.514833 0.069471 0.023923 0.034135
3 0.435885 0.671154 0.003828 0.003846
3 0.496651 0.611538 0.004785 0.004808
3 0.490431 0.580288 0.007656 0.006731
3 0.311005 0.388942 0.006699 0.006731
3 0.362679 0.379327 0.011483 0.006731
3 0.390431 0.350000 0.003828 0.004808
3 0.341627 0.325962 0.004785 0.004808
3 0.207177 0.252885 0.004785 0.008654
3 0.438517 0.111058 0.007177 0.002885