0 0.261936 0.825810 0.001302 0.001157
0 0.272569 0.819734 0.003472 0.006366
0 0.279297 0.813368 0.002170 0.002894
0 0.275608 0.803241 0.013889 0.019676
0 0.289714 0.788194 0.001302 0.001157
0 0.285373 0.785012 0.001302 0.001736
0 0.208333 0.780961 0.001736 0.001736
0 0.197700 0.777199 0.002170 0.003472
0 0.204644 0.763600 0.001302 0.001736
0 0.187717 0.733218 0.006510 0.004630
0 0.247613 0.726852 0.003038 0.003472
0 0.238064 0.695313 0.005642 0.006366
0 0.243924 0.683160 0.001736 0.001736
0 0.278863 0.629919 0.003038 0.004051
0 0.254340 0.626157 0.000868 0.002315
0 0.264540 0.626157 0.003906 0.003472
0 0.256293 0.594329 0.003038 0.005787
0 0.261936 0.588252 0.001302 0.001736
0 0.249566 0.588252 0.004340 0.004051
0 0.255208 0.586516 0.000868 0.001736
0 0.198134 0.581019 0.001302 0.001157
0 0.180122 0.557002 0.013021 0.008681
0 0.209852 0.548322 0.003038 0.005208
0 0.170790 0.541956 0.002170 0.004051
0 0.184679 0.536458 0.004774 0.006944
0 0.204427 0.533275 0.000868 0.001736
0 0.224609 0.535301 0.025608 0.011574
0 0.173177 0.532697 0.009549 0.008681
0 0.207682 0.527488 0.003038 0.004051
0 0.243924 0.505208 0.001736 0.002315
0 0.283854 0.399595 0.001736 0.001736
0 0.275174 0.379919 0.001736 0.002894
0 0.208767 0.346354 0.003472 0.004051
0 0.206597 0.343171 0.000868 0.001157
0 0.207682 0.334780 0.005642 0.009838
0 0.256727 0.315394 0.006510 0.008102
0 0.252604 0.308738 0.001736 0.001736
0 0.236328 0.300926 0.003906 0.005787
0 0.249566 0.300926 0.004340 0.008102
0 0.233724 0.293981 0.001302 0.002315
0 0.285156 0.275752 0.004340 0.004051
0 0.216580 0.277488 0.003472 0.009838
0 0.241970 0.269387 0.002170 0.002894
0 0.268663 0.280961 0.023438 0.028356
0 0.235894 0.262153 0.005642 0.009259
0 0.299262 0.251447 0.006510 0.009838
0 0.227865 0.247106 0.001736 0.003472
0 0.321615 0.242188 0.006944 0.010995
0 0.328559 0.236400 0.003472 0.005208
0 0.284505 0.229167 0.003038 0.003472
0 0.312500 0.222512 0.005208 0.007523
0 0.299479 0.213542 0.003472 0.005787
0 0.328125 0.217593 0.011285 0.017361
0 0.257378 0.210069 0.009549 0.011574
0 0.327908 0.203414 0.002170 0.002894
0 0.314670 0.192419 0.003472 0.004051
0 0.277995 0.174769 0.001302 0.001157
0 0.262804 0.171296 0.005642 0.011574
1 0.219618 0.767072 0.016493 0.031829
1 0.342014 0.487847 0.008681 0.011574
1 0.212023 0.423611 0.011719 0.017361
1 0.295790 0.307002 0.006510 0.016782
1 0.259549 0.248264 0.009549 0.012731
2 0.700521 0.830729 0.001736 0.002894
2 0.714410 0.820023 0.001736 0.001157
2 0.693359 0.815972 0.001302 0.002315
2 0.687500 0.816840 0.001736 0.004051
2 0.665582 0.811921 0.033420 0.040509
3 0.684896 0.629919 0.003472 0.004051
3 0.244358 0.606481 0.005208 0.006944
3 0.143012 0.582465 0.003038 0.004051
3 0.178168 0.459491 0.003906 0.005787
3 0.275608 0.391493 0.003472 0.005208
3 0.238498 0.381366 0.003906 0.005787
3 0.226780 0.286748 0.003906 0.005208
3 0.231554 0.250289 0.003038 0.002894
3 0.253906 0.238426 0.004340 0.004630
3 0.228733 0.229167 0.006076 0.005787
3 0.295790 0.206308 0.002170 0.002894