0 0.745756 0.591435 0.014660 0.039352
0 0.743056 0.534722 0.010802 0.018519
0 0.275849 0.396991 0.005401 0.009259
0 0.295525 0.391782 0.012346 0.008102
0 0.280478 0.385417 0.003858 0.006944
0 0.289738 0.372685 0.011574 0.023148
1 0.523920 0.907986 0.006173 0.008102
1 0.511574 0.870949 0.029321 0.028935
1 0.518904 0.867477 0.001543 0.002315
1 0.504244 0.855903 0.003858 0.003472
1 0.503472 0.847801 0.000772 0.001157
1 0.319830 0.573495 0.006944 0.008102
1 0.451003 0.478588 0.006944 0.008102
3 0.383873 0.880787 0.002315 0.004630
3 0.408951 0.749421 0.006173 0.003472
3 0.359182 0.749421 0.003858 0.003472
3 0.272762 0.742477 0.002315 0.003472
3 0.432099 0.735532 0.003086 0.005787
3 0.448688 0.728588 0.006944 0.008102
3 0.510417 0.691551 0.005401 0.010417
3 0.228009 0.632523 0.000772 0.001157
3 0.235725 0.623264 0.002315 0.003472
3 0.232639 0.609375 0.000772 0.001157
3 0.263889 0.392940 0.001543 0.001157
3 0.371914 0.390625 0.004630 0.005787
3 0.271219 0.383102 0.000772 0.002315
3 0.244599 0.382523 0.003086 0.003472
3 0.273148 0.369792 0.006173 0.008102
3 0.271991 0.360532 0.000772 0.003472
3 0.251543 0.361690 0.003086 0.008102
3 0.478009 0.359375 0.003858 0.005787
3 0.260031 0.353009 0.003086 0.002315
3 0.268133 0.344329 0.002315 0.003472
3 0.263889 0.338542 0.003086 0.003472
3 0.276620 0.336227 0.002315 0.003472
3 0.333719 0.237847 0.005401 0.008102
3 0.619985 0.173032 0.000772 0.001157