0 0.519737 0.892544 0.001462 0.002193
0 0.402778 0.893092 0.002924 0.003289
0 0.429094 0.889254 0.004386 0.004386
0 0.528874 0.838268 0.003655 0.003289
0 0.516082 0.833882 0.002924 0.003289
0 0.349415 0.805373 0.001462 0.003289
0 0.548246 0.797149 0.008772 0.006579
0 0.660453 0.705592 0.002193 0.003289
0 0.665205 0.701206 0.004386 0.003289
0 0.466374 0.643640 0.002924 0.004386
0 0.627193 0.611842 0.001462 0.002193
0 0.705775 0.600329 0.003655 0.003289
0 0.586257 0.592654 0.001462 0.001096
0 0.584064 0.593750 0.007310 0.007675
0 0.568348 0.588268 0.006579 0.007675
0 0.634137 0.583333 0.000731 0.002193
0 0.591009 0.585526 0.008041 0.013158
0 0.584064 0.578399 0.002924 0.005482
0 0.670687 0.576754 0.003655 0.004386
0 0.634503 0.573465 0.001462 0.002193
0 0.603070 0.574013 0.001462 0.003289
0 0.664108 0.573465 0.002193 0.004386
0 0.637792 0.572368 0.002193 0.002193
0 0.629020 0.575658 0.006579 0.008772
0 0.702485 0.569627 0.001462 0.003289
0 0.699561 0.568531 0.001462 0.001096
0 0.665936 0.567434 0.001462 0.003289
0 0.704678 0.566338 0.001462 0.003289
0 0.602705 0.565241 0.000731 0.001096
0 0.599415 0.568531 0.002924 0.007675
0 0.633041 0.565241 0.002924 0.003289
0 0.705409 0.560855 0.001462 0.001096
0 0.315424 0.578399 0.022661 0.036184
0 0.640716 0.563048 0.005117 0.007675
0 0.581871 0.558662 0.002924 0.005482
0 0.587354 0.555921 0.000731 0.002193
0 0.579678 0.555921 0.001462 0.002193
0 0.667032 0.557018 0.005117 0.006579
0 0.613304 0.556469 0.002924 0.007675
0 0.630117 0.559759 0.019006 0.020833
0 0.638158 0.546053 0.001462 0.002193
0 0.630848 0.541667 0.001462 0.002193
0 0.690058 0.541667 0.008772 0.010965
0 0.657529 0.541667 0.008041 0.010965
0 0.633406 0.533991 0.005117 0.004386
0 0.677266 0.527961 0.002193 0.005482
0 0.680190 0.524671 0.000731 0.001096
0 0.648392 0.529057 0.004386 0.014254
0 0.631213 0.522478 0.005117 0.007675
0 0.237208 0.520833 0.008041 0.004386
0 0.244152 0.519189 0.002924 0.003289
0 0.215278 0.518092 0.013889 0.005482
0 0.728070 0.515899 0.010234 0.007675
0 0.713450 0.510965 0.001462 0.002193
0 0.707237 0.511513 0.005117 0.007675
0 0.620249 0.502193 0.005117 0.008772
0 0.580775 0.498904 0.005117 0.004386
0 0.279240 0.497259 0.002924 0.003289
0 0.605994 0.496162 0.004386 0.005482
0 0.620249 0.493969 0.006579 0.005482
0 0.610746 0.494518 0.003655 0.006579
0 0.606725 0.485746 0.001462 0.002193
0 0.561038 0.487939 0.003655 0.006579
0 0.570541 0.483004 0.000731 0.003289
0 0.565789 0.482456 0.001462 0.004386
0 0.625365 0.473684 0.005117 0.006579
0 0.575292 0.471491 0.001462 0.002193
0 0.546784 0.460526 0.001462 0.004386
0 0.576754 0.453947 0.002924 0.004386
0 0.572003 0.448465 0.002193 0.002193
0 0.660088 0.447368 0.002924 0.002193
0 0.663012 0.446272 0.001462 0.002193
0 0.308480 0.440241 0.001462 0.003289
0 0.302997 0.440241 0.005117 0.003289
0 0.631213 0.430921 0.002193 0.002193
0 0.637061 0.431469 0.003655 0.005482
0 0.294956 0.428180 0.000731 0.001096
0 0.640716 0.425987 0.003655 0.005482
0 0.629751 0.422697 0.000731 0.001096
0 0.706871 0.422697 0.002924 0.003289
0 0.308845 0.421053 0.002193 0.004386
0 0.293129 0.416667 0.001462 0.002193
0 0.285088 0.418311 0.004386 0.005482
0 0.601608 0.425439 0.010234 0.021930
0 0.579678 0.415570 0.001462 0.002193
0 0.296053 0.414474 0.001462 0.002193
0 0.697368 0.415022 0.005848 0.009868
0 0.279605 0.411184 0.002193 0.002193
0 0.289108 0.409539 0.002193 0.003289
0 0.654605 0.407346 0.002193 0.003289
0 0.599415 0.411184 0.005848 0.010965
0 0.646199 0.409539 0.005848 0.009868
0 0.696637 0.402961 0.007310 0.005482
0 0.648392 0.401316 0.001462 0.002193
0 0.604167 0.400768 0.000731 0.001096
0 0.592471 0.400768 0.002193 0.005482
0 0.599415 0.394737 0.005848 0.004386
0 0.657164 0.393092 0.002924 0.003289
0 0.728070 0.391996 0.002924 0.003289
0 0.663743 0.396930 0.008772 0.013158
0 0.585892 0.395285 0.005117 0.009868
0 0.649488 0.392544 0.009503 0.013158
0 0.585161 0.387061 0.002193 0.002193
0 0.582237 0.387610 0.002193 0.003289
0 0.676901 0.382127 0.001462 0.003289
0 0.697368 0.382675 0.005848 0.006579
0 0.574561 0.385417 0.004386 0.014254
0 0.699196 0.377741 0.000731 0.001096
0 0.598684 0.378289 0.001462 0.002193
0 0.621711 0.381579 0.009503 0.015351
0 0.623173 0.381579 0.001462 0.003289
0 0.608918 0.375000 0.001462 0.002193
0 0.594298 0.379386 0.002924 0.010965
0 0.694810 0.374452 0.002193 0.003289
0 0.666667 0.373904 0.004386 0.004386
0 0.616959 0.372807 0.001462 0.002193
0 0.603801 0.371162 0.004386 0.007675
0 0.582602 0.368421 0.001462 0.002193
0 0.701754 0.367873 0.002924 0.003289
0 0.652412 0.366228 0.002193 0.002193
0 0.629751 0.365680 0.000731 0.001096
0 0.626462 0.363487 0.001462 0.003289
0 0.596491 0.366776 0.010234 0.009868
0 0.621345 0.359101 0.001462 0.001096
0 0.606360 0.360746 0.002193 0.004386
0 0.693348 0.358553 0.000731 0.002193
0 0.596857 0.358004 0.000731 0.001096
0 0.682018 0.356360 0.001462 0.002193
0 0.616959 0.358004 0.002924 0.005482
0 0.637061 0.358004 0.005117 0.009868
0 0.578947 0.353618 0.001462 0.001096
0 0.572734 0.356908 0.006579 0.007675
0 0.648392 0.350877 0.001462 0.002193
0 0.670687 0.347588 0.000731 0.002193
0 0.616228 0.348136 0.002924 0.003289
0 0.581140 0.349232 0.004386 0.005482
0 0.604167 0.346491 0.002193 0.004386
0 0.706506 0.344298 0.002193 0.002193
0 0.611111 0.344846 0.002924 0.003289
0 0.702851 0.342105 0.000731 0.002193
0 0.585526 0.342105 0.002924 0.002193
0 0.699927 0.340461 0.002193 0.003289
0 0.656798 0.347588 0.025585 0.017544
0 0.564693 0.341009 0.002193 0.004386
0 0.648757 0.336623 0.000731 0.002193
0 0.583333 0.336623 0.002924 0.002193
0 0.578582 0.336623 0.003655 0.004386
0 0.605263 0.336075 0.005848 0.007675
0 0.589181 0.336623 0.004386 0.008772
0 0.686769 0.333333 0.002193 0.004386
0 0.591740 0.332237 0.000731 0.002193
0 0.645468 0.331140 0.001462 0.002193
0 0.631579 0.331689 0.001462 0.003289
0 0.619883 0.331689 0.001462 0.003289
0 0.615863 0.329496 0.000731 0.001096
0 0.675073 0.328947 0.002193 0.002193
0 0.601243 0.329496 0.002193 0.003289
0 0.597222 0.327303 0.001462 0.003289
0 0.678363 0.326206 0.001462 0.003289
0 0.671784 0.326206 0.002924 0.003289
0 0.688231 0.325110 0.002193 0.003289
0 0.604898 0.322917 0.000731 0.003289
0 0.653874 0.325658 0.008041 0.010965
0 0.633041 0.325110 0.011696 0.012061
0 0.661915 0.319079 0.006579 0.006579
0 0.641813 0.320175 0.007310 0.008772
0 0.633772 0.316886 0.004386 0.004386
0 0.558480 0.317434 0.002924 0.005482
0 0.677997 0.317982 0.008041 0.008772
0 0.567982 0.315789 0.004386 0.006579
0 0.675439 0.312500 0.002924 0.004386
0 0.631213 0.312500 0.003655 0.004386
0 0.698099 0.312500 0.004386 0.006579
0 0.686769 0.312500 0.002193 0.006579
0 0.629751 0.308662 0.000731 0.001096
0 0.665936 0.309759 0.005848 0.009868
0 0.555556 0.306469 0.002924 0.005482
0 0.692617 0.303728 0.000731 0.002193
0 0.567251 0.305373 0.004386 0.005482
0 0.703582 0.303728 0.003655 0.004386
0 0.688962 0.303728 0.003655 0.004386
0 0.659722 0.305921 0.008041 0.010965
0 0.650585 0.306469 0.010234 0.014254
0 0.630117 0.299342 0.001462 0.002193
0 0.694810 0.299342 0.003655 0.004386
0 0.663377 0.298794 0.002193 0.003289
0 0.687865 0.297149 0.002924 0.004386
0 0.556652 0.294408 0.002193 0.003289
0 0.697003 0.291118 0.000731 0.001096
0 0.565789 0.291667 0.001462 0.002193
0 0.698465 0.288377 0.002193 0.004386
0 0.606725 0.287281 0.001462 0.002193
0 0.690058 0.287281 0.004386 0.008772
0 0.569079 0.284539 0.002193 0.003289
0 0.686038 0.282346 0.000731 0.001096
0 0.634503 0.283443 0.007310 0.009868
0 0.627924 0.275219 0.002924 0.004386
0 0.631579 0.273026 0.002924 0.002193
0 0.699196 0.265899 0.000731 0.001096
0 0.441520 0.263158 0.002924 0.006579
0 0.506944 0.259320 0.003655 0.003289
0 0.699196 0.258772 0.005117 0.006579
0 0.677266 0.253838 0.000731 0.001096
0 0.674708 0.251645 0.001462 0.003289
0 0.547149 0.251645 0.002193 0.003289
0 0.580775 0.239583 0.000731 0.001096
0 0.629020 0.240132 0.003655 0.004386
0 0.557018 0.236842 0.001462 0.002193
0 0.603801 0.235746 0.001462 0.002193
0 0.658260 0.233004 0.003655 0.003289
0 0.590643 0.235197 0.007310 0.007675
0 0.423246 0.234649 0.004386 0.006579
0 0.455775 0.231360 0.003655 0.004386
0 0.615497 0.228618 0.001462 0.001096
0 0.460892 0.228070 0.002193 0.004386
0 0.609649 0.226974 0.004386 0.004386
0 0.634137 0.223684 0.000731 0.002193
0 0.602339 0.226425 0.005848 0.007675
0 0.447368 0.223684 0.002924 0.002193
0 0.434576 0.225329 0.003655 0.005482
0 0.624635 0.226425 0.006579 0.012061
0 0.440789 0.225877 0.004386 0.010965
0 0.639620 0.220395 0.001462 0.002193
0 0.605263 0.215461 0.001462 0.001096
0 0.622442 0.213268 0.009503 0.012061
0 0.601974 0.207785 0.003655 0.003289
0 0.655336 0.217654 0.024123 0.025219
0 0.688231 0.203947 0.000731 0.002193
0 0.417032 0.204496 0.002193 0.003289
0 0.608918 0.200110 0.010234 0.012061
0 0.427997 0.184211 0.002193 0.002193
0 0.419225 0.180921 0.002193 0.002193
0 0.423977 0.178180 0.002924 0.003289
0 0.489035 0.127193 0.001462 0.002193
1 0.512061 0.918860 0.126462 0.052632
1 0.417398 0.889254 0.005848 0.013158
1 0.605263 0.902961 0.046784 0.044956
1 0.462719 0.885417 0.020468 0.027412
1 0.497442 0.874452 0.009503 0.009868
1 0.481725 0.870614 0.007310 0.019737
1 0.390351 0.847588 0.004386 0.010965
1 0.511330 0.844846 0.019737 0.018640
1 0.322003 0.845395 0.016813 0.028509
1 0.455409 0.837171 0.013158 0.014254
1 0.506213 0.822917 0.008041 0.007675
1 0.596857 0.843202 0.073830 0.061404
1 0.388523 0.820724 0.010965 0.016447
1 0.324561 0.794956 0.001462 0.006579
1 0.656798 0.804825 0.018275 0.028509
1 0.724050 0.790570 0.003655 0.004386
1 0.402778 0.792763 0.017544 0.017544
1 0.332237 0.791118 0.009503 0.016447
1 0.383772 0.783991 0.005848 0.006579
1 0.563596 0.773575 0.002924 0.003289
1 0.459795 0.776864 0.020468 0.009868
1 0.558114 0.768092 0.003655 0.005482
1 0.345760 0.770833 0.007310 0.013158
1 0.711988 0.758224 0.002924 0.005482
1 0.419956 0.757675 0.006579 0.004386
1 0.563231 0.753289 0.003655 0.004386
1 0.504020 0.783443 0.059211 0.066886
1 0.375731 0.761513 0.021930 0.025219
1 0.639254 0.759320 0.021199 0.025219
1 0.457968 0.743421 0.005117 0.010965
1 0.707237 0.741776 0.006579 0.016447
1 0.355629 0.746711 0.015351 0.028509
1 0.651316 0.733553 0.004386 0.010965
1 0.657529 0.735746 0.008041 0.019737
1 0.432018 0.730263 0.013158 0.010965
1 0.422515 0.719298 0.007310 0.004386
1 0.473319 0.714912 0.006579 0.006579
1 0.736477 0.713268 0.002193 0.005482
1 0.728801 0.722588 0.017544 0.028509
1 0.254386 0.714912 0.023392 0.024123
1 0.741959 0.704496 0.002924 0.005482
1 0.753289 0.704496 0.005117 0.009868
1 0.442617 0.702303 0.003655 0.005482
1 0.450292 0.701206 0.005848 0.005482
1 0.360380 0.706689 0.020468 0.023026
1 0.407529 0.697368 0.016813 0.008772
1 0.440789 0.688048 0.002924 0.005482
1 0.328947 0.728070 0.017544 0.085526
1 0.434942 0.686404 0.004386 0.004386
1 0.267909 0.688596 0.006579 0.010965
1 0.582602 0.686952 0.011696 0.014254
1 0.591009 0.672697 0.006579 0.005482
1 0.416301 0.670504 0.003655 0.007675
1 0.721126 0.666118 0.006579 0.007675
1 0.706506 0.663925 0.005117 0.005482
1 0.297149 0.666118 0.010965 0.016447
1 0.413012 0.661184 0.002924 0.008772
1 0.355263 0.660636 0.005848 0.007675
1 0.608918 0.658991 0.004386 0.008772
1 0.394006 0.655154 0.008772 0.005482
1 0.722953 0.652961 0.008772 0.009868
1 0.336988 0.655154 0.004386 0.014254
1 0.478070 0.648575 0.004386 0.005482
1 0.687500 0.648026 0.010965 0.008772
1 0.613670 0.645833 0.003655 0.004386
1 0.619883 0.639803 0.002924 0.003289
1 0.600512 0.641447 0.008041 0.006579
1 0.778143 0.637610 0.005117 0.007675
1 0.581506 0.643640 0.028509 0.019737
1 0.361111 0.635965 0.001462 0.004386
1 0.465643 0.625000 0.005848 0.006579
1 0.581506 0.621162 0.003655 0.003289
1 0.729898 0.625000 0.019737 0.028509
1 0.582968 0.612390 0.003655 0.005482
1 0.577120 0.614035 0.006579 0.010965
1 0.527778 0.615680 0.005848 0.014254
1 0.504751 0.609101 0.003655 0.003289
1 0.617690 0.611294 0.007310 0.009868
1 0.512792 0.604167 0.005117 0.004386
1 0.224050 0.602522 0.006579 0.003289
1 0.431652 0.600329 0.005117 0.005482
1 0.359649 0.601974 0.005848 0.008772
1 0.289474 0.604715 0.005848 0.014254
1 0.460892 0.600329 0.012427 0.016447
1 0.424708 0.596491 0.004386 0.008772
1 0.501462 0.594298 0.005848 0.008772
1 0.660819 0.590461 0.001462 0.005482
1 0.541301 0.588816 0.008041 0.006579
1 0.691886 0.592105 0.006579 0.015351
1 0.449196 0.595943 0.010965 0.023026
1 0.421053 0.587171 0.002924 0.007675
1 0.248904 0.627741 0.060673 0.091009
1 0.777047 0.583333 0.002924 0.006579
1 0.724415 0.586623 0.007310 0.017544
1 0.544225 0.579496 0.005117 0.003289
1 0.296418 0.581689 0.005117 0.014254
1 0.482456 0.576754 0.016082 0.008772
1 0.617690 0.580044 0.017544 0.017544
1 0.523757 0.569079 0.005117 0.004386
1 0.433845 0.566338 0.002193 0.005482
1 0.243787 0.568531 0.013889 0.009868
1 0.562135 0.565789 0.005848 0.008772
1 0.689327 0.570724 0.010234 0.025219
1 0.551901 0.560307 0.002924 0.004386
1 0.736111 0.559759 0.004386 0.007675
1 0.484649 0.562500 0.014620 0.015351
1 0.598319 0.555373 0.002193 0.003289
1 0.651316 0.559759 0.021930 0.016447
1 0.595760 0.552083 0.001462 0.003289
1 0.731725 0.552083 0.004386 0.007675
1 0.504020 0.547149 0.008041 0.004386
1 0.749635 0.542763 0.003655 0.004386
1 0.622442 0.545504 0.010965 0.009868
1 0.580775 0.546601 0.019737 0.012061
1 0.286915 0.565241 0.067982 0.049342
1 0.442982 0.541118 0.005848 0.003289
1 0.429459 0.538925 0.002193 0.003289
1 0.625731 0.537281 0.001462 0.004386
1 0.780336 0.547149 0.019737 0.032895
1 0.555556 0.535636 0.021930 0.009868
1 0.263158 0.534539 0.007310 0.007675
1 0.219298 0.533443 0.010234 0.009868
1 0.796418 0.523026 0.000731 0.002193
1 0.418129 0.516996 0.011696 0.009868
1 0.248173 0.509868 0.006579 0.004386
1 0.331140 0.505482 0.002924 0.004386
1 0.413743 0.502741 0.001462 0.001096
1 0.748538 0.510965 0.010234 0.024123
1 0.296053 0.503289 0.005848 0.010965
1 0.588450 0.513706 0.141813 0.033991
1 0.610746 0.518092 0.001462 0.002193
1 0.588450 0.515351 0.029971 0.012061
1 0.507675 0.495614 0.006579 0.004386
1 0.440424 0.505482 0.021199 0.026316
1 0.500000 0.491776 0.002924 0.003289
1 0.787281 0.488487 0.004386 0.005482
1 0.500000 0.518640 0.125731 0.067982
1 0.396199 0.486842 0.001462 0.004386
1 0.771564 0.491776 0.012427 0.018640
1 0.476974 0.487390 0.010965 0.012061
1 0.324196 0.481908 0.000731 0.001096
1 0.754386 0.484649 0.005848 0.008772
1 0.326754 0.481360 0.001462 0.002193
1 0.320906 0.476974 0.002924 0.004386
1 0.305556 0.484649 0.017544 0.021930
1 0.327485 0.474232 0.001462 0.003289
1 0.773026 0.474232 0.003655 0.007675
1 0.785453 0.471491 0.003655 0.006579
1 0.252924 0.470943 0.005848 0.007675
1 0.566155 0.474232 0.113304 0.020833
1 0.465643 0.464912 0.007310 0.006579
1 0.646930 0.464912 0.002924 0.008772
1 0.745980 0.461623 0.005117 0.008772
1 0.332237 0.461623 0.006579 0.010965
1 0.220395 0.457785 0.005117 0.005482
1 0.732456 0.460526 0.013158 0.028509
1 0.632310 0.445724 0.002924 0.007675
1 0.427997 0.452303 0.048977 0.031798
1 0.407164 0.450110 0.003655 0.004386
1 0.650950 0.440789 0.009503 0.010965
1 0.764985 0.438048 0.006579 0.009868
1 0.646930 0.418860 0.004386 0.004386
1 0.335161 0.417763 0.003655 0.010965
1 0.655702 0.413377 0.005848 0.006579
1 0.493787 0.408443 0.029971 0.023026
1 0.330044 0.393092 0.006579 0.009868
1 0.285088 0.367325 0.005848 0.004386
1 0.615132 0.367325 0.010965 0.008772
1 0.471126 0.360746 0.003655 0.010965
1 0.353070 0.364583 0.007310 0.020833
1 0.588816 0.357456 0.008041 0.008772
1 0.763889 0.353070 0.002924 0.004386
1 0.518275 0.349781 0.008772 0.006579
1 0.762792 0.340461 0.008041 0.005482
1 0.571637 0.340461 0.010234 0.005482
1 0.556287 0.339912 0.014620 0.010965
1 0.528143 0.341557 0.005117 0.014254
1 0.271564 0.334978 0.005117 0.005482
1 0.353436 0.336623 0.003655 0.017544
1 0.547880 0.328399 0.003655 0.003289
1 0.585892 0.327303 0.008041 0.014254
1 0.288743 0.313596 0.007310 0.017544
1 0.592105 0.304825 0.005848 0.002193
1 0.354898 0.290022 0.005117 0.014254
1 0.584064 0.283443 0.007310 0.003289
1 0.254386 0.279605 0.007310 0.008772
1 0.515351 0.273575 0.013158 0.005482
1 0.562135 0.266447 0.007310 0.004386
1 0.364401 0.263158 0.000731 0.002193
1 0.656433 0.280702 0.046784 0.043860
1 0.335892 0.262061 0.010965 0.006579
1 0.411184 0.245066 0.000731 0.001096
1 0.357091 0.251096 0.013889 0.019737
1 0.298611 0.250548 0.015351 0.027412
1 0.360746 0.240132 0.006579 0.015351
1 0.275585 0.235746 0.007310 0.008772
1 0.331140 0.226974 0.008772 0.004386
1 0.366594 0.224232 0.003655 0.014254
1 0.610380 0.214364 0.002924 0.003289
1 0.407895 0.219846 0.017544 0.023026
1 0.639985 0.211075 0.013889 0.007675
1 0.324561 0.211075 0.008772 0.020833
1 0.406433 0.203399 0.008772 0.007675
1 0.459064 0.199561 0.005848 0.002193
1 0.576389 0.202303 0.010965 0.009868
1 0.389620 0.236842 0.040936 0.092105
1 0.592105 0.194079 0.008772 0.008772
1 0.497807 0.191338 0.002924 0.005482
1 0.312500 0.185307 0.010965 0.017544
1 0.401316 0.177632 0.007310 0.015351
1 0.305190 0.173794 0.005117 0.012061
1 0.497807 0.150219 0.004386 0.004386
1 0.433114 0.158443 0.009503 0.023026
1 0.382675 0.140899 0.008041 0.009868
1 0.443713 0.176535 0.046784 0.083333
1 0.379020 0.131579 0.003655 0.006579
1 0.361842 0.124452 0.002924 0.007675
1 0.424342 0.122807 0.010965 0.008772
1 0.434942 0.116228 0.002924 0.006579
1 0.420687 0.113487 0.005117 0.009868
1 0.414839 0.108553 0.005117 0.010965
1 0.438596 0.089912 0.002924 0.004386
2 0.663743 0.637061 0.030702 0.041667
2 0.610015 0.265351 0.018275 0.026316
3 0.343933 0.648575 0.002193 0.003289
3 0.783626 0.623904 0.002924 0.004386
3 0.364035 0.622259 0.002924 0.005482
3 0.785819 0.603618 0.001462 0.003289
3 0.707237 0.576206 0.002193 0.005482
3 0.650950 0.547697 0.002193 0.003289
3 0.659722 0.545504 0.000731 0.001096
3 0.749269 0.542215 0.001462 0.001096
3 0.697368 0.483004 0.004386 0.005482
3 0.778143 0.383224 0.003655 0.005482
3 0.775950 0.375000 0.003655 0.004386
3 0.598319 0.374452 0.002193 0.003289