0 0.376827 0.488487 0.000731 0.001096
0 0.369883 0.489583 0.002924 0.005482
0 0.376827 0.483004 0.002193 0.003289
0 0.360015 0.476425 0.000731 0.001096
0 0.373173 0.472588 0.000731 0.002193
0 0.382310 0.469846 0.002924 0.003289
0 0.362939 0.468202 0.002193 0.002193
0 0.370614 0.464364 0.004386 0.003289
0 0.358553 0.463268 0.008041 0.009868
0 0.389254 0.457785 0.000731 0.001096
0 0.372807 0.456689 0.005848 0.003289
0 0.400585 0.446272 0.001462 0.002193
0 0.394371 0.449561 0.008041 0.010965
0 0.378655 0.443531 0.004386 0.014254
0 0.399854 0.436404 0.007310 0.010965
1 0.692251 0.659539 0.016082 0.047149
1 0.529971 0.402961 0.010234 0.007675
2 0.445906 0.876645 0.046784 0.080044
2 0.409357 0.839912 0.007310 0.006579
2 0.403509 0.832237 0.005848 0.008772
2 0.394371 0.827851 0.008041 0.010965
2 0.408626 0.822368 0.001462 0.002193
2 0.436038 0.817982 0.003655 0.002193
2 0.406798 0.801535 0.003655 0.004386
2 0.432383 0.804825 0.063596 0.070175
2 0.441886 0.810855 0.001462 0.002193
2 0.442982 0.809211 0.002193 0.003289
2 0.448465 0.804276 0.001462 0.002193
2 0.457968 0.790022 0.001462 0.002193
2 0.528874 0.774671 0.051901 0.051535
2 0.548246 0.791667 0.003655 0.005482
2 0.525219 0.773575 0.002924 0.004386
2 0.471857 0.727522 0.031433 0.027412
2 0.464547 0.736842 0.001462 0.003289
2 0.544591 0.724781 0.030702 0.052632
2 0.533626 0.745066 0.002193 0.002193
2 0.524854 0.657346 0.029240 0.036184
2 0.748538 0.499452 0.020468 0.023026
3 0.513889 0.419408 0.002924 0.005482
3 0.496711 0.389254 0.002193 0.002193