0 0.395508 0.878581 0.011719 0.011068
0 0.391113 0.845052 0.009766 0.020833
0 0.745605 0.789714 0.012695 0.013021
0 0.250488 0.398763 0.014648 0.011068
0 0.252930 0.381185 0.008789 0.007161
0 0.359375 0.379557 0.015625 0.019531
0 0.294434 0.362956 0.037109 0.047526
0 0.361328 0.343099 0.009766 0.010417
0 0.295898 0.338216 0.001953 0.003255
0 0.263916 0.339193 0.003418 0.005208
0 0.299561 0.332357 0.002441 0.001953
0 0.268799 0.331706 0.002441 0.003255
0 0.345459 0.327799 0.004395 0.007161
0 0.270264 0.324544 0.003418 0.003255
0 0.260254 0.328451 0.011719 0.012370
0 0.276855 0.312174 0.006836 0.007161
0 0.251709 0.311849 0.008301 0.010417
0 0.246826 0.297852 0.001465 0.001953
0 0.305420 0.297852 0.004395 0.005859
0 0.295654 0.300781 0.008301 0.011719
0 0.293457 0.291016 0.002930 0.002604
0 0.277832 0.288737 0.003906 0.005859
0 0.311523 0.288737 0.004883 0.009766
0 0.256104 0.280599 0.006348 0.010417
0 0.293457 0.274414 0.039063 0.017578
0 0.573730 0.188477 0.002930 0.004557
0 0.684814 0.178060 0.006348 0.008464
0 0.568359 0.170573 0.004883 0.005208
0 0.693604 0.166016 0.002441 0.002604
0 0.698242 0.163411 0.001953 0.003906
0 0.679199 0.160807 0.005859 0.007813
0 0.697021 0.155599 0.004395 0.006510
0 0.596680 0.152669 0.004883 0.008464
0 0.548828 0.150065 0.004883 0.008464
0 0.565186 0.146810 0.006348 0.011068
0 0.687256 0.132487 0.002441 0.004557
0 0.676758 0.116536 0.010742 0.011719
0 0.677979 0.100260 0.003418 0.003906
0 0.561768 0.073568 0.008301 0.011719
0 0.565430 0.064453 0.003906 0.006510
0 0.591064 0.050130 0.009277 0.010417
0 0.576660 0.043620 0.005859 0.006510
1 0.592529 0.079753 0.013184 0.009766
3 0.548828 0.584310 0.006836 0.012370
3 0.373779 0.073242 0.003418 0.005859