0 0.362968 0.549000 0.001337 0.002000
0 0.363971 0.542500 0.004679 0.005000
0 0.383021 0.534000 0.002674 0.004000
0 0.399733 0.530000 0.001337 0.002000
0 0.407754 0.520000 0.004011 0.004000
0 0.408088 0.507500 0.000668 0.001000
0 0.399733 0.501500 0.001337 0.003000
0 0.370321 0.501500 0.001337 0.003000
0 0.418115 0.495000 0.000668 0.002000
0 0.404746 0.498000 0.006016 0.008000
0 0.365976 0.495500 0.002005 0.003000
0 0.355281 0.495000 0.002005 0.004000
0 0.352607 0.494000 0.002005 0.002000
0 0.373329 0.496000 0.004679 0.008000
0 0.363971 0.492000 0.000668 0.002000
0 0.404078 0.490500 0.002005 0.003000
0 0.418115 0.487500 0.002005 0.001000
0 0.353944 0.489000 0.004679 0.004000
0 0.402741 0.486500 0.000668 0.001000
0 0.378342 0.486500 0.006684 0.011000
0 0.370321 0.482500 0.004011 0.005000
0 0.352607 0.480000 0.003342 0.004000
0 0.368984 0.478000 0.001337 0.002000
0 0.372326 0.477000 0.001337 0.002000
0 0.371658 0.471500 0.002674 0.003000
0 0.358289 0.470500 0.001337 0.003000
0 0.355615 0.466000 0.001337 0.004000
0 0.371992 0.460500 0.002005 0.003000
0 0.363302 0.463000 0.008690 0.010000
1 0.599933 0.758500 0.003342 0.005000
1 0.396725 0.730500 0.000668 0.001000
1 0.384024 0.724500 0.003342 0.005000
1 0.388369 0.720000 0.002674 0.006000
1 0.346591 0.684500 0.007353 0.015000
1 0.337233 0.668000 0.004679 0.006000
1 0.541778 0.656000 0.003342 0.006000
1 0.554144 0.648500 0.001337 0.003000
1 0.298463 0.607000 0.003342 0.006000
1 0.296123 0.584500 0.001337 0.003000
1 0.179479 0.537000 0.003342 0.008000
1 0.178142 0.531000 0.000668 0.002000
1 0.232286 0.505500 0.006016 0.007000
1 0.271056 0.478000 0.002005 0.004000
1 0.222594 0.479500 0.005348 0.009000
1 0.363971 0.471500 0.007353 0.009000
1 0.421457 0.466500 0.003342 0.005000
1 0.227273 0.462500 0.004011 0.007000
1 0.236297 0.458000 0.003342 0.004000
1 0.228610 0.452000 0.001337 0.002000
1 0.257353 0.448000 0.009358 0.008000
1 0.245655 0.445000 0.003342 0.004000
1 0.246324 0.439500 0.000668 0.001000
1 0.204211 0.438000 0.006016 0.006000
1 0.438837 0.427500 0.003342 0.007000
1 0.222259 0.435000 0.023396 0.028000
1 0.183824 0.423000 0.006684 0.008000
1 0.359291 0.420500 0.004679 0.005000
1 0.210561 0.407500 0.005348 0.011000
1 0.217914 0.403000 0.008021 0.012000
1 0.222928 0.396000 0.003342 0.006000
1 0.227607 0.383000 0.006016 0.006000
1 0.210227 0.312500 0.004679 0.005000
1 0.387701 0.282000 0.004011 0.004000
1 0.441511 0.270000 0.003342 0.004000
1 0.536430 0.099000 0.003342 0.004000