0 0.720197 0.403646 0.002894 0.002894
0 0.719039 0.396412 0.004051 0.004630
0 0.700231 0.400463 0.018519 0.018519
0 0.696181 0.379919 0.002315 0.004051
0 0.700810 0.376736 0.004630 0.004630
0 0.695891 0.370949 0.001736 0.001157
0 0.699653 0.361400 0.001157 0.001736
0 0.737558 0.353009 0.004051 0.005787
0 0.739294 0.344618 0.001736 0.001736
0 0.750868 0.328993 0.002894 0.002894
1 0.136285 0.562211 0.015625 0.013310
1 0.657407 0.517940 0.005787 0.010417
1 0.713252 0.383681 0.013310 0.015046
1 0.713252 0.383102 0.004630 0.005208
3 0.396701 0.831887 0.009838 0.005208
3 0.339410 0.812500 0.005208 0.005787
3 0.716725 0.748553 0.002894 0.002894
3 0.726852 0.592303 0.002315 0.002894
3 0.784144 0.584201 0.005787 0.002894
3 0.771412 0.565972 0.004630 0.005787
3 0.649306 0.557002 0.003472 0.002894
3 0.666667 0.547743 0.005787 0.005208
3 0.767940 0.543403 0.004630 0.005787
3 0.146991 0.538484 0.003472 0.002894
3 0.764178 0.520833 0.002894 0.002315
3 0.715567 0.434606 0.008681 0.009259
3 0.716146 0.434606 0.005787 0.006366
3 0.668403 0.405961 0.010417 0.009838
3 0.717303 0.365451 0.007523 0.006366