0 0.634645 0.836227 0.002315 0.003472
0 0.648148 0.829282 0.007716 0.012731
0 0.632330 0.824653 0.020833 0.019676
0 0.628472 0.811343 0.003858 0.006944
0 0.552083 0.806713 0.003858 0.006944
0 0.591821 0.791088 0.001543 0.003472
0 0.567901 0.788773 0.003086 0.003472
0 0.591435 0.782986 0.002315 0.003472
0 0.546296 0.790509 0.021605 0.023148
0 0.587963 0.780093 0.004630 0.004630
0 0.545139 0.765625 0.005401 0.008102
0 0.556327 0.764468 0.010802 0.015046
0 0.575231 0.764468 0.020833 0.031250
0 0.551312 0.746528 0.002315 0.002315
0 0.559799 0.748264 0.013117 0.019676
0 0.569830 0.740162 0.003858 0.005787
0 0.563272 0.733218 0.003086 0.003472
0 0.615741 0.677662 0.004630 0.008102
0 0.706790 0.628472 0.007716 0.011574
0 0.656636 0.620949 0.004630 0.005787
0 0.699846 0.619792 0.003086 0.008102
0 0.695216 0.616319 0.004630 0.003472
0 0.676312 0.611111 0.000772 0.002315
0 0.685571 0.608796 0.008488 0.009259
0 0.667438 0.611111 0.007716 0.016204
0 0.694059 0.601852 0.002315 0.006944
0 0.660880 0.600116 0.002315 0.003472
0 0.663580 0.595486 0.001543 0.001157
0 0.506944 0.595486 0.003086 0.005787
0 0.626929 0.592014 0.002315 0.003472
0 0.675540 0.590856 0.006944 0.008102
0 0.689429 0.586227 0.000772 0.001157
0 0.661651 0.587384 0.005401 0.005787
0 0.680556 0.556713 0.001543 0.002315
0 0.668210 0.567130 0.027778 0.030093
0 0.670910 0.570023 0.007716 0.009259
0 0.697145 0.551505 0.002315 0.003472
0 0.695988 0.542245 0.003086 0.003472
0 0.518904 0.542245 0.002315 0.003472
0 0.511574 0.531250 0.001543 0.002315
0 0.643133 0.521412 0.000772 0.001157
0 0.670910 0.513310 0.000772 0.001157
0 0.653164 0.517940 0.023920 0.019676
0 0.664352 0.508102 0.003086 0.006944
0 0.751543 0.502315 0.001543 0.002315
0 0.672840 0.502894 0.001543 0.003472
0 0.695602 0.500579 0.000772 0.001157
0 0.705247 0.502894 0.015432 0.017361
0 0.676312 0.493634 0.000772 0.001157
0 0.670139 0.491898 0.003858 0.004630
0 0.704861 0.489583 0.002315 0.004630
0 0.662423 0.487269 0.002315 0.002315
0 0.564043 0.487269 0.001543 0.002315
0 0.560185 0.484954 0.001543 0.002315
0 0.566744 0.479745 0.002315 0.003472
0 0.563272 0.481481 0.004630 0.006944
0 0.558642 0.479167 0.001543 0.002315
0 0.696759 0.474537 0.001543 0.002315
0 0.727623 0.468750 0.001543 0.002315
0 0.748071 0.469907 0.006944 0.009259
0 0.685185 0.465278 0.004630 0.004630
0 0.542438 0.464120 0.003086 0.004630
0 0.741127 0.461227 0.005401 0.010417
0 0.677083 0.463542 0.008488 0.021991
0 0.559414 0.462963 0.012346 0.023148
0 0.695602 0.449653 0.000772 0.001157
0 0.672454 0.449074 0.003858 0.004630
0 0.574074 0.446181 0.003086 0.003472
0 0.724923 0.449074 0.008488 0.011574
0 0.723380 0.459491 0.028549 0.034722
0 0.716821 0.440394 0.001543 0.001157
0 0.699074 0.442708 0.004630 0.005787
0 0.669753 0.439236 0.001543 0.001157
0 0.717593 0.432870 0.003086 0.006944
0 0.695602 0.430556 0.002315 0.004630
0 0.721836 0.427662 0.002315 0.003472
0 0.675540 0.431134 0.017747 0.012731
0 0.729938 0.425347 0.003086 0.003472
0 0.728009 0.419560 0.000772 0.001157
0 0.751929 0.418981 0.003858 0.006944
0 0.721065 0.414931 0.000772 0.001157
0 0.704090 0.407407 0.002315 0.006944
0 0.692901 0.402778 0.001543 0.002315
0 0.678627 0.402199 0.000772 0.001157
0 0.660880 0.403356 0.002315 0.003472
0 0.702932 0.401620 0.003086 0.004630
0 0.707948 0.399884 0.005401 0.008102
0 0.722994 0.399306 0.009259 0.011574
0 0.722608 0.402199 0.001543 0.002315
0 0.702546 0.394097 0.000772 0.001157
0 0.588735 0.395255 0.003086 0.003472
0 0.512346 0.395255 0.001543 0.003472
0 0.668210 0.407407 0.023148 0.034722
0 0.670910 0.407986 0.001543 0.002315
0 0.505401 0.392940 0.003086 0.005787
0 0.711034 0.390046 0.000772 0.002315
0 0.695988 0.389468 0.003086 0.003472
0 0.592593 0.388310 0.004630 0.005787
0 0.498457 0.389468 0.004630 0.008102
0 0.684799 0.394097 0.010031 0.019676
0 0.702546 0.384838 0.002315 0.003472
0 0.692515 0.384838 0.005401 0.003472
0 0.724923 0.383681 0.003858 0.005787
0 0.692901 0.379630 0.003086 0.002315
0 0.583719 0.382523 0.003858 0.008102
0 0.671296 0.377315 0.001543 0.002315
0 0.685571 0.375579 0.000772 0.001157
0 0.664352 0.377315 0.004630 0.004630
0 0.722608 0.375579 0.003858 0.003472
0 0.704475 0.369213 0.001543 0.002315
0 0.667824 0.369792 0.003858 0.003472
0 0.657022 0.368056 0.000772 0.002315
0 0.547840 0.368056 0.003086 0.004630
0 0.697145 0.369213 0.010031 0.011574
0 0.705633 0.360532 0.000772 0.001157
0 0.753086 0.359954 0.001543 0.002315
0 0.698688 0.359375 0.002315 0.003472
0 0.703318 0.356481 0.002315 0.002315
0 0.704475 0.351852 0.001543 0.002315
0 0.576003 0.354167 0.003858 0.013889
0 0.676312 0.348380 0.003858 0.004630
0 0.607639 0.350694 0.003858 0.009259
0 0.614583 0.347801 0.006944 0.008102
0 0.611111 0.344907 0.001543 0.002315
0 0.559799 0.347801 0.005401 0.008102
0 0.555170 0.344329 0.000772 0.001157
0 0.553627 0.339699 0.000772 0.001157
0 0.614198 0.338542 0.003086 0.003472
0 0.618056 0.337963 0.003086 0.004630
0 0.552469 0.333912 0.001543 0.001157
0 0.719907 0.329861 0.001543 0.002315
0 0.717207 0.326968 0.002315 0.003472
0 0.658179 0.328125 0.003086 0.005787
0 0.608025 0.333912 0.006173 0.019676
0 0.603009 0.321181 0.000772 0.001157
0 0.599537 0.322917 0.003086 0.004630
0 0.568673 0.322917 0.003086 0.004630
0 0.629630 0.307292 0.001543 0.003472
0 0.564429 0.304977 0.006944 0.010417
0 0.579475 0.300347 0.003086 0.003472
0 0.623457 0.293981 0.001543 0.002315
0 0.611497 0.293403 0.002315 0.005787
0 0.665895 0.292824 0.007716 0.009259
0 0.623457 0.283565 0.003086 0.004630
0 0.542824 0.282407 0.005401 0.006944
0 0.624228 0.276620 0.001543 0.002315
0 0.612269 0.273727 0.000772 0.001157
0 0.617670 0.270833 0.005401 0.023148
0 0.606867 0.256944 0.002315 0.004630
0 0.478395 0.237847 0.001543 0.001157
0 0.518133 0.238426 0.002315 0.004630
0 0.521991 0.230903 0.002315 0.003472
0 0.523534 0.226273 0.000772 0.001157
0 0.505401 0.219329 0.001543 0.003472
0 0.487654 0.220486 0.004630 0.008102
0 0.467978 0.208333 0.003858 0.006944
0 0.496528 0.204282 0.000772 0.001157
0 0.478009 0.199074 0.006944 0.016204
0 0.488426 0.195602 0.006173 0.011574
0 0.463735 0.190394 0.003086 0.005787
0 0.516975 0.183449 0.003086 0.003472
0 0.504244 0.193866 0.013117 0.024306
0 0.461806 0.181134 0.000772 0.001157
0 0.478009 0.184606 0.005401 0.010417
0 0.512346 0.178819 0.003086 0.005787
0 0.467593 0.177662 0.003086 0.003472
0 0.493827 0.176505 0.001543 0.003472
1 0.566358 0.613426 0.006173 0.009259
1 0.559414 0.611111 0.004630 0.006944
1 0.566358 0.600694 0.003086 0.004630
1 0.691358 0.573495 0.006173 0.008102
1 0.795139 0.516204 0.003858 0.006944
1 0.789352 0.489583 0.015432 0.023148
1 0.255401 0.482060 0.023148 0.008102
1 0.681713 0.478588 0.008488 0.012731
1 0.683256 0.475116 0.001543 0.002315
1 0.649691 0.466435 0.003086 0.006944
1 0.650077 0.465856 0.001543 0.002315
1 0.689815 0.462384 0.004630 0.005787
1 0.653164 0.453125 0.002315 0.003472
1 0.678241 0.335648 0.007716 0.013889
1 0.697531 0.318287 0.009259 0.020833
1 0.697917 0.321759 0.004630 0.005787
1 0.697531 0.317130 0.002315 0.003472
1 0.321759 0.195602 0.006173 0.011574
1 0.641590 0.193866 0.008488 0.015046
1 0.356481 0.195602 0.007716 0.023148
1 0.355324 0.186921 0.001543 0.002315
1 0.597608 0.153356 0.005401 0.008102
1 0.335648 0.146991 0.012346 0.013889
1 0.333719 0.149884 0.001543 0.002315
3 0.470679 0.704861 0.003086 0.006944
3 0.729552 0.668403 0.002315 0.003472
3 0.559028 0.610532 0.003858 0.005787
3 0.765046 0.456019 0.003858 0.006944
3 0.721065 0.336806 0.002315 0.004630
3 0.430170 0.131944 0.005401 0.006944