0 0.613333 0.480000 0.012500 0.018333
0 0.605625 0.458958 0.010417 0.027083
0 0.603750 0.395417 0.035833 0.030000
0 0.622292 0.378125 0.002917 0.002917
0 0.578333 0.344792 0.005000 0.007083
0 0.617292 0.326458 0.002917 0.002917
0 0.627917 0.325000 0.006667 0.007500
0 0.636250 0.323333 0.004167 0.005000
0 0.608542 0.319167 0.004583 0.004167
0 0.588125 0.314792 0.010417 0.016250
0 0.601875 0.306458 0.014583 0.009583
0 0.575417 0.310833 0.012500 0.018333
0 0.631458 0.302708 0.009583 0.009583
0 0.626042 0.292292 0.002917 0.002917
0 0.577500 0.290417 0.006667 0.005000
0 0.598333 0.286250 0.005833 0.005833
0 0.588125 0.288958 0.008750 0.013750
0 0.628958 0.278125 0.002917 0.002083
0 0.618750 0.282708 0.007500 0.014583
0 0.574583 0.277500 0.005000 0.005833
0 0.591875 0.275833 0.002917 0.003333
0 0.635208 0.274792 0.002083 0.002917
0 0.615000 0.276250 0.005833 0.005833
0 0.576458 0.271875 0.002917 0.002917
0 0.624167 0.271042 0.005000 0.007083
0 0.594792 0.260833 0.020417 0.017500
1 0.701458 0.796875 0.013750 0.010417
1 0.665000 0.616042 0.006667 0.010417
1 0.226458 0.609375 0.026250 0.020417
1 0.476250 0.318750 0.012500 0.010833
3 0.777292 0.740417 0.003750 0.005000
3 0.780833 0.481667 0.006667 0.005833