0 0.463235 0.889000 0.001337 0.002000
0 0.470922 0.872000 0.003342 0.004000
0 0.454211 0.869000 0.002005 0.002000
0 0.474265 0.867000 0.002005 0.002000
0 0.494652 0.864000 0.001337 0.002000
0 0.499332 0.863500 0.005348 0.005000
0 0.506684 0.857500 0.002674 0.003000
0 0.437834 0.851500 0.002674 0.003000
0 0.453209 0.850000 0.002674 0.002000
0 0.442848 0.847500 0.006016 0.009000
0 0.434158 0.832000 0.011364 0.010000
0 0.435160 0.812000 0.004011 0.004000
0 0.443850 0.808500 0.005348 0.005000
0 0.460227 0.805000 0.004679 0.004000
0 0.449866 0.801000 0.002674 0.004000
0 0.426471 0.803000 0.009358 0.010000
0 0.401404 0.792000 0.004679 0.004000
0 0.474933 0.791500 0.006016 0.007000
0 0.435829 0.790000 0.005348 0.006000
0 0.535762 0.788000 0.003342 0.004000
0 0.511698 0.781500 0.002005 0.005000
0 0.428810 0.783000 0.004679 0.008000
0 0.504345 0.777500 0.011364 0.009000
0 0.474265 0.770000 0.003342 0.004000
0 0.530749 0.764000 0.013369 0.018000
0 0.509358 0.761500 0.014706 0.017000
0 0.460227 0.766000 0.016711 0.026000
0 0.460561 0.745500 0.002674 0.005000
0 0.448529 0.752000 0.014706 0.022000
0 0.514372 0.740500 0.008690 0.007000
0 0.472928 0.742500 0.007353 0.013000
0 0.485963 0.733500 0.002674 0.003000
0 0.441176 0.730500 0.006684 0.007000
0 0.434492 0.727000 0.001337 0.002000
0 0.467580 0.728000 0.007353 0.008000
0 0.450201 0.727500 0.003342 0.007000
0 0.501337 0.738000 0.026738 0.034000
0 0.500000 0.736000 0.004679 0.009000
0 0.482620 0.722500 0.002674 0.007000
0 0.454880 0.715500 0.006016 0.005000
0 0.487634 0.709500 0.002005 0.003000
0 0.469586 0.709000 0.004679 0.004000
0 0.477273 0.708000 0.004011 0.006000
0 0.448195 0.704500 0.007353 0.009000
0 0.493984 0.704500 0.006684 0.011000
0 0.504679 0.701000 0.005348 0.006000
0 0.442848 0.694500 0.004679 0.005000
0 0.473262 0.694500 0.005348 0.007000
0 0.486297 0.694500 0.007353 0.009000
0 0.465909 0.686000 0.008021 0.008000
0 0.481283 0.680000 0.002674 0.006000
0 0.465909 0.674000 0.005348 0.010000
0 0.492647 0.669500 0.002674 0.003000
0 0.436163 0.647000 0.006016 0.010000
0 0.445856 0.630000 0.010695 0.022000
0 0.469586 0.595500 0.002005 0.003000
0 0.466912 0.592500 0.002005 0.003000
0 0.471591 0.585000 0.000668 0.002000
0 0.477607 0.584500 0.006016 0.009000
0 0.543449 0.581500 0.005348 0.005000
0 0.468249 0.579000 0.011364 0.022000
0 0.467580 0.585500 0.001337 0.002000
0 0.466578 0.566000 0.001337 0.002000
0 0.464238 0.563000 0.000668 0.002000
0 0.471925 0.562500 0.002674 0.003000
0 0.468249 0.555500 0.002005 0.003000
0 0.531417 0.495000 0.004011 0.012000
0 0.509358 0.446000 0.002674 0.004000
0 0.385695 0.438500 0.002674 0.003000
0 0.254011 0.361500 0.004011 0.003000
0 0.547460 0.256000 0.004011 0.004000
1 0.486965 0.826000 0.007353 0.004000
1 0.498663 0.815000 0.013369 0.004000
1 0.586898 0.268000 0.006684 0.014000
1 0.416110 0.140500 0.004679 0.005000
1 0.655080 0.119500 0.005348 0.005000