0 0.340278 0.802662 0.003086 0.003472
0 0.337191 0.798611 0.001543 0.002315
0 0.330247 0.796875 0.003086 0.005787
0 0.334491 0.792824 0.003858 0.006944
0 0.337577 0.767940 0.000772 0.001157
0 0.285494 0.770833 0.009259 0.009259
0 0.313272 0.757523 0.004630 0.008102
0 0.289352 0.754051 0.003086 0.003472
0 0.321759 0.748264 0.001543 0.003472
0 0.268133 0.746528 0.000772 0.002315
0 0.286651 0.745370 0.002315 0.002315
0 0.283179 0.743056 0.003086 0.002315
0 0.334105 0.740741 0.001543 0.002315
0 0.320602 0.741898 0.002315 0.004630
0 0.293596 0.742477 0.003858 0.005787
0 0.292438 0.738426 0.001543 0.002315
0 0.331404 0.737847 0.002315 0.003472
0 0.276235 0.739005 0.003086 0.005787
0 0.257330 0.733796 0.003858 0.004630
0 0.278164 0.727431 0.000772 0.001157
0 0.285494 0.726273 0.003086 0.003472
0 0.272762 0.724537 0.003858 0.004630
0 0.268519 0.714120 0.006173 0.006944
0 0.248843 0.710648 0.000772 0.002315
0 0.359182 0.703125 0.002315 0.003472
0 0.244213 0.697338 0.000772 0.001157
0 0.287037 0.703704 0.018519 0.018519
0 0.257330 0.692708 0.000772 0.001157
0 0.236111 0.693866 0.001543 0.003472
0 0.232253 0.686343 0.003086 0.006944
0 0.263889 0.680556 0.001543 0.002315
0 0.270448 0.681134 0.003858 0.005787
0 0.229552 0.677083 0.005401 0.011574
0 0.271991 0.667824 0.003858 0.006944
0 0.251157 0.679398 0.017747 0.030093
0 0.266204 0.662037 0.004630 0.009259
0 0.255401 0.655671 0.004630 0.005787
0 0.266975 0.639468 0.006173 0.010417
0 0.227238 0.620370 0.003858 0.004630
0 0.243441 0.625000 0.027006 0.027778
0 0.226852 0.606481 0.004630 0.006944
0 0.236111 0.605903 0.006173 0.008102
0 0.318673 0.431713 0.003086 0.004630
0 0.316744 0.424190 0.003858 0.005787
0 0.310571 0.419560 0.002315 0.003472
0 0.266204 0.396991 0.004630 0.006944
0 0.269290 0.389468 0.003086 0.005787
0 0.293596 0.388310 0.011574 0.017361
0 0.271219 0.379051 0.006944 0.012731
0 0.311728 0.364005 0.003086 0.005787
0 0.265818 0.358218 0.000772 0.001157
0 0.303627 0.347801 0.002315 0.003472
0 0.264275 0.348380 0.010031 0.023148
0 0.256944 0.335069 0.001543 0.001157
0 0.248843 0.336227 0.013117 0.019676
0 0.314815 0.337963 0.012346 0.027778
0 0.274306 0.323495 0.003858 0.012731
0 0.307870 0.317130 0.001543 0.002315
0 0.287423 0.314236 0.002315 0.005787
0 0.284336 0.311343 0.002315 0.004630
0 0.277778 0.310764 0.004630 0.008102
0 0.300154 0.307870 0.001543 0.004630
0 0.457562 0.305556 0.003086 0.006944
0 0.294367 0.300926 0.013117 0.023148
0 0.250000 0.284722 0.006173 0.011574
1 0.296296 0.789352 0.009259 0.009259
1 0.225694 0.645255 0.011574 0.031250
1 0.210262 0.586806 0.002315 0.011574
1 0.420525 0.557292 0.009259 0.019676
1 0.211806 0.540509 0.010031 0.018519
1 0.520448 0.442130 0.003858 0.002315
1 0.221065 0.439815 0.008488 0.009259
1 0.212963 0.415509 0.006173 0.013889
1 0.303627 0.407407 0.006944 0.006944
1 0.283951 0.392361 0.006173 0.016204
1 0.542438 0.376736 0.009259 0.010417
1 0.579861 0.369213 0.006944 0.011574
1 0.303627 0.369213 0.006944 0.013889
1 0.280093 0.366319 0.010802 0.028935
1 0.350694 0.293981 0.006944 0.011574
1 0.478395 0.232639 0.003086 0.004630
1 0.633102 0.200810 0.017747 0.021991
1 0.452546 0.116319 0.017747 0.015046
1 0.568673 0.110532 0.007716 0.015046
1 0.535108 0.107639 0.011574 0.013889
1 0.572917 0.082176 0.014660 0.018519
3 0.596065 0.917824 0.002315 0.004630
3 0.323302 0.784144 0.003086 0.003472
3 0.444830 0.638889 0.003858 0.004630
3 0.792052 0.443287 0.003858 0.004630
3 0.223765 0.416667 0.001543 0.004630
3 0.273534 0.234954 0.002315 0.004630
3 0.677855 0.186343 0.002315 0.006944
3 0.631559 0.167245 0.003858 0.005787
3 0.434414 0.096065 0.001543 0.002315
3 0.518904 0.057870 0.003858 0.004630