0 0.174805 0.555339 0.004883 0.006510
0 0.175537 0.548503 0.006348 0.005859
0 0.436768 0.268229 0.004395 0.006510
0 0.414551 0.268555 0.004883 0.011068
0 0.735352 0.151367 0.027344 0.027995
0 0.731934 0.145182 0.001953 0.002604
0 0.539551 0.112305 0.009766 0.020182
1 0.649170 0.848958 0.013184 0.024740
1 0.495361 0.800781 0.022949 0.019531
1 0.491211 0.796875 0.003906 0.006510
1 0.591064 0.775391 0.006348 0.011719
1 0.637695 0.707357 0.009766 0.012370
1 0.182129 0.672201 0.013672 0.014974
1 0.421143 0.217773 0.083496 0.064453
1 0.395996 0.179036 0.004883 0.006510
1 0.382080 0.173828 0.004395 0.013021
1 0.385010 0.136068 0.008301 0.010417
1 0.360840 0.136068 0.020508 0.037760
1 0.518799 0.122396 0.011230 0.016927
1 0.562256 0.074870 0.013184 0.024740
1 0.538574 0.072591 0.014648 0.021484
3 0.741455 0.818359 0.002441 0.002604
3 0.623047 0.773112 0.002930 0.003255
3 0.574463 0.662435 0.004395 0.004557
3 0.466797 0.428385 0.003906 0.003906
3 0.637695 0.348958 0.002930 0.003906
3 0.564209 0.227539 0.005371 0.008464
3 0.578857 0.205404 0.002441 0.005859
3 0.396973 0.178385 0.002930 0.001302
3 0.338135 0.166667 0.001465 0.001302