0 0.508021 0.724000 0.002674 0.004000
0 0.512701 0.700000 0.006684 0.008000
0 0.514037 0.690500 0.002674 0.003000
0 0.503342 0.690000 0.006684 0.008000
0 0.531083 0.682000 0.008690 0.008000
0 0.521390 0.678500 0.006684 0.009000
0 0.535762 0.675500 0.004679 0.005000
0 0.582219 0.631500 0.001337 0.003000
0 0.586564 0.628000 0.004679 0.006000
0 0.576203 0.601000 0.002674 0.004000
0 0.568850 0.599000 0.001337 0.002000
0 0.573195 0.596500 0.002005 0.003000
0 0.576203 0.591000 0.008021 0.004000
0 0.579880 0.587000 0.000668 0.002000
0 0.586898 0.586500 0.002674 0.005000
0 0.592580 0.581500 0.003342 0.009000
0 0.445856 0.562500 0.001337 0.003000
0 0.444519 0.557000 0.001337 0.002000
0 0.446190 0.551000 0.002005 0.004000
0 0.436832 0.499500 0.002005 0.003000
1 0.590575 0.854000 0.024733 0.046000
1 0.647393 0.835500 0.024733 0.057000
1 0.570521 0.779000 0.008690 0.016000
1 0.567848 0.767000 0.003342 0.004000
1 0.690842 0.768000 0.015374 0.018000
1 0.326872 0.754500 0.006684 0.011000
1 0.560495 0.746500 0.014037 0.013000
1 0.566176 0.724500 0.022727 0.013000
1 0.216912 0.718500 0.007353 0.009000
1 0.220254 0.703500 0.006016 0.015000
1 0.231283 0.685000 0.004011 0.008000
1 0.596257 0.684500 0.009358 0.017000
1 0.693850 0.697000 0.033422 0.044000
1 0.697861 0.693000 0.006016 0.015000
1 0.691511 0.686500 0.002674 0.004000
1 0.335227 0.656500 0.006016 0.011000
1 0.260361 0.614500 0.010027 0.021000
1 0.260695 0.616500 0.002005 0.004000
1 0.754679 0.603000 0.008021 0.014000
1 0.454545 0.600000 0.008021 0.012000
1 0.461230 0.588000 0.008021 0.014000
1 0.452206 0.571000 0.004679 0.006000
1 0.544118 0.567500 0.004011 0.005000
1 0.537767 0.521500 0.004679 0.009000
1 0.465241 0.518500 0.004011 0.005000
1 0.454545 0.518000 0.006684 0.014000
1 0.482620 0.477500 0.028075 0.033000
1 0.422460 0.438500 0.012032 0.015000
1 0.458222 0.434000 0.007353 0.014000
1 0.430147 0.427000 0.002005 0.004000
1 0.444184 0.423000 0.002005 0.004000
1 0.446190 0.408500 0.002005 0.003000
1 0.526738 0.409500 0.004011 0.007000
1 0.485294 0.402500 0.002674 0.005000
1 0.372995 0.355000 0.006684 0.006000
1 0.297794 0.356000 0.018048 0.020000
1 0.310495 0.340500 0.006016 0.009000
1 0.321524 0.338000 0.004011 0.006000
1 0.579545 0.336500 0.004011 0.007000
1 0.441176 0.341500 0.010695 0.025000
1 0.306484 0.331000 0.004679 0.004000
1 0.461230 0.324000 0.010695 0.012000
1 0.335561 0.319500 0.013369 0.023000
1 0.445521 0.302000 0.010027 0.020000
1 0.724933 0.292500 0.006016 0.005000
1 0.719586 0.292000 0.002005 0.004000
1 0.493316 0.276500 0.008021 0.011000
1 0.537099 0.208000 0.018048 0.020000
1 0.533422 0.193000 0.008021 0.008000
1 0.468583 0.172000 0.009358 0.008000
1 0.482286 0.171000 0.003342 0.010000
1 0.474265 0.159000 0.003342 0.008000
1 0.460561 0.159500 0.009358 0.011000
1 0.450869 0.161500 0.016711 0.029000
1 0.465575 0.141500 0.015374 0.019000
1 0.434158 0.103500 0.003342 0.003000
1 0.429479 0.108000 0.006016 0.012000
2 0.516711 0.898000 0.026738 0.026000
2 0.682821 0.725000 0.058155 0.056000
2 0.578877 0.689000 0.038770 0.056000
2 0.451872 0.658000 0.042781 0.056000
2 0.612634 0.620000 0.012701 0.030000
2 0.615307 0.616500 0.005348 0.004000
2 0.618316 0.603500 0.001337 0.001000
2 0.524064 0.481500 0.026738 0.019000
2 0.517045 0.481500 0.001337 0.002000
2 0.516377 0.470000 0.020722 0.016000
2 0.497326 0.438500 0.041444 0.061000
2 0.522727 0.373000 0.022727 0.042000
2 0.596591 0.146500 0.022059 0.039000
2 0.695187 0.134000 0.006684 0.018000
2 0.668115 0.102500 0.020722 0.037000
2 0.663770 0.094500 0.002005 0.002000
2 0.612634 0.085000 0.028743 0.028000
2 0.423797 0.053500 0.034759 0.027000
2 0.415441 0.046000 0.005348 0.005000
3 0.613302 0.351000 0.006016 0.008000
3 0.575201 0.284500 0.006016 0.009000
3 0.249666 0.275500 0.003342 0.005000
3 0.570856 0.273000 0.002674 0.004000
3 0.551805 0.263000 0.002005 0.004000
3 0.481283 0.262500 0.004011 0.005000
3 0.509358 0.240000 0.002674 0.004000
3 0.504345 0.232500 0.002005 0.003000