0 0.552083 0.662616 0.016204 0.019676
0 0.227238 0.647569 0.006944 0.012731
2 0.297454 0.768519 0.020833 0.034722
2 0.544753 0.369792 0.023148 0.033565
2 0.477238 0.355903 0.008488 0.010417
3 0.308642 0.752315 0.001543 0.002315
3 0.599151 0.700810 0.002315 0.003472
3 0.540509 0.679398 0.002315 0.004630
3 0.682485 0.625000 0.000772 0.002315
3 0.711806 0.599537 0.000772 0.002315
3 0.238812 0.598958 0.000772 0.001157
3 0.256944 0.597801 0.003086 0.003472
3 0.240741 0.582176 0.001543 0.002315
3 0.269290 0.579861 0.003086 0.002315
3 0.265432 0.566551 0.001543 0.001157
3 0.624614 0.559606 0.002315 0.003472
3 0.637346 0.552083 0.001543 0.002315
3 0.688657 0.541088 0.002315 0.003472
3 0.261188 0.521412 0.002315 0.003472
3 0.223380 0.468750 0.003858 0.004630
3 0.572145 0.454282 0.000772 0.001157
3 0.487654 0.443866 0.004630 0.005787
3 0.434799 0.442708 0.002315 0.003472
3 0.296682 0.397569 0.002315 0.005787
3 0.368056 0.320023 0.001543 0.005787
3 0.262731 0.291667 0.003858 0.004630
3 0.412809 0.277778 0.003086 0.006944
3 0.366512 0.277778 0.003086 0.006944
3 0.425154 0.257523 0.007716 0.008102
3 0.455247 0.221065 0.003086 0.006944
3 0.437500 0.217014 0.003086 0.008102
3 0.407407 0.211227 0.003086 0.003472
3 0.466821 0.190972 0.004630 0.006944
3 0.367670 0.144097 0.000772 0.001157