1 0.238426 0.696759 0.007716 0.011574
1 0.697531 0.620370 0.009259 0.016204
1 0.400849 0.587963 0.005401 0.006944
1 0.240741 0.552662 0.026235 0.026620
1 0.452160 0.512731 0.010802 0.011574
1 0.456019 0.502315 0.007716 0.011574
1 0.498457 0.489583 0.010802 0.013889
2 0.474923 0.706597 0.027006 0.038194
2 0.425926 0.663194 0.013889 0.025463
2 0.432485 0.299190 0.016204 0.024306
3 0.586806 0.832176 0.003858 0.004630
3 0.576389 0.796875 0.004630 0.005787
3 0.303241 0.746528 0.003086 0.004630
3 0.646991 0.740741 0.000772 0.002315
3 0.716049 0.713542 0.003086 0.003472
3 0.601080 0.710648 0.006173 0.009259
3 0.713735 0.704282 0.001543 0.003472
3 0.708719 0.700810 0.000772 0.001157
3 0.727623 0.699074 0.001543 0.002315
3 0.716435 0.700231 0.002315 0.004630
3 0.275463 0.686921 0.003086 0.008102
3 0.717978 0.574074 0.003858 0.004630
3 0.230324 0.548032 0.002315 0.003472
3 0.759645 0.450231 0.006944 0.006944
3 0.739583 0.446181 0.005401 0.005787
3 0.614583 0.426505 0.002315 0.003472
3 0.789352 0.412037 0.001543 0.002315
3 0.525463 0.387731 0.003086 0.004630
3 0.597608 0.360532 0.003858 0.005787
3 0.379244 0.168403 0.002315 0.003472
3 0.652778 0.129630 0.003086 0.004630
3 0.626929 0.126157 0.003858 0.004630
3 0.560571 0.120370 0.005401 0.006944
3 0.630401 0.114583 0.001543 0.002315
3 0.555941 0.103588 0.002315 0.003472
3 0.569444 0.101273 0.001543 0.003472
3 0.561343 0.089699 0.002315 0.003472