0 0.369985 0.813079 0.003858 0.008102
0 0.712577 0.733218 0.005401 0.010417
0 0.707948 0.726273 0.000772 0.001157
0 0.673997 0.726852 0.002315 0.004630
0 0.701389 0.690972 0.003086 0.004630
0 0.684414 0.688657 0.006173 0.009259
0 0.268519 0.612847 0.003086 0.003472
0 0.618827 0.534144 0.003086 0.005787
0 0.734954 0.527199 0.002315 0.003472
0 0.758488 0.520255 0.007716 0.005787
0 0.695216 0.522569 0.030864 0.017361
0 0.744599 0.512731 0.001543 0.002315
0 0.715278 0.510417 0.006173 0.006944
0 0.726852 0.508102 0.001543 0.004630
0 0.706790 0.505208 0.001543 0.003472
0 0.701003 0.503472 0.000772 0.002315
0 0.712191 0.491898 0.003086 0.004630
0 0.761188 0.485532 0.002315 0.003472
0 0.721451 0.490741 0.007716 0.013889
0 0.756944 0.483796 0.001543 0.002315
0 0.726852 0.483218 0.003086 0.005787
0 0.772377 0.490162 0.021605 0.031250
0 0.727623 0.473380 0.006173 0.009259
0 0.742670 0.468171 0.000772 0.001157
0 0.759645 0.469329 0.010031 0.010417
0 0.751157 0.468171 0.003858 0.008102
0 0.679012 0.410301 0.003086 0.005787
0 0.668596 0.410880 0.003858 0.006944
0 0.683256 0.406250 0.003858 0.006944
0 0.663580 0.403356 0.003086 0.008102
0 0.671682 0.399306 0.006944 0.013889
0 0.702160 0.390625 0.007716 0.012731
0 0.670139 0.383681 0.005401 0.008102
0 0.686728 0.381944 0.003086 0.006944
0 0.706790 0.377894 0.003086 0.005787
0 0.717593 0.373843 0.001543 0.002315
0 0.714120 0.369213 0.002315 0.004630
0 0.686728 0.359954 0.001543 0.002315
0 0.699460 0.359375 0.002315 0.003472
0 0.717978 0.358796 0.005401 0.006944
0 0.722222 0.354745 0.001543 0.001157
0 0.689043 0.355324 0.001543 0.002315
0 0.453704 0.348380 0.004630 0.004630
0 0.716435 0.333912 0.000772 0.001157
0 0.450617 0.337384 0.004630 0.008102
0 0.678627 0.333333 0.003858 0.009259
0 0.671296 0.348958 0.029321 0.059028
0 0.657793 0.348958 0.001543 0.002315
0 0.722222 0.320023 0.001543 0.003472
0 0.450617 0.324074 0.012346 0.011574
0 0.667052 0.311921 0.000772 0.001157
0 0.680941 0.312500 0.005401 0.009259
0 0.441744 0.310185 0.006944 0.011574
0 0.717207 0.317708 0.011574 0.028935
0 0.452932 0.304977 0.003086 0.005787
0 0.670525 0.308449 0.009259 0.017361
0 0.701775 0.292824 0.003858 0.006944
0 0.713735 0.292824 0.015432 0.013889
0 0.679784 0.287616 0.004630 0.005787
0 0.689043 0.286458 0.003086 0.005787
0 0.692515 0.282986 0.000772 0.001157
0 0.669367 0.285880 0.003858 0.006944
0 0.678241 0.276620 0.004630 0.006944
0 0.720293 0.273148 0.005401 0.013889
0 0.701003 0.192130 0.005401 0.004630
0 0.705633 0.186343 0.003858 0.004630
0 0.513503 0.114583 0.002315 0.004630
0 0.502315 0.095486 0.003086 0.003472
0 0.508488 0.083333 0.001543 0.004630
0 0.491127 0.075810 0.000772 0.003472
0 0.513117 0.067708 0.003086 0.005787
0 0.486497 0.066551 0.002315 0.005787
1 0.553241 0.895255 0.010802 0.008102
1 0.628858 0.708333 0.007716 0.009259
1 0.270062 0.635417 0.009259 0.011574
1 0.739198 0.491319 0.016975 0.031250
1 0.690972 0.339120 0.005401 0.013889
1 0.484954 0.318866 0.006944 0.008102
1 0.495370 0.299190 0.009259 0.012731
1 0.729552 0.288773 0.006944 0.008102
1 0.541281 0.278935 0.005401 0.004630
1 0.477238 0.276620 0.003858 0.006944
1 0.467978 0.240162 0.019290 0.019676
1 0.376929 0.232639 0.010031 0.025463
1 0.708333 0.192708 0.009259 0.010417
1 0.601466 0.156829 0.005401 0.010417
3 0.715278 0.775463 0.001543 0.002315
3 0.502315 0.765625 0.006173 0.008102
3 0.612654 0.751736 0.003086 0.005787
3 0.309799 0.730324 0.002315 0.002315
3 0.321759 0.698495 0.003086 0.005787
3 0.481481 0.670718 0.006173 0.008102
3 0.787037 0.461806 0.004630 0.004630
3 0.778164 0.390625 0.002315 0.003472
3 0.531636 0.337384 0.003086 0.005787
3 0.557485 0.196181 0.003858 0.005787