0 0.586034 0.776042 0.005401 0.010417
0 0.589120 0.769097 0.000772 0.001157
0 0.592593 0.770255 0.003086 0.005787
0 0.599151 0.762153 0.000772 0.001157
0 0.589892 0.739583 0.002315 0.004630
0 0.599923 0.738426 0.002315 0.004630
0 0.597608 0.733796 0.002315 0.004630
0 0.590278 0.729167 0.010802 0.011574
0 0.582948 0.712384 0.005401 0.008102
0 0.594907 0.694444 0.003086 0.004630
0 0.584105 0.690394 0.009259 0.019676
1 0.343750 0.833333 0.011574 0.018519
1 0.590278 0.744792 0.007716 0.010417
3 0.327546 0.851852 0.002315 0.004630
3 0.320602 0.848958 0.003858 0.003472
3 0.329090 0.837384 0.003858 0.003472
3 0.664352 0.575231 0.003086 0.006944
3 0.657022 0.568287 0.000772 0.002315
3 0.783951 0.479745 0.003086 0.008102
3 0.628472 0.330440 0.002315 0.005787
3 0.417824 0.158565 0.002315 0.004630