0 0.714111 0.802409 0.028809 0.030599
0 0.709961 0.784180 0.000977 0.001953
0 0.705322 0.780599 0.008301 0.007813
0 0.694824 0.767578 0.006836 0.013021
0 0.693604 0.704427 0.005371 0.006510
0 0.692871 0.669596 0.005859 0.005859
0 0.756592 0.641276 0.002441 0.002604
0 0.752441 0.640625 0.002930 0.003906
0 0.735840 0.622070 0.001953 0.001953
0 0.774170 0.617839 0.004395 0.006510
0 0.806396 0.598633 0.005371 0.007161
0 0.786865 0.529297 0.005371 0.006510
0 0.800049 0.528646 0.007324 0.009115
0 0.804443 0.516276 0.005371 0.006510
0 0.792480 0.500977 0.003906 0.004557
0 0.776611 0.495443 0.006348 0.005208
0 0.798584 0.481445 0.007324 0.007161
0 0.816162 0.474935 0.004395 0.004557
0 0.562500 0.290690 0.003906 0.005859
0 0.661133 0.269857 0.004883 0.005859
0 0.741943 0.227214 0.002441 0.003906
0 0.733643 0.226888 0.006348 0.008464
0 0.743408 0.218424 0.004395 0.008464
0 0.748047 0.212565 0.002930 0.004557
0 0.747314 0.207031 0.003418 0.005208
0 0.773926 0.206706 0.007813 0.007161
0 0.754639 0.204102 0.004395 0.008464
0 0.638916 0.191732 0.004395 0.005859
0 0.732910 0.180339 0.005859 0.009115
1 0.701904 0.786133 0.014160 0.009766
1 0.717773 0.785807 0.010742 0.018229
1 0.731934 0.680990 0.011719 0.010417
1 0.757324 0.623698 0.012695 0.020833
1 0.812256 0.566081 0.007324 0.011068
1 0.795654 0.512695 0.008301 0.009766
1 0.793213 0.489583 0.016113 0.009115
1 0.421143 0.355794 0.011230 0.008464
1 0.433838 0.317708 0.014160 0.011719