0 0.650463 0.704282 0.010802 0.012731
0 0.635417 0.697338 0.002315 0.005787
0 0.655478 0.692130 0.002315 0.002315
0 0.635802 0.685764 0.004630 0.012731
0 0.658565 0.677662 0.000772 0.001157
0 0.649691 0.670718 0.012346 0.019676
0 0.621528 0.463542 0.003858 0.010417
0 0.626543 0.430556 0.001543 0.002315
0 0.628472 0.426505 0.000772 0.001157
0 0.624228 0.421296 0.004630 0.009259
0 0.636574 0.423032 0.006173 0.017361
0 0.638117 0.399306 0.001543 0.004630
0 0.645448 0.363426 0.008488 0.032407
0 0.665895 0.347801 0.001543 0.003472
0 0.679784 0.304398 0.001543 0.004630
0 0.679398 0.292824 0.005401 0.009259
1 0.655478 0.755208 0.008488 0.012731
1 0.221451 0.424769 0.007716 0.016204
1 0.290509 0.438657 0.016204 0.050926
3 0.237654 0.633681 0.001543 0.001157
3 0.237269 0.609375 0.003858 0.005787