0 0.250488 0.722331 0.001953 0.003255
0 0.336914 0.722982 0.005859 0.008464
0 0.256836 0.720703 0.001953 0.003906
0 0.312012 0.663086 0.002930 0.003255
0 0.316406 0.660482 0.001953 0.001953
0 0.368164 0.661784 0.001953 0.005859
0 0.305908 0.662760 0.006348 0.010417
0 0.360840 0.660807 0.005859 0.014323
0 0.305176 0.652995 0.001953 0.002604
0 0.320068 0.649740 0.001465 0.001302
0 0.375488 0.650065 0.008789 0.016276
0 0.276855 0.645833 0.009766 0.010417
0 0.402344 0.635742 0.011719 0.012370
0 0.296387 0.628581 0.002930 0.005859
0 0.441895 0.624674 0.000977 0.001953
0 0.331787 0.631836 0.009277 0.016276
0 0.323975 0.622070 0.001465 0.001953
0 0.366943 0.627930 0.006348 0.014974
0 0.431885 0.617839 0.002441 0.002604
0 0.328125 0.611654 0.002930 0.001953
0 0.372070 0.612305 0.012695 0.016276
0 0.375977 0.600911 0.001953 0.002604
0 0.381348 0.601237 0.004883 0.004557
0 0.272705 0.596680 0.001465 0.001953
0 0.440918 0.609375 0.008789 0.028646
0 0.403320 0.592773 0.004883 0.008464
0 0.259766 0.589518 0.010742 0.018880
0 0.376953 0.581706 0.002930 0.004557
0 0.376465 0.576172 0.001953 0.002604
0 0.411377 0.572591 0.001465 0.003255
0 0.285889 0.580078 0.011230 0.020833
0 0.175781 0.571615 0.001953 0.003906
0 0.177002 0.567383 0.001465 0.001953
0 0.272949 0.575195 0.011719 0.030599
0 0.172363 0.561198 0.001953 0.002604
0 0.287354 0.554036 0.001465 0.001302
0 0.422363 0.553385 0.000977 0.001302
0 0.406006 0.554688 0.003418 0.006510
0 0.424805 0.551432 0.001953 0.002604
0 0.460449 0.547526 0.007813 0.013021
0 0.423340 0.541992 0.004883 0.007161
0 0.414063 0.529297 0.002930 0.005208
0 0.407715 0.544596 0.023438 0.037109
0 0.411621 0.522786 0.004883 0.006510
0 0.398682 0.517578 0.004395 0.007813
0 0.216309 0.495768 0.008789 0.012370
0 0.391113 0.486979 0.001953 0.003906
0 0.391602 0.473633 0.012695 0.014974
0 0.283447 0.458659 0.003418 0.004557
0 0.258301 0.453776 0.001953 0.002604
0 0.384521 0.447917 0.004395 0.007813
0 0.395996 0.436523 0.001953 0.001953
0 0.257813 0.437500 0.012695 0.009115
0 0.432373 0.430990 0.001465 0.001302
0 0.410889 0.417643 0.002441 0.001953
0 0.444092 0.417643 0.002441 0.004557
0 0.572998 0.415690 0.003418 0.003255
0 0.448975 0.415039 0.001465 0.001953
0 0.478271 0.416992 0.008301 0.013672
0 0.448242 0.411133 0.000977 0.001953
0 0.553711 0.411458 0.001953 0.003906
0 0.440186 0.409180 0.003418 0.004557
0 0.448975 0.406576 0.004395 0.005859
0 0.368408 0.419271 0.025879 0.032552
0 0.494873 0.404297 0.003418 0.006510
0 0.376953 0.403971 0.002930 0.005859
0 0.528076 0.400391 0.001465 0.003906
0 0.586426 0.398763 0.001953 0.003255
0 0.420654 0.407552 0.016113 0.022135
0 0.339111 0.397786 0.002441 0.002604
0 0.525635 0.395833 0.002441 0.002604
0 0.447266 0.393229 0.000977 0.001302
0 0.410889 0.393880 0.002441 0.003906
0 0.488770 0.392904 0.002930 0.005859
0 0.437500 0.397786 0.010742 0.015625
0 0.389404 0.389974 0.004395 0.002604
0 0.435547 0.388997 0.002930 0.003255
0 0.573486 0.388021 0.004395 0.003906
0 0.295898 0.391276 0.009766 0.011719
0 0.502197 0.395833 0.011230 0.022135
0 0.511963 0.386068 0.001465 0.003906
0 0.471191 0.388021 0.004883 0.007813
0 0.379150 0.389323 0.006348 0.010417
0 0.338379 0.388346 0.005859 0.008464
0 0.495605 0.384766 0.001953 0.002604
0 0.416260 0.381185 0.001465 0.003255
0 0.499023 0.379883 0.000977 0.001953
0 0.344727 0.372070 0.003906 0.005859
0 0.480957 0.369792 0.001953 0.002604
0 0.349609 0.361328 0.002930 0.002604
0 0.435547 0.358724 0.004883 0.006510
0 0.358154 0.359375 0.004395 0.009115
0 0.353271 0.354167 0.001465 0.002604
0 0.345703 0.352539 0.000977 0.001953
0 0.421387 0.360352 0.014648 0.018880
0 0.482910 0.345703 0.005859 0.006510
0 0.426025 0.342448 0.004395 0.005208
0 0.446777 0.342122 0.005859 0.008464
0 0.519287 0.340169 0.006348 0.008464
0 0.484619 0.335286 0.001465 0.001302
0 0.483154 0.332357 0.001465 0.001953
0 0.465088 0.332031 0.002441 0.003906
0 0.496338 0.328451 0.003418 0.005859
0 0.492676 0.321289 0.003906 0.004557
0 0.439697 0.318685 0.011230 0.016276
0 0.492920 0.312500 0.003418 0.009115
0 0.499023 0.305664 0.001953 0.003255
0 0.458984 0.309245 0.011719 0.015625
0 0.482178 0.303711 0.003418 0.008464
0 0.419434 0.301758 0.002930 0.004557
0 0.457520 0.297526 0.004883 0.006510
0 0.472412 0.290039 0.009277 0.011068
0 0.434326 0.285156 0.004395 0.005208
0 0.420166 0.283203 0.001465 0.001302
0 0.499023 0.283529 0.001953 0.003255
0 0.454590 0.283854 0.002930 0.003906
0 0.541748 0.283854 0.009277 0.009115
0 0.536621 0.276693 0.001953 0.002604
0 0.510498 0.277018 0.002441 0.004557
0 0.457275 0.272461 0.004395 0.007161
0 0.541992 0.271810 0.009766 0.008464
0 0.519043 0.267904 0.009766 0.012370
0 0.505615 0.262695 0.001465 0.003255
0 0.522461 0.261719 0.002930 0.005208
0 0.309326 0.208984 0.006348 0.006510
0 0.423340 0.193034 0.007813 0.004557
0 0.386230 0.177409 0.009766 0.011068
0 0.422852 0.156250 0.004883 0.010417
0 0.532959 0.070964 0.007324 0.006510
1 0.510986 0.797201 0.019043 0.011068
1 0.771729 0.740560 0.021973 0.027995
1 0.458740 0.736328 0.014160 0.036458
1 0.734375 0.697266 0.045898 0.058594
1 0.204590 0.649740 0.052734 0.109375
1 0.196045 0.628906 0.003418 0.002604
1 0.207275 0.628255 0.008301 0.003906
1 0.465088 0.613607 0.037598 0.054036
1 0.358643 0.571289 0.015137 0.026693
1 0.358643 0.567708 0.002441 0.003906
1 0.201904 0.566081 0.016113 0.018880
1 0.474121 0.546875 0.009766 0.014323
1 0.496094 0.547852 0.010742 0.017578
1 0.387207 0.558268 0.030273 0.038411
1 0.275146 0.546875 0.024902 0.019531
1 0.158447 0.504232 0.023926 0.025391
1 0.318359 0.493164 0.011719 0.014974
1 0.302979 0.463542 0.009277 0.011719
1 0.305664 0.453776 0.002930 0.006510
1 0.600342 0.452474 0.020020 0.016927
1 0.331787 0.452474 0.019043 0.022135
1 0.268799 0.451497 0.020020 0.020182
1 0.301270 0.440104 0.016602 0.016927
1 0.390869 0.431966 0.005371 0.007161
1 0.393799 0.416992 0.004395 0.007161
1 0.381836 0.416992 0.005859 0.009766
1 0.262695 0.416992 0.014648 0.014974
1 0.321045 0.403971 0.004395 0.013672
1 0.265381 0.403971 0.009277 0.016276
1 0.348145 0.390951 0.012695 0.022786
1 0.347656 0.395833 0.003906 0.003906
1 0.349609 0.391276 0.001953 0.002604
1 0.163574 0.389648 0.020508 0.042318
1 0.252441 0.371419 0.015625 0.020182
1 0.511963 0.361003 0.049316 0.031901
1 0.583984 0.366536 0.033203 0.048177
1 0.402100 0.378255 0.068848 0.075521
1 0.793701 0.361654 0.023926 0.047526
1 0.284912 0.345703 0.009277 0.018229
1 0.349609 0.324219 0.013672 0.018229
1 0.573486 0.316732 0.021973 0.029297
1 0.762695 0.328125 0.023438 0.054688
1 0.727783 0.307943 0.007324 0.016927
1 0.229980 0.302734 0.008789 0.011719
1 0.534912 0.318359 0.062988 0.055990
1 0.749023 0.240234 0.038086 0.023438
1 0.429443 0.234701 0.015137 0.022786
1 0.662354 0.150391 0.024902 0.029948
1 0.485107 0.103516 0.022949 0.036458
3 0.292725 0.849935 0.006348 0.009766
3 0.565918 0.797526 0.002930 0.003906
3 0.221924 0.783203 0.006348 0.006510
3 0.783936 0.734049 0.001465 0.001953
3 0.783203 0.726563 0.002930 0.005208
3 0.405762 0.655599 0.002930 0.003906
3 0.259521 0.650391 0.001465 0.002604
3 0.415283 0.631185 0.001465 0.004557
3 0.429932 0.630534 0.003418 0.005859
3 0.423828 0.626953 0.002930 0.002604
3 0.434082 0.612305 0.001953 0.003255
3 0.232422 0.600586 0.004883 0.005859
3 0.842773 0.597331 0.003906 0.004557
3 0.430908 0.597656 0.005371 0.006510
3 0.305908 0.591146 0.003418 0.005208
3 0.363037 0.588216 0.001465 0.004557
3 0.845459 0.577799 0.006348 0.007161
3 0.359131 0.546549 0.003418 0.003255
3 0.631836 0.531901 0.007813 0.006510
3 0.249756 0.520182 0.003418 0.006510
3 0.414307 0.514323 0.006348 0.015625
3 0.408203 0.507813 0.001953 0.005208
3 0.285156 0.508464 0.006836 0.009115
3 0.177979 0.482422 0.003418 0.005208
3 0.171143 0.472331 0.008301 0.012370
3 0.214600 0.458333 0.002441 0.006510
3 0.209717 0.454427 0.004395 0.009115
3 0.487061 0.452799 0.006348 0.008464
3 0.480469 0.448893 0.006836 0.011068
3 0.232666 0.428060 0.003418 0.005859
3 0.643555 0.424154 0.004883 0.008464
3 0.246582 0.421224 0.001953 0.002604
3 0.176758 0.412760 0.003906 0.006510
3 0.638916 0.400716 0.010254 0.012370
3 0.236328 0.393229 0.008789 0.011719
3 0.610107 0.377604 0.003418 0.006510
3 0.633789 0.375651 0.004883 0.006510
3 0.617432 0.374023 0.004395 0.005859
3 0.289307 0.335938 0.003418 0.005208
3 0.426758 0.286133 0.004883 0.008464
3 0.669678 0.277018 0.006348 0.008464
3 0.663574 0.264648 0.006836 0.008464
3 0.210693 0.256836 0.006348 0.007161
3 0.391113 0.139648 0.001953 0.003255
3 0.411865 0.136068 0.001465 0.001302
3 0.627930 0.126302 0.004883 0.007813
3 0.630127 0.100911 0.002441 0.007813
3 0.534912 0.098307 0.004395 0.003906