0 0.615196 0.684232 0.001225 0.000817
0 0.610907 0.671977 0.001225 0.000817
0 0.616728 0.671569 0.004289 0.003268
0 0.611213 0.668709 0.001838 0.004085
0 0.622855 0.662582 0.001838 0.003268
0 0.610294 0.657271 0.001225 0.000817
0 0.534007 0.575163 0.022672 0.027778
0 0.545037 0.556781 0.001838 0.000817
0 0.515931 0.560458 0.004902 0.021242
0 0.515931 0.546160 0.002451 0.005719
0 0.565257 0.542075 0.000613 0.000817
0 0.560968 0.542892 0.007966 0.010621
0 0.566483 0.530229 0.003064 0.003268
0 0.578125 0.522876 0.017770 0.021242
0 0.571385 0.501225 0.003064 0.004085
0 0.582721 0.493873 0.009804 0.020425
0 0.617953 0.474265 0.012868 0.018791
0 0.560968 0.451797 0.004289 0.004902
0 0.573836 0.430964 0.004289 0.007353
0 0.567402 0.410948 0.004902 0.004902
0 0.597120 0.406454 0.004289 0.005719
0 0.575061 0.399918 0.005515 0.007353
0 0.580882 0.390931 0.006127 0.007353
0 0.607843 0.384395 0.002451 0.004085
0 0.580576 0.380719 0.003064 0.004902
0 0.612439 0.375000 0.003064 0.003268
0 0.567096 0.372141 0.000613 0.000817
0 0.607843 0.368464 0.006127 0.006536
1 0.570466 0.782680 0.007353 0.008170
1 0.579350 0.779820 0.009191 0.017157
1 0.726716 0.713235 0.006127 0.006536
1 0.590380 0.680147 0.010417 0.018791
1 0.711703 0.643382 0.006740 0.010621
1 0.678615 0.528595 0.011642 0.016340
1 0.319547 0.524918 0.006740 0.022059
1 0.600490 0.516340 0.009804 0.008170
1 0.596507 0.510621 0.004289 0.009804
1 0.650123 0.502859 0.011029 0.007353
1 0.599571 0.495915 0.006740 0.009804
1 0.284926 0.373366 0.041667 0.044118
1 0.472120 0.179330 0.005515 0.015523
1 0.332721 0.176879 0.008578 0.012255
3 0.682292 0.797386 0.004289 0.006536
3 0.602022 0.705474 0.004289 0.005719
3 0.693321 0.698938 0.005515 0.005719
3 0.702819 0.645833 0.003676 0.002451
3 0.433824 0.604575 0.004902 0.006536
3 0.546262 0.601307 0.001838 0.001634
3 0.350797 0.524101 0.007966 0.008987
3 0.586397 0.418709 0.001225 0.002451
3 0.583640 0.329248 0.004289 0.009804
3 0.561887 0.293709 0.001225 0.002451
3 0.329350 0.218954 0.004289 0.004902