0 0.625000 0.823568 0.002930 0.005208
0 0.602539 0.818034 0.000977 0.003255
0 0.606934 0.817057 0.001953 0.002604
0 0.671143 0.816406 0.002441 0.003906
0 0.675049 0.811198 0.003418 0.003906
0 0.668701 0.806966 0.003418 0.004557
0 0.584961 0.791016 0.002930 0.002604
0 0.583496 0.784831 0.003906 0.003255
0 0.612305 0.780599 0.002930 0.002604
0 0.587891 0.780599 0.002930 0.005208
0 0.659180 0.781901 0.002930 0.013021
0 0.632080 0.771810 0.001465 0.001953
0 0.593018 0.773112 0.002441 0.004557
0 0.647949 0.769206 0.003906 0.008464
0 0.649658 0.763346 0.001465 0.001953
0 0.599854 0.762370 0.004395 0.007813
0 0.649658 0.758789 0.001465 0.001953
0 0.662109 0.757161 0.000977 0.001302
0 0.598633 0.749349 0.000977 0.001302
0 0.690430 0.748698 0.001953 0.002604
0 0.650146 0.747396 0.004395 0.007813
0 0.667236 0.741536 0.002441 0.002604
0 0.638916 0.744466 0.007324 0.011068
0 0.664551 0.734375 0.004883 0.007813
0 0.634277 0.726888 0.000977 0.001953
0 0.787109 0.529948 0.000977 0.001302
0 0.733643 0.527669 0.006348 0.004557
0 0.752441 0.518880 0.003906 0.002604
0 0.739746 0.508138 0.000977 0.001953
0 0.744629 0.503906 0.002930 0.006510
0 0.764648 0.490560 0.001953 0.001953
1 0.519287 0.769857 0.011230 0.014974
1 0.655762 0.421549 0.023438 0.037109
1 0.653076 0.414714 0.002441 0.002604
1 0.655029 0.409831 0.005371 0.009766
2 0.706299 0.808919 0.015137 0.018880
3 0.646484 0.834961 0.004883 0.004557
3 0.301270 0.826823 0.002930 0.003906
3 0.645020 0.820313 0.001953 0.003906
3 0.645996 0.814128 0.002930 0.004557
3 0.643555 0.810547 0.000977 0.001302
3 0.721924 0.773763 0.003418 0.001953
3 0.733154 0.769857 0.003418 0.003255
3 0.297607 0.756836 0.003418 0.005859
3 0.776123 0.673177 0.002441 0.002604
3 0.176514 0.538411 0.005371 0.006510
3 0.763916 0.509766 0.002441 0.002604
3 0.546143 0.490885 0.006348 0.006510
3 0.497803 0.237956 0.003418 0.004557