0 0.617325 0.846491 0.008041 0.010965
0 0.433480 0.845943 0.010234 0.009868
0 0.621711 0.750000 0.019737 0.052632
1 0.616228 0.779057 0.007310 0.012061
1 0.614401 0.777961 0.001462 0.002193
1 0.627924 0.765351 0.005848 0.008772
1 0.280336 0.254934 0.010965 0.018640
1 0.652778 0.177083 0.030702 0.014254
1 0.648757 0.159539 0.005117 0.012061
3 0.355994 0.803728 0.002924 0.002193
3 0.334430 0.782895 0.002193 0.004386
3 0.346491 0.769189 0.001462 0.003289
3 0.615863 0.698465 0.002193 0.004386
3 0.698465 0.667763 0.002193 0.002193
3 0.572734 0.660636 0.002193 0.003289
3 0.456140 0.661732 0.004386 0.005482
3 0.537281 0.656250 0.001462 0.003289
3 0.662646 0.633772 0.002193 0.002193
3 0.711623 0.612390 0.002193 0.003289
3 0.717105 0.608553 0.001462 0.002193
3 0.680556 0.609101 0.004386 0.005482
3 0.682383 0.601425 0.003655 0.005482
3 0.681652 0.580592 0.002193 0.003289
3 0.600146 0.572368 0.002924 0.004386
3 0.689327 0.554276 0.002924 0.005482
3 0.480263 0.527961 0.002924 0.005482
3 0.743787 0.504934 0.000731 0.001096
3 0.664108 0.505482 0.002193 0.002193
3 0.635599 0.498355 0.002193 0.003289
3 0.724050 0.490680 0.002193 0.003289
3 0.630482 0.489583 0.000731 0.001096
3 0.637792 0.484649 0.002193 0.004386
3 0.633772 0.476425 0.002924 0.003289
3 0.453582 0.412281 0.003655 0.004386
3 0.426535 0.345395 0.002193 0.004386
3 0.613304 0.270285 0.004386 0.005482
3 0.498538 0.188596 0.004386 0.006579
3 0.322368 0.148026 0.002924 0.004386