0 0.075920 0.605222 0.005624 0.004654
0 0.219325 0.603154 0.001022 0.001551
0 0.241309 0.602120 0.010225 0.019131
0 0.345859 0.592296 0.003579 0.004654
0 0.069530 0.586091 0.001022 0.001551
0 0.247444 0.585315 0.002045 0.002068
0 0.209867 0.581696 0.011759 0.011375
0 0.067740 0.576008 0.017894 0.009307
0 0.237219 0.571096 0.002045 0.001551
0 0.171524 0.553775 0.005624 0.005171
0 0.345348 0.562306 0.025051 0.023268
0 0.287065 0.552999 0.006646 0.004654
1 0.287832 0.625129 0.017382 0.012410
1 0.243354 0.613495 0.028630 0.044984
1 0.192740 0.603154 0.031697 0.033609
1 0.100971 0.565926 0.026074 0.032575
1 0.151329 0.568769 0.032720 0.044467
1 0.066718 0.532575 0.015849 0.020683