0 0.689697 0.620443 0.010254 0.014323
0 0.739990 0.611979 0.003418 0.003906
0 0.739502 0.604492 0.002441 0.001953
0 0.707275 0.591797 0.002441 0.002604
0 0.702148 0.590495 0.002930 0.003906
0 0.692383 0.592122 0.004883 0.008464
0 0.691895 0.581706 0.004883 0.009766
0 0.734375 0.578125 0.007813 0.006510
0 0.773682 0.522135 0.009277 0.009115
0 0.781982 0.511393 0.016113 0.014974
0 0.716797 0.498047 0.012695 0.022135
0 0.718018 0.493815 0.002441 0.001953
0 0.799561 0.484049 0.006348 0.011068
0 0.818848 0.465169 0.005859 0.008464
0 0.741943 0.461263 0.008301 0.013672
0 0.746338 0.439779 0.006348 0.009766
0 0.758789 0.427409 0.012695 0.011068
0 0.661133 0.402995 0.004883 0.013021
0 0.734619 0.396159 0.009277 0.011068
0 0.668213 0.390299 0.004395 0.004557
0 0.640625 0.296875 0.008789 0.027344
0 0.636475 0.278320 0.013184 0.021484
0 0.648682 0.264648 0.005371 0.005859
0 0.631348 0.260742 0.004883 0.005859
0 0.623535 0.260742 0.003906 0.007161
0 0.621826 0.249023 0.002441 0.004557
0 0.662109 0.242839 0.005859 0.013021
0 0.627686 0.220703 0.001465 0.001302
0 0.620605 0.230469 0.015625 0.023438
0 0.634521 0.210938 0.003418 0.005208
0 0.622803 0.205404 0.002441 0.004557
0 0.612549 0.207682 0.006348 0.013021
0 0.653320 0.202474 0.005859 0.006510
1 0.638184 0.808594 0.005859 0.006510
1 0.425049 0.811523 0.010254 0.013672
1 0.653809 0.795898 0.002930 0.005859
1 0.649902 0.793620 0.001953 0.005208
1 0.654297 0.781576 0.019531 0.025391
1 0.648438 0.787435 0.001953 0.003255
1 0.649902 0.781576 0.002930 0.004557
1 0.596191 0.726888 0.025391 0.016276
1 0.759277 0.652995 0.002930 0.007813
1 0.226318 0.662435 0.024902 0.026693
1 0.770996 0.631510 0.011719 0.016927
1 0.773682 0.631185 0.001465 0.001953
1 0.813232 0.554036 0.004395 0.011719
1 0.780273 0.485677 0.002930 0.006510
1 0.576660 0.481771 0.006836 0.015625
1 0.629883 0.481445 0.006836 0.024089
1 0.779541 0.465820 0.010254 0.013672
1 0.792725 0.457031 0.002441 0.003906
1 0.788574 0.454102 0.004883 0.011068
1 0.586426 0.298177 0.002930 0.005208
1 0.247314 0.277344 0.005371 0.011719
1 0.221680 0.261719 0.009766 0.009115
1 0.699951 0.257813 0.007324 0.023438
1 0.635254 0.201497 0.002930 0.008464
1 0.696045 0.195638 0.007324 0.011068
1 0.311035 0.161458 0.006836 0.011719
2 0.463379 0.295573 0.033203 0.079427
3 0.763672 0.755859 0.005859 0.007813
3 0.743164 0.690430 0.002930 0.003255
3 0.487305 0.647786 0.003906 0.002604
3 0.782715 0.632161 0.001953 0.002604
3 0.430176 0.458659 0.005859 0.008464
3 0.842773 0.450521 0.002930 0.003906
3 0.155518 0.427083 0.005371 0.005208
3 0.580811 0.308594 0.002441 0.003906
3 0.773438 0.304362 0.002930 0.004557
3 0.760498 0.293294 0.002441 0.001953
3 0.624756 0.291667 0.001465 0.001302
3 0.590332 0.287760 0.001953 0.002604
3 0.555664 0.274089 0.002930 0.003906
3 0.259277 0.212240 0.002930 0.005208
3 0.713867 0.209635 0.005859 0.007813
3 0.269531 0.182943 0.004883 0.005208
3 0.303467 0.143229 0.004395 0.005208
3 0.346924 0.140951 0.005371 0.008464
3 0.397949 0.127279 0.000977 0.001953
3 0.475098 0.085938 0.005859 0.006510
3 0.477051 0.068685 0.005859 0.008464
3 0.432861 0.062174 0.001465 0.004557