0 0.522377 0.839699 0.001543 0.001157
0 0.511574 0.835648 0.001543 0.002315
0 0.510802 0.828704 0.001543 0.002315
1 0.600309 0.795718 0.012346 0.031250
1 0.533951 0.367477 0.004630 0.010417
1 0.584105 0.214699 0.037037 0.068287
1 0.489198 0.104167 0.035494 0.076389
2 0.564043 0.774306 0.001543 0.002315
2 0.459105 0.756366 0.003086 0.003472
2 0.462577 0.752315 0.000772 0.002315
2 0.565972 0.758102 0.019290 0.025463
2 0.487269 0.742477 0.000772 0.001157
2 0.489198 0.738426 0.003086 0.002315
2 0.580247 0.231481 0.018519 0.046296
3 0.572145 0.740162 0.003858 0.005787
3 0.489583 0.711806 0.002315 0.002315
3 0.481867 0.703125 0.003858 0.005787
3 0.572917 0.616319 0.003858 0.008102
3 0.455633 0.614005 0.003858 0.005787
3 0.500772 0.602431 0.001543 0.001157
3 0.474537 0.345486 0.003086 0.003472
3 0.453704 0.271412 0.003086 0.003472