0 0.687789 0.847801 0.002894 0.002315
0 0.633970 0.811632 0.002894 0.002894
0 0.657118 0.802951 0.002894 0.002894
0 0.643229 0.801215 0.008681 0.005208
0 0.652778 0.795718 0.004630 0.004630
0 0.339120 0.655961 0.005787 0.005208
0 0.178530 0.651620 0.006366 0.005787
0 0.115162 0.565394 0.004630 0.004630
0 0.074363 0.535590 0.008681 0.010995
0 0.326389 0.520833 0.004630 0.004630
0 0.186053 0.503762 0.006366 0.005208
0 0.185764 0.497106 0.004630 0.003472
0 0.136863 0.492766 0.002894 0.002894
0 0.197338 0.463542 0.004630 0.003472
0 0.169271 0.356771 0.008681 0.007523
0 0.659722 0.238137 0.005787 0.004051
0 0.622685 0.231771 0.004630 0.004051
0 0.657118 0.221933 0.002894 0.002894
0 0.649306 0.221354 0.002315 0.001736
0 0.640046 0.221933 0.005787 0.005208
0 0.650174 0.215278 0.001736 0.001157
0 0.623553 0.218750 0.012153 0.011574
0 0.630208 0.210359 0.017361 0.007523
0 0.647859 0.208044 0.006366 0.008681
0 0.663773 0.203414 0.001157 0.000579
0 0.639757 0.200521 0.002894 0.002894
0 0.634838 0.199653 0.002315 0.002315
0 0.617188 0.199074 0.002894 0.003472
0 0.641493 0.195891 0.000579 0.000579
0 0.623843 0.193576 0.004630 0.001736
0 0.667824 0.194444 0.015046 0.015046
1 0.136574 0.763600 0.008102 0.005208
1 0.145833 0.760706 0.004630 0.005208
1 0.598958 0.726563 0.015046 0.012153
1 0.298611 0.655671 0.010417 0.009259
1 0.175058 0.606771 0.016782 0.006366
1 0.342014 0.412037 0.006944 0.013889
1 0.343171 0.384838 0.004630 0.008102
1 0.675926 0.363426 0.008102 0.008102
1 0.672164 0.359086 0.002894 0.001736
1 0.559606 0.300926 0.008102 0.004630
3 0.203125 0.754630 0.005787 0.006944
3 0.278067 0.704572 0.002894 0.002894
3 0.286169 0.700810 0.007523 0.004630
3 0.438947 0.700521 0.007523 0.006366
3 0.261285 0.682581 0.002894 0.001736
3 0.256655 0.684028 0.002894 0.004630
3 0.272569 0.677373 0.002315 0.002894
3 0.270544 0.672743 0.002894 0.002894
3 0.478299 0.671296 0.002894 0.002315
3 0.055556 0.565104 0.006944 0.004051
3 0.241030 0.552373 0.002894 0.002894
3 0.124421 0.548900 0.010417 0.006366
3 0.147280 0.546007 0.004051 0.002894
3 0.225984 0.543113 0.002894 0.002894
3 0.145255 0.520833 0.004630 0.004630
3 0.123843 0.518519 0.004630 0.003472
3 0.114583 0.517072 0.005787 0.006366
3 0.320891 0.509549 0.002894 0.002894
3 0.099826 0.510706 0.007523 0.008681
3 0.342303 0.505498 0.002894 0.004051
3 0.474248 0.502894 0.005208 0.005787
3 0.065104 0.500000 0.002894 0.003472
3 0.326100 0.492766 0.001736 0.002894
3 0.293113 0.492477 0.002894 0.003472
3 0.133970 0.487558 0.002894 0.002894
3 0.300637 0.461806 0.002894 0.003472
3 0.050926 0.441262 0.004630 0.004051
3 0.242188 0.440104 0.001736 0.002894
3 0.129340 0.372396 0.002894 0.004051
3 0.400174 0.116319 0.002894 0.003472
3 0.596065 0.113426 0.003472 0.003472
3 0.513600 0.110243 0.002894 0.002894