0 0.536184 0.937500 0.003655 0.004386
0 0.570175 0.890351 0.008772 0.019737
0 0.632310 0.878838 0.002924 0.005482
0 0.460526 0.864583 0.007310 0.007675
0 0.430190 0.855263 0.005117 0.010965
0 0.477339 0.848136 0.002924 0.005482
0 0.673977 0.844846 0.011696 0.012061
0 0.341374 0.787281 0.001462 0.002193
0 0.547880 0.776316 0.005117 0.006579
0 0.528874 0.769737 0.002193 0.002193
0 0.368056 0.765899 0.000731 0.001096
0 0.577851 0.758224 0.002193 0.003289
0 0.317617 0.757127 0.002193 0.003289
0 0.336623 0.741776 0.003655 0.003289
0 0.581871 0.728070 0.002924 0.004386
0 0.690789 0.708333 0.002924 0.004386
0 0.727705 0.703399 0.005117 0.009868
0 0.727705 0.704496 0.002924 0.004386
0 0.675439 0.691886 0.002924 0.004386
0 0.269371 0.697368 0.009503 0.021930
0 0.259868 0.684211 0.006579 0.010965
0 0.228070 0.676535 0.002924 0.006579
0 0.258406 0.674342 0.005117 0.004386
0 0.706506 0.663925 0.002193 0.003289
0 0.569079 0.661732 0.002193 0.003289
0 0.576389 0.657895 0.005117 0.006579
0 0.704313 0.639803 0.003655 0.005482
0 0.711623 0.631579 0.002193 0.006579
0 0.680556 0.634868 0.007310 0.013158
0 0.559211 0.603618 0.001462 0.005482
0 0.699927 0.597588 0.003655 0.006579
0 0.697368 0.594298 0.001462 0.002193
0 0.698465 0.587719 0.000731 0.002193
0 0.696637 0.578399 0.001462 0.001096
0 0.696637 0.568531 0.001462 0.003289
0 0.301170 0.570175 0.008772 0.008772
0 0.227705 0.554825 0.000731 0.002193
0 0.259868 0.536184 0.003655 0.004386
0 0.746711 0.529057 0.002193 0.005482
0 0.507675 0.522478 0.000731 0.001096
0 0.529605 0.512610 0.000731 0.001096
0 0.534722 0.512061 0.006579 0.010965
0 0.516813 0.506031 0.001462 0.001096
0 0.206871 0.505482 0.001462 0.002193
0 0.513889 0.504934 0.002924 0.005482
0 0.526316 0.502193 0.001462 0.004386
0 0.504386 0.502193 0.005848 0.006579
0 0.224415 0.498904 0.002924 0.006579
0 0.527047 0.496162 0.002924 0.005482
0 0.535088 0.490680 0.001462 0.003289
0 0.754386 0.489583 0.004386 0.007675
0 0.245980 0.487390 0.002193 0.003289
0 0.766082 0.483004 0.002924 0.003289
0 0.266082 0.479167 0.002924 0.004386
0 0.755482 0.480263 0.006579 0.008772
0 0.634503 0.479167 0.004386 0.006579
0 0.724781 0.448465 0.003655 0.004386
0 0.769371 0.435855 0.003655 0.009868
0 0.498538 0.428728 0.008772 0.008772
0 0.505482 0.426535 0.003655 0.006579
0 0.759137 0.417763 0.000731 0.002193
0 0.541667 0.425987 0.008772 0.018640
0 0.754751 0.412829 0.003655 0.005482
0 0.495614 0.415022 0.008772 0.009868
0 0.764985 0.405154 0.006579 0.014254
0 0.734649 0.395833 0.002924 0.010965
0 0.743056 0.396382 0.010965 0.014254
0 0.723684 0.389254 0.002924 0.004386
0 0.619152 0.383224 0.001462 0.001096
0 0.734284 0.384868 0.009503 0.006579
0 0.609649 0.378838 0.001462 0.003289
0 0.745980 0.377741 0.006579 0.016447
0 0.733187 0.371711 0.005848 0.015351
0 0.608918 0.364583 0.002924 0.007675
0 0.737573 0.359649 0.001462 0.002193
0 0.580409 0.353618 0.001462 0.001096
0 0.580044 0.348136 0.000731 0.001096
0 0.610380 0.352522 0.008772 0.012061
0 0.730629 0.351425 0.010965 0.012061
0 0.628289 0.348136 0.005117 0.007675
0 0.622442 0.344846 0.003655 0.007675
0 0.581140 0.341557 0.004386 0.005482
0 0.581506 0.333882 0.000731 0.001096
0 0.558114 0.341009 0.009503 0.015351
0 0.635599 0.331689 0.000731 0.001096
0 0.642909 0.330592 0.002193 0.003289
0 0.604167 0.332237 0.003655 0.006579
0 0.725512 0.329496 0.002193 0.005482
0 0.628655 0.326754 0.002924 0.004386
0 0.567982 0.325110 0.007310 0.009868
0 0.608918 0.319627 0.001462 0.001096
0 0.548246 0.319627 0.001462 0.003289
0 0.607091 0.311952 0.000731 0.001096
0 0.593933 0.311404 0.002193 0.002193
0 0.294225 0.312500 0.009503 0.006579
0 0.603070 0.308114 0.001462 0.002193
0 0.635234 0.301535 0.001462 0.002193
0 0.629386 0.304825 0.005848 0.013158
0 0.552632 0.300439 0.002924 0.004386
0 0.656433 0.298246 0.002924 0.004386
0 0.288743 0.292763 0.001462 0.002193
0 0.300439 0.292763 0.002924 0.004386
0 0.562500 0.292763 0.005117 0.008772
0 0.633041 0.288377 0.001462 0.002193
0 0.299708 0.287829 0.001462 0.001096
0 0.570541 0.286732 0.002193 0.003289
0 0.615863 0.286184 0.002193 0.004386
0 0.566886 0.285088 0.002193 0.002193
0 0.555556 0.288377 0.010234 0.015351
0 0.531067 0.275219 0.006579 0.015351
0 0.589912 0.268640 0.002924 0.004386
0 0.570175 0.269189 0.004386 0.007675
0 0.551170 0.266996 0.001462 0.003289
0 0.421418 0.266447 0.002193 0.004386
0 0.535453 0.260417 0.000731 0.001096
0 0.423977 0.273026 0.014620 0.026316
0 0.532164 0.253838 0.007310 0.012061
0 0.709795 0.230811 0.001462 0.003289
0 0.515716 0.210526 0.019737 0.028509
0 0.640716 0.120066 0.002193 0.003289
0 0.623904 0.118969 0.003655 0.007675
0 0.582968 0.103070 0.006579 0.008772
0 0.605629 0.088268 0.002193 0.007675
1 0.669591 0.860746 0.007310 0.010965
1 0.647661 0.856360 0.024854 0.017544
1 0.653509 0.856360 0.002193 0.003289
1 0.644737 0.850329 0.002193 0.002193
1 0.461988 0.817434 0.017544 0.027412
1 0.556652 0.758224 0.019737 0.020833
1 0.615132 0.754386 0.015351 0.021930
1 0.646199 0.733004 0.021930 0.018640
1 0.557018 0.732456 0.038012 0.026316
1 0.638523 0.705044 0.037281 0.035088
1 0.723319 0.677632 0.010965 0.024123
1 0.231725 0.646930 0.010234 0.010965
1 0.430190 0.639803 0.008041 0.014254
1 0.349415 0.640899 0.011696 0.016447
1 0.419591 0.632675 0.004386 0.013158
1 0.453947 0.565241 0.029240 0.036184
1 0.445541 0.563596 0.002924 0.003289
1 0.448099 0.560855 0.005117 0.008772
1 0.315424 0.556469 0.029971 0.038377
1 0.234284 0.492325 0.009503 0.008772
1 0.723319 0.474232 0.013889 0.023026
1 0.727339 0.468202 0.002193 0.003289
1 0.465278 0.467105 0.021199 0.021930
1 0.735380 0.431469 0.017544 0.018640
1 0.418494 0.382127 0.015351 0.020833
1 0.438962 0.370066 0.024123 0.029605
1 0.618056 0.304825 0.009503 0.010965
1 0.323830 0.309759 0.010234 0.023026
1 0.559576 0.276864 0.010965 0.005482
1 0.547515 0.265899 0.016082 0.038377
1 0.331871 0.162281 0.010234 0.015351
1 0.398026 0.158991 0.009503 0.021930
2 0.600512 0.872807 0.035819 0.030702
2 0.455775 0.851974 0.010965 0.015351
2 0.728801 0.234649 0.010234 0.019737
2 0.346491 0.200658 0.013158 0.030702
2 0.371345 0.148575 0.057018 0.051535
2 0.448099 0.112939 0.010234 0.024123
2 0.418129 0.099232 0.002924 0.003289
2 0.423977 0.091009 0.024854 0.037281
3 0.540570 0.930373 0.002193 0.003289
3 0.617690 0.880482 0.001462 0.002193
3 0.435673 0.879934 0.004386 0.005482
3 0.613670 0.876645 0.000731 0.001096
3 0.465643 0.876096 0.002924 0.004386
3 0.497442 0.861842 0.000731 0.002193
3 0.464181 0.842105 0.001462 0.002193
3 0.586257 0.842654 0.004386 0.005482
3 0.579678 0.838816 0.005848 0.006579
3 0.457602 0.837171 0.002924 0.003289
3 0.410819 0.838268 0.002924 0.005482
3 0.680921 0.820175 0.003655 0.006579
3 0.674342 0.805373 0.002193 0.003289
3 0.643640 0.804825 0.003655 0.004386
3 0.697003 0.799890 0.002193 0.003289
3 0.464912 0.794408 0.002924 0.007675
3 0.400950 0.790022 0.008041 0.012061
3 0.400950 0.788925 0.001462 0.002193
3 0.324927 0.779057 0.000731 0.001096
3 0.576389 0.777412 0.003655 0.004386
3 0.326023 0.775768 0.001462 0.001096
3 0.714912 0.770285 0.001462 0.001096
3 0.623538 0.767544 0.005848 0.004386
3 0.312135 0.762610 0.002924 0.005482
3 0.631579 0.753289 0.001462 0.002193
3 0.309576 0.751645 0.002193 0.003289
3 0.283991 0.746162 0.003655 0.005482
3 0.581871 0.743421 0.002924 0.002193
3 0.578582 0.743421 0.002193 0.002193
3 0.524854 0.743969 0.002924 0.005482
3 0.573099 0.741776 0.001462 0.003289
3 0.553363 0.731360 0.007310 0.008772
3 0.561769 0.704496 0.009503 0.012061
3 0.493421 0.695175 0.002924 0.004386
3 0.699927 0.684759 0.000731 0.001096
3 0.649854 0.683662 0.002924 0.005482
3 0.653143 0.678180 0.002193 0.003289
3 0.700292 0.660636 0.002924 0.003289
3 0.704678 0.654057 0.004386 0.005482
3 0.756213 0.625548 0.003655 0.005482
3 0.283260 0.620614 0.003655 0.004386
3 0.759868 0.616228 0.002193 0.002193
3 0.637427 0.605811 0.002924 0.003289
3 0.630848 0.606360 0.002924 0.004386
3 0.566155 0.605811 0.005117 0.007675
3 0.269737 0.600877 0.001462 0.002193
3 0.221857 0.601425 0.003655 0.005482
3 0.555190 0.600877 0.006579 0.008772
3 0.249635 0.595943 0.002193 0.003289
3 0.741959 0.595943 0.004386 0.007675
3 0.298246 0.593750 0.001462 0.003289
3 0.466740 0.586075 0.002193 0.003289
3 0.270468 0.587719 0.005848 0.008772
3 0.235746 0.583882 0.002193 0.003289
3 0.759503 0.582785 0.001462 0.003289
3 0.429459 0.573465 0.003655 0.004386
3 0.245249 0.571820 0.002193 0.003289
3 0.244883 0.560307 0.002924 0.004386
3 0.239766 0.558114 0.004386 0.004386
3 0.258041 0.552083 0.001462 0.003289
3 0.225146 0.551535 0.001462 0.002193
3 0.463450 0.542215 0.002924 0.005482
3 0.777778 0.539474 0.001462 0.002193
3 0.230994 0.536184 0.004386 0.004386
3 0.305556 0.525768 0.005848 0.005482
3 0.240863 0.523575 0.002193 0.001096
3 0.233553 0.525768 0.006579 0.005482
3 0.310673 0.518092 0.002924 0.003289
3 0.225512 0.516447 0.002193 0.002193
3 0.722953 0.517544 0.004386 0.006579
3 0.217836 0.519189 0.004386 0.009868
3 0.761330 0.507675 0.006579 0.004386
3 0.498538 0.505482 0.004386 0.006579
3 0.314693 0.498904 0.000731 0.002193
3 0.663012 0.500000 0.004386 0.008772
3 0.283260 0.493969 0.000731 0.001096
3 0.315789 0.495066 0.002924 0.005482
3 0.221126 0.492325 0.003655 0.004386
3 0.725146 0.490680 0.001462 0.003289
3 0.272661 0.490132 0.001462 0.002193
3 0.729898 0.487390 0.002193 0.003289
3 0.327120 0.486842 0.002193 0.002193
3 0.307383 0.486294 0.002193 0.003289
3 0.530336 0.483004 0.003655 0.005482
3 0.287281 0.481908 0.001462 0.003289
3 0.290570 0.478618 0.000731 0.001096
3 0.262792 0.465461 0.000731 0.001096
3 0.596126 0.463816 0.005117 0.006579
3 0.288012 0.456689 0.002924 0.003289
3 0.281067 0.452303 0.000731 0.001096
3 0.701023 0.453947 0.004386 0.008772
3 0.243056 0.452851 0.005117 0.008772
3 0.743056 0.447368 0.005117 0.004386
3 0.456506 0.441338 0.005117 0.005482
3 0.439693 0.430921 0.003655 0.006579
3 0.226243 0.419408 0.000731 0.001096
3 0.654971 0.413377 0.002924 0.004386
3 0.702485 0.411732 0.002924 0.007675
3 0.771564 0.407895 0.005117 0.006579
3 0.466009 0.406250 0.002193 0.005482
3 0.241228 0.403509 0.002924 0.002193
3 0.221126 0.395833 0.002193 0.002193
3 0.255117 0.397478 0.005848 0.007675
3 0.212354 0.395833 0.003655 0.006579
3 0.688231 0.395833 0.006579 0.010965
3 0.700658 0.392544 0.002193 0.008772
3 0.302997 0.390351 0.003655 0.004386
3 0.514985 0.378838 0.003655 0.007675
3 0.256579 0.369518 0.002924 0.006579
3 0.292763 0.360197 0.005117 0.005482
3 0.284357 0.354167 0.002924 0.004386
3 0.275950 0.346491 0.002193 0.004386
3 0.624635 0.334430 0.005117 0.004386
3 0.615132 0.329496 0.002193 0.003289
3 0.592471 0.328399 0.002193 0.003289
3 0.607091 0.326206 0.003655 0.005482
3 0.551535 0.324561 0.002193 0.006579
3 0.743056 0.321272 0.002193 0.002193
3 0.598684 0.317434 0.001462 0.001096
3 0.558480 0.322917 0.008772 0.014254
3 0.302266 0.310855 0.003655 0.005482
3 0.293860 0.299890 0.002924 0.005482
3 0.549342 0.279605 0.002193 0.004386
3 0.590643 0.271930 0.002924 0.004386
3 0.584430 0.269189 0.002193 0.003289
3 0.287646 0.267544 0.002193 0.002193
3 0.285088 0.264254 0.001462 0.002193
3 0.270833 0.257675 0.002193 0.002193
3 0.293129 0.240680 0.008772 0.014254
3 0.290570 0.241776 0.001462 0.002193
3 0.478436 0.211075 0.005117 0.012061
3 0.448830 0.147478 0.005848 0.009868
3 0.607456 0.121162 0.007310 0.009868