0 0.373779 0.585612 0.008301 0.008464
0 0.332520 0.569010 0.001953 0.002604
0 0.328125 0.570313 0.004883 0.005208
0 0.326660 0.555990 0.001953 0.002604
0 0.407471 0.507161 0.004395 0.005208
0 0.424561 0.505859 0.006348 0.006510
0 0.400635 0.501302 0.003418 0.003906
0 0.415527 0.499674 0.000977 0.001953
0 0.401123 0.497396 0.001465 0.001302
0 0.438232 0.499349 0.012207 0.023438
0 0.389893 0.456380 0.015137 0.018229
0 0.415039 0.448893 0.006836 0.008464
0 0.381348 0.444336 0.001953 0.003255
0 0.401855 0.440104 0.006836 0.009115
0 0.431152 0.436198 0.006836 0.006510
0 0.392822 0.420573 0.002441 0.003906
0 0.423340 0.416341 0.001953 0.003255
0 0.413818 0.387044 0.004395 0.005859
0 0.422852 0.380534 0.006836 0.018880
0 0.356934 0.143229 0.007813 0.013021
1 0.517822 0.713216 0.004395 0.004557
1 0.325195 0.330729 0.002930 0.005208
1 0.302734 0.288411 0.002930 0.003906
1 0.304932 0.174154 0.011230 0.014974
1 0.714111 0.149414 0.002441 0.004557
1 0.314941 0.151693 0.007813 0.016927
1 0.345947 0.153971 0.011230 0.025391
1 0.680176 0.118490 0.001953 0.002604