0 0.375000 0.520182 0.001953 0.002604
0 0.317871 0.511393 0.003906 0.004557
0 0.492920 0.508138 0.001465 0.001953
0 0.505371 0.505859 0.001953 0.002604
0 0.449463 0.497721 0.001465 0.001953
0 0.387451 0.498698 0.006348 0.006510
0 0.489502 0.497396 0.002441 0.006510
0 0.497314 0.497721 0.006348 0.012370
0 0.375244 0.491211 0.002441 0.004557
0 0.493164 0.488607 0.001953 0.001953
0 0.330811 0.491211 0.002441 0.007161
0 0.313477 0.490885 0.007813 0.010417
0 0.446289 0.486979 0.001953 0.003906
0 0.253418 0.489258 0.018555 0.012370
0 0.300293 0.483724 0.000977 0.002604
0 0.306641 0.481771 0.000977 0.002604
0 0.406738 0.490885 0.012695 0.023438
0 0.360107 0.503906 0.041504 0.049479
0 0.366211 0.513021 0.003906 0.006510
0 0.358398 0.496094 0.003906 0.005208
0 0.238525 0.486003 0.008301 0.014974
0 0.270264 0.477539 0.001465 0.001953
0 0.312744 0.478190 0.003418 0.005859
0 0.290527 0.480143 0.006836 0.011068
0 0.255859 0.478516 0.005859 0.007813
0 0.393799 0.486979 0.010254 0.026042
0 0.225830 0.475911 0.006348 0.006510
0 0.325439 0.471029 0.002441 0.003255
0 0.355225 0.469076 0.003418 0.003255
0 0.276367 0.471354 0.006836 0.010417
0 0.341309 0.466797 0.001953 0.002604
0 0.481201 0.464518 0.001465 0.001953
0 0.335205 0.467122 0.006348 0.007161
0 0.337158 0.462565 0.002441 0.001953
0 0.256592 0.465820 0.003418 0.008464
0 0.270752 0.465495 0.006348 0.009115
0 0.462158 0.461263 0.002441 0.004557
0 0.398682 0.465820 0.012207 0.013672
0 0.244629 0.458333 0.003906 0.002604
0 0.346924 0.462891 0.007324 0.014323
0 0.331299 0.456706 0.001465 0.001953
0 0.275879 0.459635 0.005859 0.007813
0 0.371094 0.455729 0.002930 0.003906
0 0.375977 0.454102 0.000977 0.001953
0 0.395996 0.455078 0.001953 0.005208
0 0.292725 0.455078 0.008301 0.011719
0 0.400391 0.449219 0.002930 0.006510
0 0.261230 0.444661 0.002930 0.003906
0 0.494629 0.439128 0.000977 0.001953
0 0.312988 0.442383 0.005859 0.008464
0 0.241699 0.439128 0.001953 0.001953
0 0.300537 0.440104 0.003418 0.005208
0 0.273438 0.440755 0.008789 0.010417
0 0.479004 0.436523 0.003906 0.011068
0 0.335938 0.430013 0.001953 0.001953
0 0.248047 0.437500 0.014648 0.019531
0 0.231934 0.424154 0.001953 0.003255
0 0.273193 0.418620 0.001465 0.001302
0 0.265381 0.419271 0.005371 0.010417
0 0.417480 0.418620 0.004883 0.011719
0 0.283203 0.424154 0.013672 0.022786
0 0.333008 0.416667 0.004883 0.009115
0 0.300049 0.418620 0.016113 0.018229
0 0.475830 0.408854 0.003418 0.002604
0 0.254150 0.408854 0.001465 0.002604
0 0.216797 0.406250 0.001953 0.003906
0 0.323730 0.407878 0.008789 0.020182
0 0.202637 0.412435 0.010742 0.030599
0 0.494873 0.399414 0.003418 0.008464
0 0.228516 0.395833 0.001953 0.002604
0 0.352783 0.403646 0.018066 0.020833
0 0.223633 0.389974 0.003906 0.006510
0 0.207275 0.380859 0.001465 0.002604
0 0.360107 0.384115 0.001465 0.013021
0 0.338379 0.379557 0.004883 0.009115
0 0.326660 0.379883 0.007813 0.009766
0 0.278076 0.374349 0.001465 0.001302
0 0.224365 0.378906 0.007324 0.010417
0 0.484375 0.375651 0.004883 0.009115
0 0.272217 0.371745 0.005371 0.009115
0 0.209961 0.369466 0.002930 0.004557
0 0.369873 0.366211 0.001465 0.001953
0 0.473633 0.365885 0.001953 0.002604
0 0.293701 0.365885 0.002441 0.005208
0 0.431641 0.377279 0.010742 0.034505
0 0.484619 0.361003 0.011230 0.012370
0 0.471191 0.355794 0.009766 0.008464
0 0.461182 0.358398 0.010254 0.013672
0 0.240723 0.353841 0.002930 0.004557
0 0.327148 0.352214 0.001953 0.003906
0 0.312256 0.349935 0.002441 0.004557
0 0.284180 0.349284 0.005859 0.004557
0 0.416992 0.356445 0.024414 0.029297
0 0.343506 0.344076 0.003418 0.007161
0 0.355713 0.364258 0.027832 0.048828
0 0.363037 0.355143 0.007324 0.008464
0 0.402588 0.343099 0.007324 0.009115
0 0.379639 0.342122 0.011230 0.009766
0 0.507324 0.332031 0.001953 0.002604
0 0.329834 0.334635 0.005371 0.009115
0 0.296143 0.333659 0.005371 0.009766
0 0.373535 0.328451 0.003906 0.004557
0 0.311279 0.325195 0.006348 0.009766
0 0.323486 0.321940 0.005371 0.008464
0 0.277832 0.318034 0.002930 0.004557
0 0.492188 0.314453 0.000977 0.001302
0 0.401367 0.326172 0.014648 0.024740
0 0.313477 0.315104 0.002930 0.003906
0 0.508545 0.311849 0.001465 0.001302
0 0.501221 0.313477 0.003418 0.004557
0 0.374756 0.314128 0.003418 0.005859
0 0.240234 0.312826 0.002930 0.004557
0 0.494141 0.305339 0.001953 0.002604
0 0.470459 0.304036 0.001465 0.001302
0 0.366943 0.303385 0.001465 0.002604
1 0.562012 0.793620 0.014648 0.019531
1 0.256836 0.599609 0.003906 0.007813
1 0.279541 0.551107 0.006348 0.014974
1 0.206055 0.457682 0.011719 0.009115
1 0.421387 0.453776 0.014648 0.023438
1 0.296631 0.450846 0.033691 0.042318
1 0.227295 0.336914 0.006348 0.012370
1 0.192871 0.341146 0.021484 0.029948
1 0.355957 0.313477 0.014648 0.021484
1 0.357666 0.314779 0.003418 0.003255
1 0.354736 0.311523 0.004395 0.005859
1 0.414063 0.186198 0.034180 0.046875
1 0.475342 0.107422 0.016113 0.019531
3 0.485107 0.520182 0.006348 0.010417
3 0.487549 0.421875 0.003418 0.005208
3 0.524414 0.418945 0.003906 0.004557
3 0.479980 0.337565 0.004883 0.005859
3 0.236328 0.310872 0.001953 0.003255
3 0.324463 0.218424 0.003418 0.003255