0 0.221065 0.618056 0.008488 0.009259
0 0.219907 0.605324 0.003086 0.004630
0 0.214120 0.598958 0.005401 0.005787
0 0.234954 0.592593 0.003858 0.004630
0 0.210648 0.588542 0.001543 0.003472
0 0.209877 0.572338 0.001543 0.003472
0 0.222608 0.568866 0.002315 0.003472
0 0.215664 0.560185 0.002315 0.002315
0 0.212191 0.560764 0.001543 0.003472
0 0.219522 0.558449 0.002315 0.005787
0 0.212191 0.554977 0.003086 0.005787
0 0.218364 0.545139 0.001543 0.002315
0 0.214506 0.523727 0.006173 0.005787
0 0.229552 0.517940 0.005401 0.008102
0 0.208333 0.501736 0.009259 0.012731
0 0.211420 0.475694 0.004630 0.006944
0 0.230710 0.461806 0.003086 0.004630
1 0.503858 0.820602 0.010802 0.020833
1 0.273534 0.728588 0.008488 0.012731
1 0.467207 0.392361 0.014660 0.016204
1 0.593750 0.292245 0.010031 0.010417
1 0.241898 0.285301 0.000772 0.001157
1 0.630015 0.235532 0.011574 0.017361
2 0.702160 0.768519 0.001543 0.002315
2 0.691744 0.767940 0.002315 0.003472
2 0.687114 0.766782 0.005401 0.005787
2 0.683642 0.759259 0.001543 0.002315
2 0.689815 0.751736 0.023148 0.033565
2 0.694830 0.729745 0.006944 0.012731
3 0.410880 0.917824 0.002315 0.002315
3 0.602623 0.858796 0.003086 0.004630
3 0.451389 0.826389 0.006173 0.009259
3 0.640046 0.804977 0.002315 0.003472
3 0.678241 0.794560 0.003086 0.003472
3 0.667052 0.762731 0.003858 0.009259
3 0.699074 0.744213 0.003086 0.004630
3 0.528164 0.629630 0.002315 0.002315
3 0.513503 0.625579 0.002315 0.003472
3 0.269676 0.626736 0.005401 0.008102
3 0.247685 0.616898 0.004630 0.006944
3 0.544367 0.568866 0.002315 0.003472
3 0.237269 0.476852 0.003858 0.009259
3 0.481481 0.449074 0.006173 0.006944
3 0.469522 0.432292 0.005401 0.005787
3 0.524306 0.420139 0.005401 0.011574
3 0.658565 0.300347 0.003858 0.008102
3 0.330633 0.295718 0.003858 0.005787
3 0.650849 0.264468 0.003858 0.008102
3 0.445988 0.257523 0.004630 0.005787
3 0.636188 0.254630 0.003858 0.006944
3 0.634645 0.244792 0.002315 0.001157
3 0.655093 0.245949 0.003086 0.005787
3 0.650463 0.240162 0.001543 0.003472
3 0.449460 0.203704 0.006944 0.009259
3 0.656250 0.192130 0.002315 0.004630