0 0.473877 0.840820 0.001465 0.001953
0 0.467773 0.833659 0.000977 0.001953
0 0.502686 0.832031 0.004395 0.003906
0 0.506348 0.827799 0.001953 0.001953
0 0.512451 0.828451 0.005371 0.004557
0 0.487305 0.830404 0.004883 0.008464
0 0.459473 0.829427 0.007813 0.007813
0 0.391602 0.826497 0.002930 0.004557
0 0.520020 0.824544 0.003906 0.004557
0 0.507324 0.819987 0.002930 0.003255
0 0.507324 0.812500 0.001953 0.002604
0 0.452148 0.796224 0.002930 0.003906
0 0.510254 0.780273 0.000977 0.001953
0 0.486816 0.775716 0.000977 0.001953
0 0.501709 0.775065 0.003418 0.004557
0 0.508301 0.768229 0.004883 0.005208
0 0.538086 0.763997 0.001953 0.003255
0 0.481934 0.766276 0.007813 0.007813
0 0.517334 0.761719 0.002441 0.003906
0 0.451660 0.763997 0.007813 0.017578
0 0.468506 0.759115 0.007324 0.010417
0 0.493408 0.751628 0.001465 0.001953
0 0.312012 0.717773 0.004883 0.005859
0 0.274414 0.712565 0.001953 0.003255
0 0.359131 0.710612 0.003418 0.004557
0 0.311279 0.708333 0.003418 0.005208
0 0.333008 0.700521 0.001953 0.005208
0 0.290527 0.699870 0.001953 0.003906
0 0.361572 0.699219 0.002441 0.003906
0 0.305420 0.698242 0.002441 0.001953
0 0.329834 0.698568 0.003418 0.005208
0 0.335449 0.695313 0.002930 0.005208
0 0.318604 0.694987 0.003418 0.004557
0 0.274414 0.690755 0.004883 0.007813
0 0.273926 0.682292 0.006836 0.005208
0 0.331543 0.685872 0.019531 0.014974
0 0.331055 0.674805 0.003906 0.007161
0 0.343262 0.671875 0.003906 0.003906
0 0.290039 0.669596 0.002930 0.003255
0 0.360840 0.666016 0.005859 0.006510
0 0.326904 0.663086 0.003418 0.004557
0 0.307373 0.658203 0.001465 0.001302
0 0.335693 0.659180 0.011230 0.016276
0 0.373535 0.653646 0.006836 0.011719
0 0.340576 0.644531 0.002441 0.002604
0 0.350586 0.639648 0.001953 0.003255
0 0.292480 0.634440 0.000977 0.001953
0 0.279541 0.635091 0.001465 0.003255
0 0.292480 0.630534 0.001953 0.001953
0 0.264160 0.633138 0.005859 0.007161
0 0.299561 0.628906 0.003418 0.005208
0 0.345703 0.625651 0.001953 0.002604
0 0.286377 0.625651 0.004395 0.002604
0 0.316406 0.621094 0.001953 0.002604
0 0.339844 0.619141 0.003906 0.005208
0 0.331299 0.615560 0.001465 0.001953
0 0.312500 0.614909 0.000977 0.001953
0 0.367188 0.614583 0.002930 0.006510
0 0.277344 0.619141 0.012695 0.027344
0 0.276123 0.606120 0.001465 0.001302
0 0.309326 0.606120 0.007324 0.006510
0 0.324219 0.611328 0.019531 0.020833
0 0.322998 0.601563 0.001465 0.001302
0 0.270996 0.601888 0.003906 0.003255
0 0.340576 0.599609 0.001465 0.001302
0 0.326904 0.599609 0.002441 0.002604
0 0.319336 0.598633 0.002930 0.003255
0 0.310303 0.593750 0.004395 0.006510
0 0.349609 0.603516 0.019531 0.029948
0 0.389160 0.588867 0.004883 0.005859
0 0.305176 0.568034 0.004883 0.005859
0 0.336670 0.558919 0.005371 0.005859
0 0.353516 0.547852 0.003906 0.004557
0 0.345459 0.546549 0.001465 0.001953
0 0.312012 0.542643 0.001953 0.004557
0 0.329834 0.523763 0.006348 0.008464
0 0.265625 0.357747 0.004883 0.007161
0 0.271729 0.346680 0.002441 0.009766
0 0.275879 0.336589 0.004883 0.009115
0 0.322510 0.259115 0.006348 0.010417
1 0.467285 0.786133 0.017578 0.018880
1 0.393311 0.776042 0.016113 0.006510
1 0.466064 0.733073 0.010254 0.015625
1 0.541504 0.718750 0.004883 0.007813
1 0.550781 0.709961 0.019531 0.012370
1 0.544189 0.708984 0.001465 0.002604
1 0.402588 0.692383 0.003418 0.007161
1 0.200684 0.696289 0.023438 0.031901
1 0.345947 0.680664 0.009277 0.008464
1 0.522217 0.638346 0.023926 0.026693
1 0.241699 0.640625 0.016602 0.032552
1 0.266113 0.612630 0.016602 0.028646
1 0.316895 0.592448 0.004883 0.005208
1 0.228271 0.582031 0.017090 0.026042
1 0.190430 0.580404 0.025391 0.039714
1 0.209961 0.557617 0.019531 0.025391
1 0.321045 0.486328 0.003418 0.005208
1 0.277832 0.460612 0.004883 0.007161
1 0.172119 0.417318 0.011230 0.015625
1 0.286133 0.413411 0.024414 0.032552
1 0.399170 0.392578 0.003418 0.005208
1 0.402832 0.385417 0.004883 0.006510
1 0.617432 0.369792 0.003418 0.006510
1 0.462402 0.313151 0.009766 0.020833
1 0.280273 0.306315 0.022461 0.022786
1 0.244873 0.301107 0.021973 0.034505
1 0.281982 0.280273 0.024902 0.020182
1 0.245850 0.257161 0.012207 0.029948
1 0.304199 0.244792 0.025391 0.035156
1 0.275879 0.247070 0.035156 0.039714
1 0.503906 0.224284 0.012695 0.014974
1 0.281982 0.215169 0.016113 0.021484
1 0.426025 0.201497 0.004395 0.004557
1 0.395752 0.162760 0.016113 0.026042