1 0.285494 0.334491 0.012346 0.013889
1 0.481867 0.325810 0.008488 0.010417
1 0.406250 0.309606 0.000772 0.001157
1 0.396991 0.298611 0.003858 0.004630
1 0.410880 0.291667 0.010031 0.013889
1 0.557485 0.131944 0.005401 0.009259
1 0.456404 0.087384 0.006944 0.008102
3 0.312500 0.762153 0.003086 0.005787
3 0.322145 0.728588 0.002315 0.003472
3 0.315201 0.724537 0.003858 0.002315
3 0.311343 0.718171 0.003858 0.003472
3 0.733796 0.571759 0.006173 0.009259
3 0.219907 0.560185 0.003086 0.006944
3 0.229167 0.553819 0.003086 0.010417
3 0.223765 0.543403 0.003086 0.008102
3 0.350694 0.535301 0.002315 0.003472
3 0.370370 0.523727 0.004630 0.003472
3 0.545139 0.503472 0.005401 0.006944
3 0.723380 0.483796 0.006944 0.006944
3 0.701003 0.471644 0.006944 0.012731
3 0.426698 0.451389 0.012346 0.011574
3 0.764660 0.434606 0.006173 0.010417
3 0.784722 0.430556 0.004630 0.013889
3 0.730324 0.361111 0.003858 0.004630
3 0.464506 0.317130 0.004630 0.004630
3 0.449460 0.322917 0.008488 0.016204
3 0.436343 0.304977 0.003858 0.008102
3 0.627701 0.255787 0.003858 0.002315
3 0.627315 0.248843 0.003086 0.004630
3 0.620370 0.250000 0.006173 0.009259
3 0.618441 0.238426 0.005401 0.006944
3 0.597608 0.188079 0.003858 0.003472
3 0.602238 0.183449 0.002315 0.003472
3 0.506944 0.143519 0.007716 0.009259
3 0.490355 0.110532 0.005401 0.005787