0 0.343364 0.755787 0.001543 0.002315
0 0.342593 0.747685 0.007716 0.006944
0 0.341435 0.739583 0.000772 0.002315
0 0.385802 0.737269 0.001543 0.002315
0 0.359182 0.733796 0.003858 0.004630
0 0.381559 0.729167 0.000772 0.002315
0 0.379244 0.729167 0.000772 0.002315
0 0.359182 0.726273 0.002315 0.003472
0 0.331790 0.723958 0.009259 0.012731
0 0.366898 0.717593 0.005401 0.004630
0 0.359182 0.716435 0.003858 0.004630
0 0.353009 0.714120 0.003858 0.004630
0 0.373457 0.712384 0.004630 0.005787
0 0.376543 0.703125 0.004630 0.003472
0 0.349151 0.704282 0.005401 0.008102
0 0.394290 0.700810 0.009259 0.008102
0 0.321373 0.699074 0.010031 0.009259
0 0.385031 0.695023 0.003086 0.003472
0 0.314429 0.691551 0.002315 0.003472
0 0.303241 0.693866 0.006173 0.008102
0 0.392747 0.692130 0.009259 0.009259
0 0.372299 0.685764 0.000772 0.001157
0 0.383102 0.681713 0.000772 0.002315
0 0.359568 0.681134 0.004630 0.005787
0 0.334105 0.679398 0.001543 0.002315
0 0.363040 0.666088 0.000772 0.001157
0 0.297840 0.668403 0.006173 0.005787
0 0.342593 0.664931 0.009259 0.012731
0 0.311728 0.653935 0.001543 0.002315
0 0.319444 0.656250 0.012346 0.011574
0 0.294367 0.641782 0.002315 0.003472
0 0.689043 0.631944 0.003086 0.004630
0 0.353395 0.632523 0.003086 0.005787
0 0.697531 0.603588 0.001543 0.001157
0 0.254244 0.607060 0.010031 0.010417
0 0.245756 0.600116 0.000772 0.001157
0 0.382330 0.597801 0.002315 0.003472
0 0.244599 0.594907 0.001543 0.002315
0 0.332176 0.589699 0.005401 0.005787
0 0.244599 0.589120 0.004630 0.004630
0 0.278164 0.586806 0.003858 0.004630
0 0.270062 0.580440 0.004630 0.003472
0 0.312500 0.576968 0.003086 0.003472
0 0.251157 0.572338 0.002315 0.003472
0 0.378472 0.524306 0.002315 0.002315
0 0.262346 0.513889 0.001543 0.002315
0 0.496528 0.512153 0.003858 0.003472
0 0.479552 0.511574 0.003858 0.006944
0 0.437114 0.503472 0.002315 0.002315
0 0.456790 0.496528 0.003086 0.004630
0 0.263503 0.492477 0.002315 0.003472
0 0.222608 0.478588 0.002315 0.003472
0 0.412809 0.462963 0.001543 0.002315
0 0.304784 0.453125 0.003086 0.003472
0 0.262346 0.442708 0.001543 0.003472
0 0.236883 0.441551 0.001543 0.003472
0 0.288194 0.439236 0.005401 0.008102
0 0.268133 0.436921 0.002315 0.003472
0 0.377315 0.435764 0.003086 0.003472
0 0.255787 0.435764 0.005401 0.008102
0 0.373843 0.432292 0.002315 0.003472
0 0.318287 0.437500 0.013117 0.016204
0 0.235340 0.431134 0.003086 0.003472
0 0.245756 0.428819 0.000772 0.001157
0 0.334105 0.432292 0.006173 0.010417
0 0.352238 0.427662 0.003858 0.003472
0 0.221836 0.420718 0.003858 0.005787
0 0.212191 0.413773 0.001543 0.001157
0 0.332948 0.407986 0.002315 0.003472
0 0.240355 0.407407 0.003858 0.006944
0 0.359954 0.408565 0.006944 0.011574
0 0.236883 0.401042 0.001543 0.001157
0 0.338349 0.399884 0.000772 0.001157
0 0.244213 0.399306 0.003858 0.006944
0 0.214506 0.396991 0.001543 0.002315
0 0.433642 0.392940 0.003086 0.003472
0 0.337963 0.394097 0.001543 0.005787
0 0.221065 0.394097 0.003858 0.005787
0 0.330247 0.390046 0.001543 0.002315
0 0.444444 0.389468 0.001543 0.003472
0 0.328318 0.387153 0.000772 0.001157
0 0.346836 0.388889 0.010031 0.016204
0 0.448302 0.381944 0.003086 0.004630
0 0.233410 0.381944 0.002315 0.004630
0 0.462191 0.374421 0.001543 0.001157
0 0.334877 0.379051 0.007716 0.010417
0 0.356867 0.376157 0.005401 0.009259
0 0.414738 0.377315 0.014660 0.013889
0 0.265432 0.369792 0.001543 0.001157
0 0.383488 0.375000 0.012346 0.016204
0 0.358410 0.366319 0.000772 0.001157
0 0.453318 0.376157 0.013117 0.023148
0 0.272762 0.364005 0.005401 0.003472
0 0.233796 0.363426 0.003086 0.002315
0 0.396605 0.379051 0.012346 0.038194
0 0.344522 0.369792 0.011574 0.019676
0 0.444059 0.359954 0.003858 0.004630
0 0.349537 0.361690 0.004630 0.008102
0 0.364198 0.358218 0.004630 0.005787
0 0.240355 0.358218 0.003858 0.008102
0 0.400849 0.356481 0.005401 0.006944
0 0.373071 0.350694 0.002315 0.002315
0 0.368827 0.354167 0.006173 0.009259
0 0.463349 0.353009 0.008488 0.011574
0 0.390046 0.352431 0.010031 0.017361
0 0.360340 0.346644 0.006173 0.005787
0 0.474151 0.350116 0.010031 0.015046
0 0.421682 0.353588 0.037809 0.028935
0 0.448688 0.343171 0.006944 0.010417
0 0.399691 0.340856 0.004630 0.005787
0 0.313657 0.336227 0.000772 0.001157
0 0.529321 0.335648 0.001543 0.002315
0 0.431327 0.336227 0.001543 0.003472
0 0.310957 0.336806 0.003086 0.006944
0 0.415123 0.334491 0.003086 0.004630
0 0.422068 0.332176 0.001543 0.002315
0 0.307099 0.332176 0.001543 0.002315
0 0.375772 0.328125 0.001543 0.001157
0 0.258102 0.326968 0.000772 0.001157
0 0.241898 0.327546 0.000772 0.002315
0 0.385417 0.333333 0.011574 0.016204
0 0.261574 0.323495 0.004630 0.005787
0 0.501157 0.321759 0.003858 0.004630
0 0.467207 0.323495 0.008488 0.010417
0 0.706019 0.315394 0.003086 0.003472
0 0.485725 0.319444 0.010031 0.011574
0 0.491898 0.313079 0.005401 0.008102
0 0.712191 0.305556 0.001543 0.002315
0 0.465278 0.300926 0.001543 0.002315
0 0.475694 0.309028 0.011574 0.020833
0 0.688272 0.293981 0.001543 0.002315
0 0.712577 0.293403 0.002315 0.003472
0 0.486883 0.288773 0.004630 0.005787
0 0.691744 0.285880 0.002315 0.002315
0 0.702932 0.284722 0.003086 0.004630
0 0.468364 0.287037 0.006173 0.009259
0 0.470679 0.281250 0.001543 0.002315
0 0.682485 0.281250 0.003858 0.004630
0 0.518133 0.273727 0.003858 0.005787
0 0.479938 0.276620 0.009259 0.013889
0 0.506173 0.276042 0.009259 0.017361
0 0.704475 0.263889 0.001543 0.002315
0 0.484954 0.265625 0.003858 0.005787
0 0.466049 0.271412 0.009259 0.019676
0 0.527392 0.263310 0.010031 0.012731
0 0.458333 0.256366 0.003086 0.003472
0 0.655864 0.255208 0.003086 0.003472
0 0.524306 0.254051 0.000772 0.001157
0 0.513889 0.253472 0.007716 0.013889
0 0.474923 0.251736 0.006944 0.012731
0 0.487654 0.247106 0.004630 0.008102
0 0.521605 0.243056 0.006173 0.011574
0 0.500772 0.260995 0.018519 0.047454
0 0.493056 0.234954 0.001543 0.002315
0 0.652392 0.234375 0.003858 0.008102
0 0.655093 0.217014 0.004630 0.005787
0 0.514275 0.216435 0.003858 0.009259
0 0.517361 0.207176 0.002315 0.002315
0 0.632330 0.207755 0.005401 0.005787
0 0.506944 0.198495 0.006173 0.010417
0 0.495370 0.194444 0.001543 0.002315
0 0.648920 0.194444 0.003086 0.004630
0 0.495756 0.171875 0.002315 0.003472
0 0.452546 0.153356 0.005401 0.008102
0 0.425154 0.128472 0.004630 0.006944
0 0.525463 0.107060 0.003086 0.003472
1 0.500386 0.903935 0.008488 0.039352
1 0.369213 0.848958 0.022377 0.017361
1 0.583719 0.855324 0.022377 0.037037
1 0.601466 0.829282 0.005401 0.005787
1 0.416281 0.827546 0.011574 0.006944
1 0.437886 0.842014 0.031636 0.045139
1 0.584491 0.815972 0.006944 0.009259
1 0.427083 0.809606 0.000772 0.001157
1 0.418596 0.809606 0.013117 0.005787
1 0.357253 0.814236 0.020062 0.015046
1 0.445988 0.800347 0.004630 0.015046
1 0.684414 0.782407 0.012346 0.004630
1 0.663580 0.780671 0.003086 0.005787
1 0.300154 0.776042 0.015432 0.019676
1 0.588349 0.762731 0.005401 0.006944
1 0.395448 0.765625 0.010031 0.012731
1 0.270062 0.758102 0.009259 0.013889
1 0.652778 0.724537 0.004630 0.009259
1 0.412037 0.721065 0.016975 0.016204
1 0.429398 0.707755 0.006944 0.008102
1 0.339120 0.699653 0.011574 0.019676
1 0.261960 0.694444 0.003858 0.009259
1 0.298997 0.719329 0.059414 0.065972
1 0.634259 0.688079 0.010802 0.005787
1 0.657407 0.688079 0.004630 0.015046
1 0.680170 0.682292 0.002315 0.008102
1 0.310571 0.683449 0.011574 0.017361
1 0.288194 0.678241 0.013117 0.006944
1 0.670910 0.651042 0.006944 0.008102
1 0.649306 0.649884 0.005401 0.008102
1 0.702546 0.647569 0.010031 0.008102
1 0.229938 0.649306 0.012346 0.013889
1 0.217978 0.622106 0.005401 0.010417
1 0.222608 0.615162 0.006944 0.010417
1 0.300154 0.589120 0.006173 0.013889
1 0.747685 0.600694 0.035494 0.043981
1 0.746142 0.608796 0.006944 0.012731
1 0.743056 0.596065 0.002315 0.003472
1 0.758873 0.594329 0.001543 0.002315
1 0.310571 0.582755 0.005401 0.008102
1 0.229552 0.579861 0.014660 0.016204
1 0.749228 0.578704 0.012346 0.020833
1 0.537809 0.569444 0.004630 0.004630
1 0.275077 0.554977 0.005401 0.012731
1 0.237269 0.546875 0.002315 0.003472
1 0.245756 0.545718 0.003858 0.005787
1 0.596451 0.543403 0.003086 0.008102
1 0.579090 0.538773 0.002315 0.003472
1 0.306327 0.531250 0.003086 0.004630
1 0.234182 0.534144 0.006944 0.012731
1 0.242284 0.528356 0.004630 0.005787
1 0.540123 0.524306 0.004630 0.004630
1 0.445216 0.517361 0.006173 0.006944
1 0.423225 0.503472 0.003858 0.006944
1 0.585262 0.501157 0.003858 0.004630
1 0.393904 0.493056 0.002315 0.002315
1 0.553241 0.494213 0.013889 0.009259
1 0.577160 0.465856 0.003086 0.003472
1 0.569444 0.465278 0.003086 0.002315
1 0.513889 0.465856 0.004630 0.003472
1 0.255015 0.446181 0.005401 0.008102
1 0.266204 0.446759 0.009259 0.011574
1 0.584491 0.442708 0.008488 0.005787
1 0.226466 0.447917 0.014660 0.030093
1 0.476080 0.431713 0.004630 0.006944
1 0.211420 0.433449 0.004630 0.010417
1 0.549769 0.425926 0.016204 0.009259
1 0.322917 0.401620 0.013117 0.018519
1 0.271219 0.395255 0.005401 0.012731
1 0.279707 0.379051 0.014660 0.017361
1 0.303627 0.364005 0.005401 0.005787
1 0.244599 0.344907 0.004630 0.004630
1 0.283565 0.348958 0.003858 0.015046
1 0.261960 0.357060 0.019290 0.033565
1 0.322531 0.340278 0.007716 0.006944
1 0.250000 0.335069 0.004630 0.005787
1 0.330247 0.333912 0.004630 0.005787
1 0.340664 0.335648 0.005401 0.013889
1 0.333719 0.331019 0.002315 0.004630
1 0.292438 0.335069 0.024691 0.028935
1 0.743056 0.305556 0.013889 0.018519
1 0.389275 0.285301 0.031636 0.047454
1 0.439815 0.246528 0.021605 0.020833
1 0.395062 0.231481 0.013889 0.032407
1 0.347222 0.225694 0.027778 0.041667
1 0.614583 0.206597 0.031636 0.065972
1 0.586806 0.181134 0.011574 0.017361
1 0.403549 0.188657 0.018519 0.041667
1 0.427469 0.170718 0.012346 0.008102
1 0.432870 0.156250 0.009259 0.009259
1 0.442515 0.148148 0.011574 0.009259
1 0.326003 0.153935 0.034722 0.020833
1 0.451389 0.143519 0.003086 0.006944
1 0.390046 0.141782 0.005401 0.003472
1 0.427855 0.116898 0.011574 0.016204
1 0.621142 0.106481 0.007716 0.013889
1 0.431713 0.082176 0.002315 0.004630
1 0.434028 0.076968 0.003858 0.003472
1 0.454090 0.076389 0.005401 0.004630
3 0.603009 0.829282 0.002315 0.003472
3 0.323688 0.822338 0.005401 0.005787
3 0.644676 0.760417 0.003858 0.004630
3 0.673225 0.745370 0.003858 0.004630
3 0.699074 0.729167 0.001543 0.002315
3 0.264275 0.692130 0.003858 0.002315
3 0.266204 0.668981 0.001543 0.002315
3 0.270833 0.653356 0.001543 0.001157
3 0.736111 0.652778 0.003086 0.004630
3 0.339506 0.613426 0.004630 0.006944
3 0.446373 0.611111 0.002315 0.004630
3 0.319444 0.605903 0.003086 0.005787
3 0.679398 0.603009 0.002315 0.004630
3 0.329861 0.603009 0.005401 0.006944
3 0.261574 0.587384 0.001543 0.003472
3 0.256559 0.582176 0.002315 0.004630
3 0.310185 0.581597 0.001543 0.005787
3 0.537809 0.570602 0.001543 0.002315
3 0.244213 0.568866 0.003858 0.005787
3 0.528549 0.564815 0.003086 0.002315
3 0.228781 0.562500 0.003858 0.004630
3 0.285880 0.560185 0.000772 0.002315
3 0.577160 0.537616 0.003086 0.003472
3 0.567130 0.536458 0.003086 0.001157
3 0.304784 0.531250 0.003086 0.004630
3 0.262346 0.532407 0.004630 0.006944
3 0.483025 0.527778 0.001543 0.002315
3 0.231867 0.528935 0.003858 0.004630
3 0.271605 0.511574 0.003086 0.004630
3 0.585262 0.500579 0.002315 0.003472
3 0.244599 0.464120 0.004630 0.006944
3 0.243827 0.457755 0.003086 0.003472
3 0.255401 0.445602 0.004630 0.006944
3 0.449846 0.440394 0.001543 0.001157
3 0.279321 0.424769 0.001543 0.002315
3 0.484954 0.416667 0.002315 0.002315
3 0.215664 0.397569 0.003858 0.003472
3 0.299383 0.381944 0.001543 0.002315
3 0.248457 0.375000 0.001543 0.002315
3 0.275463 0.358796 0.004630 0.006944
3 0.298997 0.355903 0.002315 0.003472
3 0.272762 0.340856 0.000772 0.001157
3 0.479552 0.335069 0.000772 0.001157
3 0.273148 0.334491 0.001543 0.002315
3 0.228395 0.335069 0.003086 0.005787
3 0.511574 0.269097 0.003086 0.005787
3 0.403935 0.244792 0.002315 0.003472
3 0.318287 0.211806 0.002315 0.004630
3 0.343750 0.198495 0.005401 0.005787
3 0.433256 0.186921 0.000772 0.001157
3 0.569830 0.150463 0.002315 0.002315
3 0.382716 0.148148 0.004630 0.006944
3 0.455247 0.077546 0.003086 0.004630