0 0.422840 0.728588 0.003086 0.005787
0 0.435957 0.726273 0.004630 0.003472
0 0.430170 0.723380 0.006944 0.009259
0 0.323302 0.572917 0.003086 0.004630
0 0.349151 0.565394 0.002315 0.003472
0 0.301698 0.554398 0.003086 0.006944
0 0.244985 0.538773 0.002315 0.003472
0 0.207562 0.534144 0.003086 0.005787
0 0.223380 0.520833 0.006944 0.009259
0 0.222994 0.508681 0.001543 0.001157
0 0.755401 0.497106 0.007716 0.010417
0 0.265046 0.485532 0.003858 0.003472
0 0.243441 0.485532 0.002315 0.003472
0 0.215278 0.485532 0.001543 0.003472
0 0.227238 0.480324 0.002315 0.002315
0 0.250000 0.479745 0.004630 0.005787
0 0.228395 0.473958 0.003086 0.003472
0 0.217593 0.472222 0.001543 0.002315
0 0.250000 0.469907 0.001543 0.002315
0 0.308642 0.379051 0.003086 0.005787
0 0.271219 0.244792 0.002315 0.003472
0 0.299383 0.238426 0.006173 0.009259
0 0.329861 0.236111 0.008488 0.016204
0 0.268133 0.229167 0.006944 0.011574
0 0.609568 0.188657 0.006173 0.006944
0 0.563657 0.148148 0.002315 0.004630
3 0.266975 0.631366 0.004630 0.005787
3 0.380787 0.561343 0.002315 0.004630
3 0.487269 0.546296 0.000772 0.002315
3 0.713735 0.475116 0.003086 0.001157
3 0.346065 0.470486 0.003858 0.005787
3 0.275463 0.288194 0.007716 0.009259
3 0.289352 0.235532 0.004630 0.005787