0 0.675537 0.691081 0.003418 0.004557
0 0.663330 0.678060 0.003418 0.004557
0 0.660400 0.656250 0.004395 0.006510
0 0.657471 0.641927 0.004395 0.007813
0 0.629395 0.440430 0.001953 0.003255
0 0.615234 0.416667 0.004883 0.005208
0 0.629150 0.412435 0.009277 0.008464
0 0.638428 0.407227 0.006348 0.004557
0 0.629639 0.404622 0.002441 0.003255
0 0.735840 0.320964 0.002930 0.003906
0 0.739990 0.319010 0.002441 0.003906
0 0.732910 0.318034 0.003906 0.007161
0 0.750977 0.313802 0.001953 0.002604
0 0.749512 0.306315 0.001953 0.004557
1 0.493652 0.949544 0.011719 0.012370
1 0.722168 0.772461 0.007813 0.011068
1 0.465820 0.769206 0.011719 0.011068
1 0.663574 0.710938 0.004883 0.009115
1 0.668457 0.684570 0.007813 0.008464
1 0.163330 0.648763 0.002441 0.004557
1 0.685791 0.647461 0.013184 0.011068
1 0.165039 0.641927 0.003906 0.007813
1 0.733643 0.633138 0.005371 0.008464
1 0.725342 0.618815 0.005371 0.024089
1 0.739014 0.611654 0.009277 0.016276
1 0.236572 0.600586 0.016113 0.007161
1 0.745850 0.577148 0.010254 0.013672
1 0.705566 0.577799 0.009766 0.014974
1 0.535400 0.575195 0.008301 0.011068
1 0.781006 0.566406 0.008301 0.013021
1 0.816895 0.559896 0.003906 0.003906
1 0.826416 0.558594 0.003418 0.002604
1 0.630371 0.550130 0.006836 0.010417
1 0.186035 0.528646 0.008789 0.006510
1 0.522705 0.518229 0.005371 0.007813
1 0.156738 0.503255 0.006836 0.013021
1 0.797363 0.331380 0.003906 0.006510
1 0.572510 0.236003 0.013184 0.005859
1 0.688477 0.209635 0.004883 0.010417
1 0.692139 0.198893 0.006348 0.007161
1 0.498047 0.191406 0.001953 0.003906
1 0.454102 0.191081 0.001953 0.003255
1 0.459961 0.194661 0.006836 0.011719
1 0.691895 0.187826 0.006836 0.005859
1 0.500488 0.179362 0.003906 0.007161
1 0.579590 0.188802 0.010742 0.031250
1 0.559082 0.173828 0.012695 0.009115
1 0.519287 0.172201 0.004395 0.011068
1 0.526367 0.150065 0.009766 0.008464
1 0.638428 0.158854 0.029785 0.031250
1 0.648438 0.139648 0.039063 0.037109
1 0.601563 0.158529 0.061523 0.086589
1 0.617432 0.177083 0.001465 0.002604
1 0.617432 0.107422 0.021973 0.014323
2 0.527588 0.954427 0.005371 0.010417
2 0.526367 0.943034 0.004883 0.007161
2 0.619385 0.934570 0.016113 0.018880
2 0.731689 0.779622 0.020996 0.031901
2 0.735352 0.777669 0.001953 0.003255
2 0.233154 0.256836 0.013184 0.021484
2 0.583252 0.212565 0.009277 0.008464
2 0.594727 0.192708 0.012695 0.029948
2 0.659424 0.166992 0.010254 0.013672
3 0.494385 0.923177 0.004395 0.006510
3 0.536621 0.864583 0.003906 0.003906
3 0.755615 0.714518 0.003418 0.007161
3 0.803955 0.709635 0.003418 0.002604
3 0.754395 0.707682 0.001953 0.002604
3 0.712646 0.701172 0.004395 0.006510
3 0.692139 0.691406 0.003418 0.005208
3 0.683594 0.687500 0.001953 0.003906
3 0.447021 0.591471 0.003418 0.004557
3 0.424072 0.591471 0.003418 0.004557
3 0.441406 0.586589 0.002930 0.002604
3 0.767578 0.583333 0.001953 0.003906
3 0.682373 0.583333 0.003418 0.005208
3 0.590576 0.576172 0.001465 0.001302
3 0.420410 0.569987 0.004883 0.004557
3 0.232666 0.561849 0.003418 0.003906
3 0.220215 0.535482 0.002930 0.004557
3 0.494141 0.533203 0.002930 0.003906
3 0.242188 0.519531 0.004883 0.002604
3 0.199707 0.516927 0.001953 0.002604
3 0.756104 0.499674 0.004395 0.007161
3 0.792480 0.381510 0.002930 0.003906
3 0.402344 0.377604 0.001953 0.003906
3 0.400879 0.358073 0.001953 0.003906
3 0.372070 0.358073 0.001953 0.003906
3 0.388428 0.354818 0.003418 0.005208
3 0.416992 0.333333 0.004883 0.006510
3 0.421631 0.319661 0.001465 0.002604
3 0.444092 0.311849 0.006348 0.006510
3 0.777100 0.240234 0.004395 0.006510
3 0.604492 0.228516 0.000977 0.002604
3 0.599609 0.229167 0.003906 0.005208