1 0.587191 0.896091 0.009259 0.010288
1 0.657793 0.671296 0.013117 0.011317
1 0.508102 0.593621 0.006944 0.016461
1 0.686728 0.570473 0.012346 0.017490
1 0.512346 0.461420 0.004630 0.011317
1 0.327546 0.304527 0.014660 0.012346
1 0.347222 0.302984 0.009259 0.013374
2 0.600309 0.882716 0.021605 0.034979
2 0.602238 0.882716 0.003086 0.005144
2 0.597222 0.873971 0.002315 0.002058
2 0.437114 0.146091 0.017747 0.022634
2 0.432485 0.147119 0.003086 0.005144
3 0.537037 0.919753 0.006173 0.010288
3 0.481096 0.892490 0.002315 0.003086
3 0.523534 0.857510 0.002315 0.003086
3 0.263889 0.826646 0.001543 0.003086
3 0.253086 0.814300 0.003086 0.005144
3 0.243056 0.813786 0.003086 0.006173
3 0.194830 0.790123 0.002315 0.004115
3 0.193287 0.784979 0.002315 0.002058
3 0.181713 0.765947 0.002315 0.007202
3 0.174769 0.756173 0.008488 0.018519
3 0.446373 0.741255 0.006944 0.005144
3 0.578318 0.720679 0.002315 0.005144
3 0.528935 0.707819 0.003858 0.006173
3 0.666281 0.676955 0.003858 0.006173
3 0.371142 0.632716 0.001543 0.002058
3 0.637346 0.627058 0.004630 0.005144
3 0.489198 0.573560 0.001543 0.005144
3 0.482639 0.574588 0.005401 0.009259
3 0.675154 0.561728 0.004630 0.006173
3 0.709491 0.529321 0.005401 0.013374
3 0.498843 0.524177 0.011574 0.013374
3 0.518519 0.501029 0.003086 0.006173
3 0.660880 0.445473 0.005401 0.008230
3 0.577546 0.435185 0.003858 0.004115
3 0.601080 0.432613 0.003086 0.005144
3 0.356096 0.430556 0.002315 0.003086
3 0.653164 0.404835 0.003858 0.003086
3 0.429012 0.313786 0.003086 0.006173
3 0.468750 0.310185 0.003858 0.005144
3 0.554398 0.262860 0.005401 0.007202
3 0.651235 0.229424 0.004630 0.006173
3 0.634259 0.202675 0.006173 0.008230
3 0.400077 0.186214 0.006944 0.008230
3 0.449460 0.148148 0.005401 0.006173
3 0.338349 0.066358 0.003858 0.007202
3 0.442901 0.042181 0.004630 0.004115
3 0.470679 0.028292 0.001543 0.003086
3 0.479552 0.015432 0.003858 0.004115
3 0.376157 0.009774 0.002315 0.001029