0 0.660645 0.780599 0.009766 0.016927
0 0.670898 0.742513 0.007813 0.011068
0 0.669678 0.742513 0.002441 0.003255
0 0.677490 0.736003 0.004395 0.005859
0 0.652344 0.731120 0.009766 0.007813
0 0.662598 0.728190 0.004883 0.007161
0 0.656738 0.720703 0.001953 0.003906
0 0.684082 0.727865 0.005859 0.019531
0 0.793213 0.726237 0.025879 0.025391
0 0.659424 0.714193 0.003418 0.007813
0 0.778320 0.668945 0.006836 0.008464
0 0.796143 0.669271 0.006348 0.011719
0 0.747070 0.655924 0.001953 0.001953
0 0.799561 0.656576 0.007324 0.007161
0 0.750000 0.650391 0.001953 0.002604
0 0.774902 0.634115 0.011719 0.018229
0 0.777588 0.635091 0.002441 0.003255
0 0.571289 0.602214 0.004883 0.014323
0 0.468018 0.601888 0.009277 0.013672
0 0.527100 0.590820 0.004395 0.008464
0 0.480225 0.585612 0.002441 0.003255
0 0.522217 0.573568 0.004395 0.003906
0 0.414795 0.554362 0.020020 0.021484
0 0.447998 0.538411 0.004395 0.006510
0 0.458984 0.546549 0.017578 0.025391
0 0.813721 0.538086 0.005371 0.009766
0 0.634521 0.522135 0.007324 0.019531
0 0.824219 0.505208 0.009766 0.014323
0 0.613281 0.488607 0.011719 0.008464
0 0.638184 0.493815 0.045898 0.043620
0 0.630615 0.502930 0.003418 0.007161
0 0.628174 0.487305 0.001465 0.001953
0 0.408936 0.470378 0.001465 0.001953
0 0.399414 0.462240 0.001953 0.002604
0 0.395020 0.463542 0.001953 0.005208
0 0.439941 0.455729 0.000977 0.001302
0 0.398926 0.449219 0.006836 0.011719
0 0.807617 0.439128 0.003906 0.008464
0 0.398438 0.437500 0.004883 0.007813
0 0.407715 0.434245 0.004883 0.011719
0 0.700928 0.425781 0.009277 0.010417
0 0.701660 0.424805 0.002930 0.004557
0 0.799072 0.421549 0.008301 0.011068
0 0.426758 0.422526 0.011719 0.018229
0 0.781738 0.411133 0.002930 0.004557
0 0.793213 0.408203 0.002441 0.002604
0 0.683105 0.412435 0.009766 0.018880
0 0.770752 0.407552 0.009277 0.013021
0 0.779297 0.402018 0.001953 0.005859
0 0.796387 0.401042 0.005859 0.009115
0 0.410645 0.409505 0.011719 0.026042
0 0.707520 0.400065 0.008789 0.014974
0 0.406982 0.396159 0.006348 0.008464
0 0.800537 0.393555 0.001465 0.005859
0 0.787109 0.394206 0.004883 0.008464
0 0.769531 0.390299 0.004883 0.008464
0 0.406738 0.387044 0.000977 0.001953
0 0.689941 0.391276 0.006836 0.015625
0 0.425537 0.383464 0.001465 0.001302
0 0.419922 0.387370 0.006836 0.010417
0 0.426270 0.380534 0.000977 0.001953
0 0.705811 0.382161 0.010254 0.019531
0 0.666260 0.380208 0.007324 0.018229
0 0.635742 0.363607 0.004883 0.008464
0 0.430420 0.358398 0.001465 0.003255
0 0.427002 0.356445 0.001465 0.003255
0 0.781494 0.355143 0.003418 0.004557
0 0.683838 0.358724 0.008301 0.011719
0 0.433105 0.353190 0.001953 0.003255
0 0.437988 0.368164 0.019531 0.043620
0 0.674805 0.349935 0.004883 0.009766
0 0.655029 0.349609 0.007324 0.010417
0 0.778809 0.338216 0.005859 0.008464
0 0.781494 0.328776 0.003418 0.010417
0 0.727783 0.328776 0.005371 0.010417
0 0.657715 0.323242 0.004883 0.008464
0 0.608887 0.318034 0.003906 0.007161
0 0.670654 0.305990 0.003418 0.007813
0 0.657471 0.304688 0.002441 0.005208
0 0.730713 0.303711 0.004395 0.004557
0 0.807373 0.302409 0.016113 0.011068
0 0.763428 0.300456 0.007324 0.007161
0 0.753418 0.280599 0.001953 0.002604
0 0.749512 0.280599 0.002930 0.002604
0 0.716553 0.289388 0.008301 0.020182
0 0.633789 0.285482 0.014648 0.014974
0 0.696289 0.277344 0.006836 0.009115
0 0.803711 0.277018 0.013672 0.011068
0 0.770264 0.274414 0.003418 0.005859
0 0.685303 0.277018 0.006348 0.011068
0 0.631836 0.273763 0.006836 0.012370
0 0.794678 0.270508 0.003418 0.007161
0 0.737793 0.268880 0.001953 0.003906
0 0.789307 0.268880 0.002441 0.005208
0 0.739502 0.263997 0.003418 0.003255
0 0.690186 0.251628 0.003418 0.004557
0 0.681396 0.248047 0.006348 0.009115
0 0.687012 0.234701 0.001953 0.003255
0 0.683105 0.224935 0.003906 0.005859
0 0.691406 0.219076 0.002930 0.004557
0 0.696045 0.144857 0.010254 0.007161
1 0.584229 0.825521 0.006348 0.006510
1 0.645264 0.795247 0.012207 0.034505
1 0.737549 0.788411 0.012207 0.023438
1 0.760010 0.742839 0.020996 0.024740
1 0.757568 0.746094 0.003418 0.005208
1 0.761963 0.738932 0.002441 0.002604
1 0.710449 0.741862 0.026367 0.035807
1 0.599121 0.723958 0.006836 0.006510
1 0.620117 0.720703 0.003906 0.003906
1 0.626465 0.720052 0.002930 0.003906
1 0.674561 0.702799 0.004395 0.003255
1 0.613037 0.704427 0.011230 0.013021
1 0.597900 0.652995 0.013184 0.016927
1 0.760010 0.468750 0.004395 0.006510
1 0.649658 0.458008 0.008301 0.007161
1 0.837646 0.430990 0.020020 0.024740
1 0.816895 0.424805 0.004883 0.012370
1 0.822754 0.416016 0.001953 0.003906
1 0.592773 0.386068 0.000977 0.002604
1 0.605469 0.379883 0.002930 0.007161
1 0.610352 0.379232 0.003906 0.008464
1 0.740723 0.361979 0.003906 0.003906
1 0.588867 0.369466 0.033203 0.029297
1 0.590332 0.373372 0.002930 0.003255
1 0.577637 0.368164 0.002930 0.004557
1 0.585205 0.367513 0.002441 0.004557
1 0.582764 0.368164 0.004395 0.005859
1 0.587402 0.363281 0.002930 0.003906
1 0.583008 0.362956 0.007813 0.007161
1 0.643555 0.354167 0.014648 0.018229
1 0.624023 0.199870 0.001953 0.003906
1 0.618408 0.193685 0.003418 0.004557