0 0.451023 0.849781 0.011696 0.017544
0 0.483553 0.811952 0.005117 0.005482
0 0.417763 0.813596 0.018275 0.017544
0 0.447003 0.780702 0.008041 0.008772
0 0.445906 0.769737 0.001462 0.002193
0 0.400950 0.769189 0.003655 0.005482
0 0.478436 0.762610 0.016813 0.018640
0 0.378289 0.756579 0.006579 0.006579
0 0.367690 0.757127 0.007310 0.012061
0 0.505848 0.751096 0.004386 0.004386
0 0.379386 0.726425 0.013158 0.016447
0 0.535819 0.709430 0.004386 0.004386
0 0.375365 0.701754 0.013889 0.010965
0 0.235015 0.626645 0.018275 0.014254
0 0.536184 0.616776 0.012427 0.014254
0 0.437865 0.606908 0.001462 0.003289
0 0.474050 0.605263 0.002193 0.002193
0 0.484284 0.596491 0.005117 0.006579
0 0.399854 0.592105 0.002924 0.004386
0 0.436404 0.587171 0.004386 0.005482
0 0.413377 0.583333 0.002193 0.002193
0 0.475512 0.579496 0.010965 0.014254
0 0.652047 0.576206 0.010234 0.012061
0 0.428363 0.571820 0.005848 0.007675
0 0.459064 0.569627 0.011696 0.027412
0 0.481725 0.550439 0.016082 0.015351
0 0.517544 0.530702 0.005848 0.004386
0 0.473684 0.501096 0.002924 0.004386
0 0.387061 0.492325 0.006579 0.004386
0 0.224781 0.490132 0.000731 0.002193
0 0.473684 0.492325 0.004386 0.008772
0 0.421053 0.489035 0.010234 0.006579
0 0.409357 0.473684 0.004386 0.004386
0 0.383406 0.474781 0.009503 0.008772
0 0.425804 0.472588 0.006579 0.006579
0 0.225512 0.464912 0.003655 0.004386
0 0.373173 0.455592 0.005117 0.005482
0 0.360746 0.452303 0.016813 0.016447
0 0.390716 0.441338 0.010965 0.005482
0 0.290570 0.439693 0.002193 0.002193
0 0.348684 0.433114 0.004386 0.004386
0 0.350877 0.423794 0.004386 0.005482
0 0.397295 0.423246 0.012427 0.015351
0 0.381213 0.417215 0.002193 0.003289
0 0.286184 0.404057 0.000731 0.001096
0 0.421053 0.402961 0.001462 0.003289
0 0.389620 0.400768 0.001462 0.003289
0 0.339547 0.399671 0.002193 0.003289
0 0.388523 0.394737 0.002193 0.004386
0 0.382310 0.396930 0.008772 0.010965
0 0.336257 0.379934 0.007310 0.005482
0 0.423611 0.297697 0.002193 0.003289
0 0.266082 0.297149 0.002924 0.004386
0 0.481725 0.295504 0.002924 0.003289
0 0.477339 0.295504 0.002924 0.003289
0 0.486842 0.293311 0.001462 0.003289
0 0.483553 0.288377 0.006579 0.004386
0 0.450292 0.277412 0.002924 0.004386
0 0.458333 0.272478 0.007310 0.003289
0 0.417032 0.274671 0.006579 0.007675
0 0.403143 0.256031 0.000731 0.001096
0 0.409357 0.254934 0.008772 0.009868
0 0.510234 0.251645 0.021930 0.016447
0 0.470029 0.264803 0.070175 0.051535
0 0.486477 0.284539 0.001462 0.002193
0 0.466009 0.250548 0.001462 0.002193
0 0.431652 0.238487 0.005117 0.005482
0 0.438962 0.236294 0.006579 0.005482
0 0.419956 0.232456 0.008041 0.006579
0 0.464547 0.229167 0.003655 0.006579
0 0.474781 0.231360 0.012427 0.013158
0 0.615863 0.210526 0.009503 0.008772
0 0.457602 0.213816 0.027778 0.028509
0 0.693348 0.191338 0.019737 0.036184
0 0.572368 0.192434 0.040936 0.047149
0 0.620249 0.165570 0.009503 0.006579
0 0.657895 0.140899 0.004386 0.007675
0 0.649488 0.139254 0.003655 0.006579
1 0.377924 0.868969 0.014620 0.014254
1 0.266813 0.634320 0.001462 0.001096
1 0.269006 0.627741 0.008772 0.009868
1 0.353436 0.615680 0.008041 0.005482
1 0.286184 0.593202 0.010965 0.015351
1 0.211257 0.571820 0.007310 0.012061
1 0.539839 0.569627 0.019737 0.012061
1 0.539839 0.569079 0.001462 0.003289
1 0.207237 0.563048 0.000731 0.001096
1 0.250000 0.535636 0.005848 0.007675
1 0.656798 0.535088 0.010965 0.019737
1 0.236477 0.502193 0.006579 0.006579
1 0.252924 0.484101 0.010234 0.012061
1 0.255482 0.313596 0.012427 0.008772
1 0.717105 0.299342 0.008772 0.004386
1 0.712354 0.295504 0.000731 0.001096
1 0.283991 0.280702 0.012427 0.010965
3 0.392178 0.585526 0.002193 0.002193
3 0.361477 0.533443 0.002193 0.003289
3 0.406067 0.523575 0.005117 0.005482
3 0.322734 0.451754 0.005117 0.008772
3 0.323830 0.428728 0.004386 0.004386
3 0.334064 0.412281 0.002924 0.004386
3 0.322003 0.410088 0.003655 0.006579
3 0.308845 0.253289 0.002193 0.002193
3 0.300439 0.248904 0.002924 0.002193
3 0.401316 0.173246 0.001462 0.002193