0 0.789352 0.556134 0.001543 0.003472
0 0.785880 0.543403 0.000772 0.001157
0 0.767747 0.542245 0.003086 0.005787
0 0.791281 0.537616 0.002315 0.003472
0 0.795910 0.533565 0.000772 0.002315
0 0.789738 0.525463 0.002315 0.002315
0 0.794753 0.524306 0.001543 0.002315
0 0.538966 0.443866 0.005401 0.008102
0 0.464892 0.433449 0.005401 0.010417
0 0.646219 0.243634 0.005401 0.008102
0 0.631559 0.220486 0.002315 0.003472
0 0.660108 0.218750 0.003858 0.004630
0 0.634645 0.204282 0.002315 0.003472
0 0.662423 0.203704 0.002315 0.004630
0 0.657407 0.201389 0.003086 0.004630
0 0.632716 0.200231 0.001543 0.002315
0 0.667824 0.197338 0.002315 0.001157
0 0.628086 0.198495 0.001543 0.003472
0 0.633873 0.195602 0.002315 0.002315
0 0.640046 0.191551 0.002315 0.005787
0 0.649691 0.191551 0.004630 0.008102
0 0.640432 0.180556 0.006173 0.006944
0 0.632330 0.179977 0.005401 0.010417
0 0.621914 0.168981 0.001543 0.002315
3 0.468750 0.372106 0.002315 0.003472
3 0.493827 0.355324 0.003086 0.004630
3 0.676698 0.231481 0.003086 0.004630
3 0.651620 0.226273 0.000772 0.001157
3 0.649691 0.210648 0.004630 0.006944