0 0.608410 0.410301 0.003858 0.021991
0 0.618056 0.397569 0.007716 0.019676
0 0.608796 0.391204 0.003086 0.006944
0 0.621142 0.382523 0.004630 0.010417
0 0.595293 0.361111 0.002315 0.004630
0 0.594907 0.355324 0.001543 0.002315
0 0.603009 0.354745 0.002315 0.003472
0 0.593750 0.350116 0.000772 0.001157
0 0.600694 0.342014 0.000772 0.001157
0 0.599923 0.329282 0.005401 0.005787
0 0.607639 0.318866 0.002315 0.005787
0 0.637731 0.302083 0.000772 0.002315
0 0.625386 0.302662 0.002315 0.003472
0 0.620370 0.310185 0.018519 0.020833
0 0.630401 0.298611 0.001543 0.002315
1 0.493056 0.283565 0.003086 0.004630
1 0.503086 0.275463 0.006173 0.004630
1 0.612654 0.255208 0.007716 0.010417
1 0.652006 0.229167 0.032407 0.025463
2 0.449460 0.358796 0.022377 0.034722