0 0.634503 0.798246 0.002924 0.004386
0 0.712354 0.741776 0.003655 0.005482
0 0.615497 0.656798 0.001462 0.004386
0 0.616594 0.651864 0.002193 0.003289
0 0.607091 0.642544 0.002193 0.004386
0 0.762427 0.593202 0.001462 0.002193
0 0.724050 0.580592 0.002193 0.003289
0 0.710526 0.558114 0.014620 0.010965
0 0.685673 0.546601 0.001462 0.001096
0 0.680921 0.535636 0.000731 0.001096
0 0.665570 0.536184 0.000731 0.002193
0 0.702851 0.536184 0.002193 0.004386
0 0.675804 0.533443 0.000731 0.001096
0 0.682383 0.532346 0.000731 0.001096
0 0.662646 0.533991 0.003655 0.004386
0 0.698830 0.532346 0.001462 0.003289
0 0.746345 0.531250 0.005848 0.007675
0 0.762061 0.522478 0.002193 0.003289
0 0.667763 0.530702 0.009503 0.019737
0 0.657895 0.519737 0.004386 0.006579
0 0.682383 0.516447 0.003655 0.006579
0 0.671784 0.514254 0.001462 0.004386
0 0.685673 0.510417 0.002924 0.003289
0 0.684576 0.507675 0.000731 0.002193
0 0.667032 0.506579 0.003655 0.002193
0 0.660453 0.507675 0.002193 0.004386
0 0.678728 0.503838 0.003655 0.005482
0 0.665570 0.501096 0.003655 0.004386
0 0.643640 0.498355 0.002193 0.005482
0 0.540570 0.492873 0.003655 0.005482
0 0.713085 0.345395 0.002193 0.004386
1 0.673977 0.695724 0.007310 0.009868
1 0.425073 0.577303 0.005117 0.005482
1 0.708699 0.587171 0.013889 0.031798
1 0.718202 0.546601 0.012427 0.016447
1 0.705775 0.537281 0.012427 0.019737
1 0.229532 0.546053 0.010234 0.039474
1 0.526316 0.506579 0.004386 0.013158
1 0.693713 0.497807 0.013158 0.021930
1 0.704678 0.474232 0.002924 0.007675
1 0.703582 0.467105 0.003655 0.004386
1 0.682018 0.430373 0.004386 0.007675
2 0.342471 0.751096 0.024123 0.043860
2 0.663012 0.711623 0.020468 0.039474
2 0.258772 0.675987 0.051170 0.055921
2 0.276316 0.663377 0.002193 0.003289
2 0.218202 0.608553 0.009503 0.024123
2 0.218567 0.566886 0.008772 0.026316
2 0.206506 0.516996 0.006579 0.023026
2 0.218933 0.452303 0.015351 0.020833
2 0.242690 0.368421 0.004386 0.017544
2 0.222222 0.360746 0.008772 0.030702
2 0.478436 0.358004 0.010965 0.038377
2 0.251096 0.344846 0.005117 0.014254
2 0.477705 0.330592 0.002193 0.003289
2 0.349415 0.334978 0.016082 0.025219
2 0.483187 0.324561 0.002924 0.006579
2 0.491594 0.324013 0.010965 0.016447
2 0.482456 0.316886 0.004386 0.004386
2 0.254386 0.317982 0.019006 0.032895
2 0.476974 0.292763 0.002193 0.002193
2 0.470395 0.307018 0.009503 0.035088
2 0.472953 0.282895 0.001462 0.002193
2 0.276316 0.277961 0.017544 0.049342
2 0.274488 0.280154 0.001462 0.002193
2 0.328582 0.259320 0.066520 0.073465
2 0.504020 0.211075 0.035819 0.018640
2 0.515351 0.206689 0.002193 0.004386
2 0.387061 0.176535 0.040205 0.035088
2 0.631579 0.110746 0.017544 0.017544
3 0.627924 0.819079 0.001462 0.002193
3 0.628655 0.807566 0.001462 0.003289
3 0.400950 0.798794 0.000731 0.001096
3 0.672880 0.797149 0.002193 0.002193
3 0.644006 0.796053 0.001462 0.004386
3 0.356725 0.765351 0.001462 0.002193
3 0.355263 0.754386 0.001462 0.002193
3 0.333699 0.742873 0.002193 0.005482
3 0.675439 0.721491 0.002924 0.004386
3 0.667398 0.710526 0.001462 0.002193
3 0.271930 0.695175 0.001462 0.002193
3 0.286550 0.694079 0.001462 0.002193
3 0.287646 0.685855 0.000731 0.001096
3 0.294956 0.678728 0.000731 0.002193
3 0.288377 0.671053 0.000731 0.002193
3 0.682749 0.657346 0.001462 0.003289
3 0.756579 0.651316 0.001462 0.002193
3 0.287646 0.639803 0.002193 0.003289
3 0.292032 0.638158 0.003655 0.004386
3 0.285088 0.634320 0.001462 0.003289
3 0.288377 0.632675 0.002193 0.002193
3 0.526316 0.595943 0.004386 0.003289
3 0.209430 0.581689 0.002193 0.003289
3 0.690424 0.548794 0.002193 0.007675
3 0.691155 0.540022 0.000731 0.001096
3 0.688596 0.520833 0.001462 0.002193
3 0.673977 0.520285 0.001462 0.001096
3 0.678363 0.518640 0.001462 0.002193
3 0.722222 0.516447 0.001462 0.002193
3 0.686038 0.513706 0.002193 0.003289
3 0.736477 0.510965 0.000731 0.002193
3 0.679459 0.508772 0.002193 0.004386
3 0.731360 0.509320 0.003655 0.009868
3 0.207602 0.504386 0.004386 0.002193
3 0.730629 0.500548 0.000731 0.001096
3 0.725877 0.503289 0.002924 0.006579
3 0.713450 0.487939 0.001462 0.002193
3 0.711988 0.473136 0.001462 0.001096
3 0.467836 0.442434 0.002924 0.005482
3 0.211257 0.440789 0.005848 0.008772
3 0.619152 0.434211 0.001462 0.004386
3 0.623538 0.428728 0.002924 0.004386
3 0.697003 0.416667 0.002193 0.002193
3 0.492325 0.414474 0.003655 0.004386
3 0.238670 0.326206 0.003655 0.005482
3 0.439693 0.294408 0.002193 0.003289
3 0.581140 0.243421 0.002924 0.004386
3 0.423611 0.217654 0.003655 0.003289
3 0.644737 0.214364 0.002924 0.005482