0 0.456522 0.921491 0.013043 0.016643
0 0.894928 0.730463 0.013043 0.009407
0 0.894928 0.689219 0.014493 0.012301
0 0.885870 0.680535 0.021014 0.016643
0 0.836957 0.657381 0.004348 0.005065
0 0.888043 0.655210 0.034058 0.034009
0 0.860870 0.639291 0.007246 0.012301
0 0.884058 0.618307 0.036232 0.044139
0 0.971739 0.541245 0.039130 0.034732
0 0.963768 0.546310 0.002899 0.002894
0 0.982609 0.546671 0.004348 0.009407
0 0.910507 0.481187 0.005072 0.005789
0 0.795290 0.474313 0.006522 0.007959
0 0.901449 0.455499 0.007246 0.009407
0 0.585145 0.378075 0.009420 0.007959
0 0.733696 0.128799 0.016667 0.018813
1 0.492391 0.567656 0.016667 0.009407
1 0.911594 0.496744 0.007246 0.007959
1 0.884420 0.457670 0.022464 0.013748
1 0.946739 0.452605 0.012319 0.012301
1 0.915942 0.455499 0.011594 0.022431
1 0.726087 0.401954 0.007246 0.010854
1 0.927174 0.400868 0.021014 0.018813
1 0.925362 0.402315 0.002899 0.002894
1 0.680435 0.384226 0.008696 0.007236
1 0.723551 0.313314 0.009420 0.008683
1 0.920290 0.267728 0.013043 0.011577
1 0.890580 0.251809 0.007246 0.007236
1 0.895290 0.235166 0.010870 0.010130
2 0.132246 0.199349 0.023913 0.019537