0 0.738636 0.804500 0.001337 0.003000
0 0.733623 0.802000 0.000668 0.002000
0 0.707888 0.784000 0.005348 0.008000
0 0.731618 0.763500 0.007353 0.021000
0 0.546791 0.358500 0.002674 0.003000
0 0.365976 0.148000 0.007353 0.010000
0 0.447861 0.123000 0.001337 0.002000
0 0.454880 0.088500 0.003342 0.005000
0 0.414773 0.044500 0.000668 0.001000
0 0.413102 0.036000 0.001337 0.002000
1 0.446858 0.943500 0.000668 0.001000
1 0.435495 0.942500 0.019385 0.011000
1 0.515040 0.927500 0.008690 0.005000
1 0.575535 0.934500 0.012032 0.025000
1 0.622995 0.919500 0.016043 0.041000
1 0.568182 0.910500 0.073529 0.047000
1 0.440174 0.871500 0.006016 0.005000
1 0.423128 0.858000 0.008021 0.012000
1 0.384693 0.852000 0.022059 0.032000
1 0.619652 0.830500 0.006684 0.003000
1 0.594920 0.830500 0.005348 0.003000
1 0.380682 0.831000 0.007353 0.010000
1 0.277741 0.828000 0.006016 0.004000
1 0.284759 0.821500 0.002674 0.013000
1 0.709559 0.807000 0.007353 0.006000
1 0.280414 0.797500 0.012701 0.023000
1 0.615976 0.774000 0.008690 0.006000
1 0.308155 0.770000 0.010695 0.020000
1 0.207553 0.669500 0.018048 0.027000
1 0.560829 0.612000 0.004011 0.010000
1 0.567848 0.599500 0.002005 0.007000
1 0.225267 0.533500 0.012032 0.013000
1 0.496658 0.467500 0.004011 0.005000
1 0.479278 0.222500 0.002674 0.003000
1 0.364639 0.237000 0.014037 0.032000
1 0.368984 0.234500 0.002005 0.002000
1 0.709893 0.199500 0.005348 0.017000
1 0.382687 0.192000 0.016711 0.022000
1 0.308489 0.187500 0.012701 0.015000
1 0.700201 0.168000 0.006016 0.008000
1 0.671791 0.182000 0.018717 0.040000
1 0.461564 0.115000 0.008690 0.012000
1 0.489973 0.101500 0.010695 0.017000
2 0.306484 0.746500 0.022059 0.027000
2 0.304479 0.736000 0.001337 0.003000
2 0.382687 0.206500 0.016711 0.023000
2 0.304479 0.205000 0.018048 0.038000
2 0.684158 0.185000 0.023396 0.042000
3 0.409759 0.904500 0.002674 0.003000
3 0.527072 0.863500 0.003342 0.005000
3 0.537433 0.848000 0.001337 0.002000
3 0.621658 0.832000 0.002674 0.004000
3 0.503008 0.829500 0.003342 0.003000
3 0.338235 0.792000 0.005348 0.004000
3 0.604612 0.756000 0.002005 0.002000
3 0.714572 0.755500 0.001337 0.003000
3 0.481952 0.748000 0.002674 0.004000
3 0.316511 0.679000 0.003342 0.008000
3 0.687166 0.654000 0.002674 0.004000
3 0.522727 0.651500 0.002674 0.005000
3 0.687500 0.642500 0.003342 0.003000
3 0.700869 0.636000 0.003342 0.006000
3 0.759358 0.610000 0.004011 0.004000
3 0.556818 0.577000 0.002674 0.002000
3 0.552139 0.570000 0.001337 0.002000
3 0.546457 0.571000 0.002005 0.004000
3 0.588904 0.267500 0.004011 0.005000
3 0.374666 0.216000 0.003342 0.006000
3 0.255348 0.207500 0.001337 0.001000
3 0.531751 0.197500 0.006016 0.009000
3 0.425134 0.113000 0.002674 0.004000
3 0.506350 0.079000 0.004679 0.006000