0 0.416667 0.899123 0.004386 0.004386
0 0.364766 0.552632 0.004386 0.006579
0 0.389620 0.484101 0.005848 0.005482
0 0.411550 0.481360 0.002924 0.004386
0 0.391447 0.460526 0.002193 0.002193
0 0.429094 0.459430 0.001462 0.002193
0 0.416667 0.450658 0.004386 0.004386
0 0.627924 0.374452 0.004386 0.005482
0 0.516082 0.336075 0.002924 0.007675
0 0.530702 0.272478 0.004386 0.007675
1 0.382675 0.455044 0.008041 0.013158
3 0.384503 0.873904 0.002924 0.004386
3 0.404605 0.668311 0.002193 0.003289
3 0.329313 0.660636 0.000731 0.001096
3 0.393640 0.610746 0.003655 0.004386
3 0.288743 0.563596 0.004386 0.006579
3 0.275585 0.563596 0.002924 0.006579
3 0.324927 0.519737 0.003655 0.004386
3 0.327851 0.514254 0.002193 0.002193
3 0.369518 0.498355 0.002193 0.003289
3 0.404971 0.458882 0.001462 0.001096
3 0.485015 0.426535 0.000731 0.002193
3 0.475512 0.423794 0.000731 0.001096
3 0.480629 0.419408 0.000731 0.001096
3 0.504386 0.411184 0.004386 0.004386
3 0.345395 0.407346 0.003655 0.003289
3 0.351608 0.393640 0.001462 0.002193
3 0.374635 0.384320 0.002193 0.003289
3 0.461988 0.382675 0.002924 0.002193
3 0.452120 0.381031 0.002193 0.005482
3 0.377558 0.379386 0.003655 0.004386
3 0.386330 0.377193 0.002193 0.002193
3 0.492325 0.373355 0.000731 0.001096
3 0.490863 0.373355 0.000731 0.001096
3 0.485015 0.369518 0.002193 0.002193
3 0.489035 0.358553 0.001462 0.002193
3 0.479898 0.356908 0.003655 0.007675
3 0.500365 0.345395 0.002193 0.002193
3 0.449196 0.241228 0.000731 0.002193
3 0.555556 0.160636 0.001462 0.001096