2 0.367690 0.752193 0.011696 0.019737
2 0.604532 0.572917 0.005848 0.020833
2 0.610015 0.373355 0.002193 0.003289
2 0.614401 0.361294 0.006579 0.016447
2 0.611842 0.347039 0.001462 0.005482
2 0.495249 0.316886 0.016813 0.021930
2 0.574927 0.258772 0.010965 0.028509
2 0.451023 0.103070 0.008772 0.017544
3 0.521199 0.883224 0.001462 0.005482
3 0.357091 0.737939 0.003655 0.004386
3 0.651681 0.718202 0.006579 0.010965
3 0.377924 0.666118 0.004386 0.005482
3 0.387061 0.660636 0.003655 0.005482
3 0.620614 0.358004 0.004386 0.007675
3 0.627924 0.349781 0.002924 0.002193
3 0.608187 0.324561 0.005848 0.008772