1 0.798171 0.482661 0.010976 0.015323
1 0.479878 0.158468 0.013415 0.028226
2 0.485061 0.176613 0.020122 0.027419
2 0.487500 0.184677 0.002439 0.002419
3 0.435061 0.890726 0.001829 0.004032
3 0.438110 0.885887 0.000610 0.000806
3 0.403354 0.866129 0.001829 0.003226
3 0.528659 0.715323 0.006098 0.004839
3 0.546037 0.711694 0.004268 0.005645
3 0.549695 0.524597 0.005488 0.007258
3 0.540244 0.497581 0.004878 0.004839
3 0.588720 0.474597 0.001829 0.002419
3 0.541159 0.472581 0.003049 0.006452
3 0.532317 0.463710 0.001220 0.001613
3 0.283537 0.446774 0.004878 0.006452
3 0.332012 0.435887 0.004268 0.004032
3 0.517988 0.433871 0.001829 0.001613
3 0.147561 0.375403 0.003659 0.004032
3 0.295427 0.368145 0.001829 0.002419
3 0.499695 0.357661 0.005488 0.005645
3 0.351524 0.356855 0.003049 0.004032
3 0.313415 0.324194 0.002439 0.006452
3 0.264939 0.278226 0.003049 0.003226
3 0.244207 0.215323 0.007927 0.008065
3 0.482622 0.212500 0.006707 0.008871
3 0.310366 0.202016 0.002439 0.004032
3 0.424695 0.179032 0.007927 0.004839
3 0.338110 0.116532 0.004268 0.005645
3 0.536890 0.113306 0.005488 0.007258
3 0.637500 0.096371 0.003049 0.002419
3 0.640244 0.092742 0.003659 0.004839
3 0.572561 0.056452 0.002439 0.004839
3 0.544512 0.052823 0.002439 0.004032