1 0.290205 0.240680 0.008772 0.009868
1 0.365863 0.171053 0.002193 0.002193
1 0.358918 0.165022 0.010234 0.012061
3 0.410453 0.850329 0.002193 0.003289
3 0.601608 0.834978 0.002924 0.003289
3 0.445541 0.652961 0.003655 0.003289
3 0.252558 0.644189 0.002193 0.003289
3 0.405702 0.624452 0.002924 0.005482
3 0.351608 0.473684 0.001462 0.004386
3 0.396930 0.368969 0.002924 0.003289
3 0.297515 0.222039 0.002924 0.003289
3 0.497807 0.180373 0.002924 0.001096
3 0.527778 0.180921 0.004386 0.004386
3 0.489766 0.179825 0.002924 0.004386
3 0.518275 0.174890 0.001462 0.001096
3 0.679825 0.163925 0.001462 0.003289
3 0.374269 0.155154 0.002924 0.003289
3 0.510234 0.084978 0.001462 0.003289