1 0.467207 0.774306 0.005401 0.006944
1 0.478781 0.773148 0.005401 0.006944
1 0.363812 0.773148 0.005401 0.006944
1 0.347222 0.776620 0.007716 0.013889
1 0.460648 0.766204 0.001543 0.002315
1 0.451775 0.767361 0.008488 0.004630
1 0.326775 0.761574 0.006944 0.006944
1 0.460648 0.748264 0.007716 0.005787
1 0.482639 0.747685 0.005401 0.006944
1 0.498071 0.740741 0.003858 0.004630
1 0.464892 0.740741 0.005401 0.004630
1 0.450231 0.739005 0.002315 0.003472
1 0.463349 0.733218 0.000772 0.001157
1 0.471065 0.729167 0.010031 0.004630
1 0.484568 0.718171 0.012346 0.012731
1 0.444830 0.714120 0.011574 0.006944
1 0.496142 0.692708 0.016975 0.028935
1 0.499614 0.697338 0.003086 0.004630
1 0.497685 0.695602 0.002315 0.003472
1 0.467978 0.679398 0.002315 0.002315
1 0.482253 0.679398 0.004630 0.004630
1 0.458719 0.677083 0.005401 0.004630
1 0.263117 0.692708 0.015432 0.038194
1 0.362269 0.663194 0.006944 0.009259
1 0.333719 0.675926 0.016204 0.034722
1 0.512731 0.659722 0.008488 0.009259
1 0.485340 0.658565 0.007716 0.006944
1 0.555941 0.638310 0.003858 0.003472
1 0.538580 0.639468 0.009259 0.010417
1 0.555556 0.622685 0.009259 0.006944
1 0.355324 0.593171 0.006944 0.008102
1 0.311343 0.567708 0.006944 0.012731
1 0.518133 0.562500 0.006944 0.009259
1 0.509645 0.556134 0.005401 0.005787
1 0.427855 0.557870 0.006944 0.011574
1 0.289738 0.573495 0.027006 0.042824
1 0.266975 0.561343 0.009259 0.020833
1 0.782022 0.556134 0.008488 0.015046
1 0.526620 0.548032 0.003858 0.010417
1 0.214892 0.512731 0.008488 0.011574
1 0.550926 0.506944 0.007716 0.016204
1 0.540123 0.505787 0.009259 0.016204
1 0.207176 0.480903 0.005401 0.010417
1 0.390818 0.448495 0.002315 0.005787
1 0.217207 0.426505 0.011574 0.008102
1 0.508873 0.417824 0.003858 0.004630
1 0.238426 0.403356 0.007716 0.015046
1 0.213735 0.397569 0.003086 0.003472
1 0.505787 0.392940 0.005401 0.005787
1 0.498843 0.392361 0.005401 0.009259
1 0.530864 0.385995 0.006173 0.012731
1 0.563272 0.380787 0.015432 0.016204
1 0.538580 0.374421 0.006173 0.012731
1 0.434028 0.364005 0.002315 0.003472
1 0.224923 0.370949 0.013117 0.017361
1 0.260031 0.359954 0.004630 0.011574
1 0.501157 0.339120 0.003858 0.009259
1 0.452160 0.328704 0.007716 0.004630
1 0.396605 0.324074 0.004630 0.009259
1 0.261188 0.317708 0.017747 0.024306
1 0.260802 0.321181 0.002315 0.002315
1 0.263889 0.318287 0.003858 0.005787
1 0.704090 0.300926 0.003858 0.025463
1 0.369599 0.281250 0.004630 0.006944
1 0.527778 0.280671 0.010802 0.008102
1 0.753472 0.274884 0.003858 0.010417
1 0.540509 0.271412 0.010031 0.012731
1 0.493056 0.266782 0.012346 0.012731
1 0.278935 0.265625 0.008488 0.017361
1 0.456019 0.266204 0.018519 0.023148
1 0.425540 0.259838 0.010031 0.010417
1 0.503086 0.254051 0.009259 0.008102
1 0.312114 0.264468 0.013117 0.031250
1 0.347222 0.250000 0.003086 0.006944
1 0.481481 0.248843 0.006173 0.006944
1 0.351852 0.248264 0.004630 0.005787
1 0.381559 0.230903 0.011574 0.012731
1 0.291667 0.222801 0.007716 0.015046
1 0.365741 0.195023 0.007716 0.010417
1 0.474923 0.192130 0.006944 0.009259
1 0.312500 0.188079 0.004630 0.008102
1 0.586806 0.178241 0.005401 0.006944
1 0.592593 0.173032 0.003086 0.012731
1 0.388889 0.125000 0.004630 0.011574
2 0.511188 0.344329 0.013117 0.049769
3 0.314429 0.732639 0.003858 0.004630
3 0.309799 0.714120 0.002315 0.002315
3 0.259259 0.625000 0.004630 0.006944
3 0.537423 0.542245 0.003858 0.005787
3 0.489198 0.473958 0.004630 0.003472
3 0.418981 0.350116 0.003086 0.003472
3 0.559799 0.340278 0.005401 0.006944
3 0.268133 0.269097 0.002315 0.005787
3 0.482639 0.249421 0.005401 0.005787
3 0.673611 0.212384 0.003086 0.008102
3 0.408565 0.201968 0.002315 0.003472
3 0.395062 0.197338 0.003086 0.003472
3 0.339892 0.155093 0.002315 0.002315
3 0.336420 0.144676 0.003086 0.004630
3 0.342207 0.141782 0.002315 0.003472