0 0.627197 0.900716 0.003418 0.008464
0 0.660400 0.875651 0.012207 0.014323
0 0.628174 0.875977 0.014160 0.022786
0 0.669434 0.861003 0.003906 0.007161
0 0.660889 0.841146 0.006348 0.014323
0 0.448486 0.790039 0.004395 0.005859
0 0.245117 0.611979 0.013672 0.011719
0 0.286865 0.601888 0.012207 0.012370
0 0.293213 0.592448 0.002441 0.002604
0 0.292725 0.587240 0.004395 0.005208
0 0.274658 0.537760 0.008301 0.007813
0 0.237061 0.527018 0.017090 0.021484
0 0.239014 0.522135 0.002441 0.002604
0 0.224609 0.514323 0.012695 0.011719
0 0.289307 0.518880 0.059082 0.039063
0 0.291748 0.512044 0.004395 0.005859
0 0.213379 0.504557 0.009766 0.010417
0 0.223877 0.500326 0.003418 0.003255
0 0.282471 0.497721 0.001465 0.001953
0 0.300781 0.498372 0.010742 0.011068
0 0.288574 0.489583 0.013672 0.018229
0 0.184570 0.482422 0.007813 0.009115
0 0.295654 0.477865 0.005371 0.007813
0 0.284668 0.477539 0.010742 0.012370
0 0.179932 0.474284 0.004395 0.005859
0 0.173584 0.473307 0.007324 0.007813
0 0.305420 0.468750 0.008301 0.006510
0 0.230713 0.469727 0.009277 0.014974
0 0.310791 0.461914 0.002441 0.001953
0 0.164063 0.466146 0.004883 0.011719
0 0.220703 0.476237 0.041992 0.038411
0 0.252686 0.458333 0.003418 0.003906
0 0.296631 0.460612 0.010254 0.009766
0 0.169678 0.458659 0.003418 0.005859
0 0.267578 0.471029 0.026367 0.038411
0 0.314941 0.452799 0.013672 0.011068
0 0.295410 0.446940 0.001953 0.001953
0 0.172852 0.447591 0.003906 0.004557
0 0.322510 0.444336 0.006348 0.005859
0 0.287842 0.444661 0.005371 0.010417
0 0.250000 0.440755 0.002930 0.003906
0 0.241211 0.440430 0.005859 0.005859
0 0.221191 0.442708 0.006836 0.010417
0 0.206055 0.438151 0.004883 0.006510
0 0.271484 0.439779 0.010742 0.014974
0 0.301514 0.435221 0.021973 0.017578
0 0.305908 0.422201 0.003418 0.004557
0 0.328369 0.421549 0.006348 0.004557
0 0.195801 0.426758 0.014648 0.014974
0 0.263428 0.419271 0.001465 0.001302
0 0.281250 0.426432 0.018555 0.018229
0 0.300781 0.417643 0.007813 0.004557
0 0.309814 0.423503 0.008301 0.024089
0 0.243652 0.412760 0.003906 0.002604
0 0.299805 0.408203 0.008789 0.005208
0 0.290039 0.407878 0.003906 0.009766
0 0.273193 0.408203 0.011230 0.011719
0 0.308594 0.402995 0.004883 0.009115
0 0.201660 0.392253 0.002930 0.003255
0 0.318115 0.395182 0.011230 0.010417
0 0.271729 0.392578 0.008301 0.015625
0 0.259766 0.385417 0.002930 0.005208
0 0.306641 0.382487 0.014648 0.014974
0 0.248779 0.373372 0.018066 0.011068
0 0.263672 0.360677 0.000977 0.001302
0 0.265381 0.358724 0.001465 0.001302
0 0.274902 0.343099 0.001953 0.002604
0 0.263184 0.341471 0.001953 0.001953
0 0.263428 0.331706 0.004395 0.004557
0 0.576660 0.188151 0.014648 0.015625
0 0.566895 0.173503 0.009766 0.008464
0 0.562988 0.151042 0.004883 0.006510
0 0.566650 0.143880 0.012207 0.015625
0 0.590576 0.130208 0.016113 0.022135
1 0.442627 0.771159 0.010254 0.025391
1 0.640381 0.287760 0.022949 0.027344