0 0.911169 0.615162 0.001736 0.001157
0 0.898727 0.611979 0.001157 0.001736
0 0.900174 0.600116 0.001736 0.001157
0 0.910880 0.601273 0.008102 0.004630
0 0.918403 0.598958 0.002315 0.003472
0 0.896123 0.596065 0.002894 0.003472
0 0.938947 0.588831 0.000579 0.001736
0 0.881655 0.577546 0.001736 0.002315
0 0.951968 0.575521 0.002315 0.004051
0 0.962095 0.572338 0.000579 0.001157
0 0.890625 0.567419 0.001157 0.001736
0 0.926215 0.560475 0.001736 0.002894
0 0.936632 0.559317 0.004051 0.002894
0 0.893808 0.558738 0.001736 0.001736
0 0.851852 0.559896 0.003472 0.004051
0 0.923032 0.555845 0.001157 0.001736
0 0.895255 0.552373 0.001157 0.001736
0 0.886285 0.549479 0.004051 0.004051
0 0.892650 0.547743 0.001736 0.001736
0 0.886863 0.543692 0.002894 0.002894
0 0.874132 0.542245 0.013310 0.005787
0 0.883102 0.538773 0.001157 0.001157
0 0.890914 0.527488 0.001736 0.001736
0 0.915799 0.515046 0.002894 0.002315
0 0.859664 0.518808 0.015625 0.010995
0 0.916088 0.508970 0.003472 0.002894
0 0.875579 0.508970 0.004630 0.002894
0 0.905961 0.508970 0.016782 0.012153
0 0.879919 0.499421 0.001736 0.002315
0 0.887731 0.496528 0.008102 0.006944
1 0.940683 0.583623 0.002894 0.002894
1 0.952836 0.585938 0.019097 0.016782
1 0.952257 0.590567 0.002315 0.002315
1 0.486690 0.176794 0.028935 0.023727
1 0.494213 0.038484 0.013889 0.009838
3 0.824074 0.618056 0.003472 0.004630
3 0.951678 0.549479 0.001736 0.001736
3 0.949653 0.546586 0.003472 0.002894
3 0.933160 0.535301 0.006366 0.004630
3 0.504051 0.497396 0.004630 0.005208
3 0.493924 0.494213 0.002894 0.002315
3 0.482350 0.473380 0.005208 0.003472
3 0.533854 0.472222 0.012153 0.009259
3 0.596933 0.307292 0.005208 0.004630
3 0.618634 0.281539 0.004630 0.005208
3 0.473958 0.226563 0.006944 0.005208
3 0.482639 0.204282 0.004630 0.003472
3 0.445023 0.188079 0.005787 0.008102
3 0.457176 0.171007 0.003472 0.002894
3 0.440394 0.170428 0.005787 0.006366
3 0.735532 0.109664 0.003472 0.002894
3 0.502025 0.070313 0.004051 0.005208
3 0.505208 0.059896 0.004630 0.004051
3 0.504051 0.048900 0.001157 0.005208