0 0.604991 0.750973 0.002825 0.003891
0 0.600282 0.741732 0.004708 0.003891
0 0.639360 0.502189 0.002825 0.004377
0 0.639124 0.482247 0.007062 0.010214
0 0.645009 0.474222 0.002825 0.003891
0 0.697740 0.413181 0.000942 0.001459
0 0.690913 0.413181 0.003296 0.005350
1 0.387476 0.798395 0.026365 0.016051
1 0.663371 0.498298 0.028249 0.019942
1 0.521422 0.477140 0.014595 0.016537
1 0.532957 0.303745 0.010358 0.014105
3 0.715631 0.794261 0.001883 0.001946
3 0.715160 0.788667 0.004708 0.005350
3 0.718691 0.782101 0.004237 0.003891
3 0.396422 0.644212 0.004708 0.004377
3 0.477872 0.431420 0.005650 0.004864
3 0.538136 0.318093 0.001883 0.001946
3 0.532015 0.316148 0.002825 0.005837
3 0.522128 0.303016 0.002825 0.003891
3 0.611817 0.165126 0.008945 0.008268