0 0.492670 0.781379 0.006944 0.009259
0 0.731481 0.731996 0.004630 0.005144
0 0.658951 0.668210 0.003086 0.003086
0 0.471451 0.654321 0.009259 0.008230
0 0.631559 0.619856 0.002315 0.003086
0 0.689429 0.495370 0.002315 0.003086
1 0.306713 0.720679 0.010031 0.011317
1 0.296682 0.712963 0.006944 0.008230
1 0.649691 0.687757 0.004630 0.009259
1 0.483410 0.634774 0.039352 0.030864
1 0.685571 0.517490 0.005401 0.008230
1 0.691744 0.502572 0.003858 0.009259
1 0.687114 0.490741 0.005401 0.012346
1 0.601080 0.437243 0.006173 0.014403
1 0.651620 0.382716 0.019290 0.028807
2 0.423225 0.267490 0.017747 0.032922
2 0.509645 0.251029 0.017747 0.022634
2 0.517747 0.156893 0.012346 0.011317
2 0.510417 0.153292 0.005401 0.008230
2 0.476080 0.142490 0.015432 0.019547
3 0.684028 0.855453 0.002315 0.003086
3 0.480324 0.812243 0.006944 0.005144
3 0.489583 0.776235 0.003858 0.003086
3 0.482639 0.775720 0.005401 0.006173
3 0.472608 0.773663 0.002315 0.006173
3 0.482639 0.759259 0.003858 0.004115
3 0.413580 0.644547 0.003086 0.003086
3 0.634259 0.619342 0.001543 0.002058
3 0.634645 0.615741 0.002315 0.003086
3 0.300926 0.557613 0.007716 0.008230
3 0.731096 0.527778 0.002315 0.002058
3 0.734568 0.520576 0.003086 0.002058
3 0.526235 0.486111 0.001543 0.003086
3 0.648148 0.474280 0.003086 0.004115
3 0.734182 0.431070 0.003858 0.006173
3 0.623457 0.326132 0.004630 0.006173
3 0.683642 0.276749 0.001543 0.002058
3 0.430170 0.263374 0.000772 0.002058
3 0.432099 0.255144 0.001543 0.002058
3 0.437500 0.236111 0.004630 0.007202
3 0.401620 0.236111 0.005401 0.007202
3 0.364969 0.237140 0.003086 0.009259
3 0.439815 0.229424 0.004630 0.004115
3 0.474537 0.186214 0.004630 0.006173
3 0.512731 0.178498 0.010031 0.013374
3 0.529707 0.169239 0.003858 0.003086
3 0.525463 0.151749 0.003086 0.005144
3 0.518133 0.145576 0.005401 0.003086
3 0.480710 0.146091 0.003086 0.004115
3 0.438657 0.134259 0.002315 0.003086
3 0.676698 0.110082 0.004630 0.006173
3 0.582176 0.085391 0.002315 0.002058
3 0.580633 0.078189 0.002315 0.006173
3 0.574074 0.067387 0.001543 0.001029