0 0.790580 0.769899 0.001449 0.001447
0 0.751087 0.748191 0.002174 0.001447
0 0.810870 0.725036 0.001449 0.001447
0 0.782609 0.743126 0.065217 0.047757
0 0.784420 0.753618 0.003623 0.003618
0 0.515217 0.613603 0.002899 0.002894
0 0.523913 0.612518 0.002899 0.002171
0 0.512319 0.606729 0.007246 0.006512
0 0.477174 0.608538 0.022464 0.026049
0 0.461232 0.594428 0.010870 0.009407
0 0.265217 0.584660 0.008696 0.005789
0 0.673551 0.578148 0.002174 0.002894
0 0.506522 0.581042 0.005797 0.008683
0 0.493841 0.577786 0.006522 0.007959
0 0.648913 0.571997 0.010870 0.018090
0 0.542029 0.567656 0.010145 0.009407
0 0.682246 0.554993 0.002174 0.002894
0 0.530072 0.552098 0.009420 0.008683
0 0.430072 0.556802 0.021014 0.022431
0 0.434058 0.551737 0.002899 0.002171
0 0.507609 0.546310 0.015217 0.014472
0 0.665580 0.557887 0.015217 0.040521
0 0.704348 0.538712 0.008696 0.007959
0 0.451449 0.543415 0.017391 0.020260
0 0.542029 0.524240 0.005797 0.003618
0 0.487319 0.542692 0.032609 0.046310
0 0.676812 0.520622 0.005797 0.005065
0 0.442754 0.520260 0.002899 0.004342
0 0.956159 0.519899 0.003623 0.005065
0 0.463768 0.510854 0.005797 0.005789
0 0.674275 0.498553 0.018116 0.014472
0 0.661232 0.484805 0.019565 0.010130
0 0.332609 0.479016 0.002899 0.002894
0 0.298551 0.476122 0.011594 0.018813
0 0.292029 0.465268 0.001449 0.004342
0 0.653986 0.472142 0.028261 0.023878
0 0.651449 0.466715 0.002899 0.002894
0 0.649638 0.464182 0.003623 0.002171
0 0.544565 0.464906 0.009420 0.009407
0 0.300725 0.462373 0.004348 0.004342
0 0.285507 0.460564 0.008696 0.010854
0 0.590942 0.452967 0.003623 0.004342
0 0.528261 0.459479 0.017391 0.030391
0 0.885870 0.454052 0.021014 0.026773
0 0.567754 0.454052 0.018116 0.029667
0 0.334058 0.441389 0.027536 0.023155
0 0.320652 0.413531 0.005072 0.006512
0 0.842754 0.395803 0.018841 0.011577
0 0.652899 0.373734 0.013043 0.010854
0 0.365580 0.376266 0.010870 0.015919
0 0.615217 0.370478 0.013043 0.011577
0 0.630797 0.363965 0.018116 0.013025
0 0.379710 0.367945 0.027536 0.032562
0 0.378261 0.368307 0.002899 0.002894
0 0.331522 0.353473 0.010870 0.015195
0 0.423913 0.346599 0.001449 0.002894
0 0.734420 0.339001 0.002174 0.003618
0 0.620652 0.338640 0.006522 0.004342
0 0.603623 0.350941 0.027536 0.030391
0 0.585507 0.336107 0.002899 0.002171
0 0.610507 0.334660 0.003623 0.005065
0 0.501449 0.329233 0.001449 0.001447
0 0.721739 0.329595 0.004348 0.005065
0 0.507971 0.326339 0.005797 0.001447
0 0.472826 0.326339 0.002174 0.001447
0 0.469203 0.327424 0.002174 0.003618
0 0.456522 0.341534 0.020290 0.031838
0 0.511232 0.328509 0.006522 0.008683
0 0.599638 0.327786 0.009420 0.008683
0 0.568841 0.329957 0.013043 0.013025
0 0.500725 0.324530 0.002899 0.002171
0 0.489855 0.324168 0.002899 0.002894
0 0.481884 0.326339 0.008696 0.007236
0 0.503986 0.321635 0.002174 0.002171
0 0.496377 0.320550 0.005797 0.004342
0 0.527536 0.319465 0.005797 0.003618
0 0.482609 0.317656 0.008696 0.005789
0 0.829348 0.339363 0.034058 0.057887
0 0.835870 0.331404 0.015217 0.013025
0 0.833696 0.297033 0.003623 0.003618
0 0.808696 0.294863 0.004348 0.007959
0 0.545290 0.288350 0.005072 0.003618
0 0.533696 0.289436 0.005072 0.005789
0 0.809783 0.284370 0.002174 0.001447
0 0.836232 0.283285 0.005797 0.013748
0 0.842754 0.265919 0.001449 0.002171
0 0.817754 0.285818 0.025362 0.065123
0 0.809058 0.273155 0.002174 0.002171
0 0.838768 0.253618 0.002174 0.002171
0 0.847464 0.213459 0.002174 0.002894
0 0.844203 0.223951 0.034783 0.041245
0 0.842391 0.233357 0.002174 0.002171
1 0.545290 0.928726 0.028261 0.020984
1 0.550362 0.924385 0.002174 0.002171
1 0.725362 0.875181 0.257971 0.080318
1 0.742754 0.824530 0.031884 0.029667
1 0.810870 0.814399 0.042029 0.039797
1 0.449638 0.781838 0.015217 0.016643
1 0.419565 0.765195 0.020290 0.013748
1 0.860145 0.792330 0.033333 0.073806
1 0.740580 0.763025 0.026087 0.019537
1 0.496014 0.733719 0.041304 0.021708
1 0.543841 0.723589 0.023913 0.013025
1 0.550362 0.726483 0.002174 0.002894
1 0.876449 0.729378 0.015217 0.053546
1 0.606522 0.495297 0.089855 0.028220
1 0.591667 0.493488 0.003623 0.002894
1 0.263406 0.454052 0.019565 0.015195
1 0.273188 0.422214 0.014493 0.018090
1 0.966304 0.422214 0.041304 0.032562
1 0.942754 0.391100 0.014493 0.015195
1 0.957609 0.402315 0.044203 0.039074
1 0.351087 0.391100 0.015217 0.016643
1 0.352899 0.394718 0.002899 0.003618
1 0.922101 0.393632 0.025362 0.034732
1 0.485870 0.374819 0.023913 0.014472
1 0.480435 0.376990 0.002899 0.002894
1 0.900725 0.391462 0.030435 0.075253
1 0.488406 0.270260 0.055072 0.020984
1 0.467754 0.274964 0.003623 0.004342
1 0.915942 0.287265 0.044928 0.056440
2 0.646739 0.940666 0.034058 0.039074
2 0.640942 0.951520 0.002174 0.004342
2 0.654348 0.936686 0.005797 0.005065
2 0.691667 0.823444 0.064493 0.049204
2 0.697826 0.821635 0.002899 0.003618
2 0.835507 0.812952 0.031884 0.048480
2 0.822101 0.799204 0.003623 0.003618
2 0.928986 0.727207 0.027536 0.027496
2 0.991304 0.515557 0.001449 0.002171
2 0.998188 0.507598 0.002174 0.002171
2 0.998188 0.502894 0.002174 0.004342
2 0.976087 0.502894 0.036232 0.023155
2 0.422464 0.495297 0.137681 0.139653
2 0.947826 0.370478 0.024638 0.030391
2 0.409058 0.359262 0.019565 0.036903
2 0.934420 0.341534 0.003623 0.002894
2 0.919928 0.346961 0.012319 0.016643
2 0.921739 0.345876 0.002899 0.002894
2 0.941304 0.330680 0.004348 0.002894
2 0.944928 0.327424 0.002899 0.002171
2 0.930435 0.333575 0.011594 0.018813
2 0.943478 0.322721 0.002899 0.002894
2 0.939130 0.322359 0.001449 0.002171
2 0.956522 0.319465 0.007246 0.006512
2 0.444203 0.273878 0.027536 0.025326
2 0.427899 0.224674 0.035507 0.025326
2 0.779348 0.168596 0.002174 0.002894
2 0.841304 0.163531 0.008696 0.010130
2 0.754348 0.145080 0.001449 0.002171
2 0.831884 0.147974 0.010145 0.013748
2 0.786957 0.141823 0.002899 0.002894
2 0.832246 0.137120 0.002174 0.002171
2 0.826449 0.139291 0.005072 0.009407
2 0.761957 0.153763 0.039855 0.060058
2 0.767391 0.181621 0.004348 0.004342
2 0.773913 0.120839 0.001449 0.001447
2 0.774275 0.112880 0.003623 0.005789
2 0.518478 0.132779 0.026812 0.049928
2 0.522464 0.103473 0.001449 0.001447
2 0.509420 0.103473 0.013043 0.014472
2 0.521014 0.093343 0.001449 0.001447
2 0.516667 0.090810 0.005797 0.005065
3 0.734783 0.817294 0.008696 0.010854
3 0.513406 0.811867 0.006522 0.005789
3 0.738043 0.801013 0.012319 0.011577
3 0.620290 0.687048 0.008696 0.006512
3 0.578261 0.681621 0.004348 0.002894
3 0.620652 0.551375 0.005072 0.005789
3 0.604710 0.548842 0.002174 0.002171
3 0.509058 0.446093 0.002174 0.002171
3 0.540580 0.417511 0.004348 0.004342
3 0.968841 0.353111 0.005797 0.007236