0 0.665283 0.110026 0.006348 0.009115
0 0.670654 0.105794 0.005371 0.008464
0 0.669922 0.093099 0.003906 0.006510
1 0.613525 0.728841 0.008301 0.014974
1 0.620361 0.722331 0.005371 0.004557
1 0.336182 0.681966 0.005371 0.009766
1 0.803467 0.610677 0.008301 0.015625
1 0.804932 0.612956 0.002441 0.003255
1 0.358643 0.591797 0.011230 0.016927
1 0.647217 0.365885 0.019043 0.019531
1 0.716309 0.348633 0.011719 0.009766
1 0.679932 0.344401 0.003418 0.006510
1 0.449219 0.332357 0.006836 0.007161
1 0.461914 0.330729 0.006836 0.006510
1 0.607666 0.186849 0.003418 0.002604
1 0.601074 0.187826 0.007813 0.004557
1 0.576172 0.182617 0.024414 0.014974
1 0.604004 0.177734 0.017578 0.010417
1 0.599854 0.168945 0.007324 0.005859
1 0.586914 0.167969 0.013672 0.009115
1 0.430664 0.164714 0.008789 0.010417
1 0.611328 0.162109 0.009766 0.006510
1 0.583984 0.160156 0.002930 0.006510
1 0.597168 0.158854 0.007813 0.006510
1 0.597656 0.157227 0.001953 0.001953
1 0.445068 0.161458 0.011230 0.027344
1 0.423096 0.154622 0.007324 0.021484
1 0.317627 0.139974 0.003418 0.005208
1 0.332031 0.110677 0.003906 0.005208
1 0.346924 0.108398 0.006348 0.011068
2 0.671387 0.211914 0.018555 0.027995
2 0.577881 0.175130 0.020996 0.010417
2 0.407959 0.139323 0.026855 0.065104
3 0.239990 0.805339 0.003418 0.002604
3 0.236084 0.799805 0.001465 0.004557
3 0.208740 0.703776 0.003418 0.006510
3 0.791504 0.655273 0.005859 0.008464
3 0.213623 0.630859 0.006348 0.005208
3 0.276855 0.617839 0.002930 0.003906
3 0.814697 0.593099 0.004395 0.005208
3 0.382568 0.400716 0.007324 0.005859
3 0.395264 0.394531 0.003418 0.006510
3 0.438721 0.337565 0.005371 0.005859
3 0.496826 0.324870 0.003418 0.002604
3 0.432861 0.297526 0.002441 0.003906
3 0.755615 0.262044 0.003418 0.003255
3 0.699951 0.189128 0.001465 0.001953
3 0.614502 0.191732 0.006348 0.007161
3 0.710449 0.159180 0.002930 0.003255