0 0.578369 0.385417 0.003418 0.005208
0 0.591797 0.369466 0.001953 0.003255
0 0.553223 0.374349 0.013672 0.019531
0 0.594727 0.359375 0.004883 0.009115
0 0.579102 0.324219 0.001953 0.002604
0 0.586670 0.316081 0.003418 0.004557
0 0.313965 0.310221 0.008789 0.012370
0 0.211426 0.231445 0.004883 0.007161
0 0.584473 0.226237 0.006836 0.009766
1 0.331543 0.833008 0.007813 0.008464
1 0.370850 0.834635 0.038574 0.020833
1 0.336426 0.826497 0.008789 0.004557
1 0.317139 0.825846 0.015137 0.008464
1 0.316650 0.786133 0.008301 0.007161
1 0.747314 0.717122 0.008301 0.039714
1 0.167480 0.578776 0.010742 0.014323
1 0.164795 0.583333 0.002441 0.002604
1 0.168701 0.576497 0.002441 0.003255
1 0.166748 0.574870 0.002441 0.002604
1 0.151123 0.542643 0.007324 0.005859
1 0.215332 0.509115 0.007813 0.013021
1 0.186523 0.391276 0.006836 0.006510
1 0.307129 0.260742 0.011719 0.012370
1 0.472656 0.244466 0.004883 0.011068
1 0.532715 0.111979 0.013672 0.023438
3 0.460205 0.959961 0.006348 0.008464
3 0.311279 0.800781 0.002441 0.002604
3 0.445313 0.768229 0.004883 0.005208
3 0.459229 0.751302 0.002441 0.002604
3 0.759277 0.702799 0.002930 0.003255
3 0.277344 0.655924 0.000977 0.001953
3 0.459717 0.639323 0.003418 0.006510
3 0.528809 0.527995 0.001953 0.003906
3 0.206543 0.270182 0.004883 0.007813
3 0.290283 0.258789 0.003418 0.004557
3 0.330566 0.165690 0.005859 0.008464