0 0.659180 0.629557 0.002930 0.003906
0 0.638916 0.509440 0.008301 0.014974
1 0.696533 0.500000 0.006348 0.011719
1 0.850830 0.495117 0.006348 0.011068
1 0.598633 0.494466 0.008789 0.014974
1 0.830566 0.483398 0.010742 0.004557
1 0.534180 0.480143 0.008789 0.011068
1 0.830566 0.470052 0.005859 0.003906
1 0.514893 0.465820 0.004395 0.008464
1 0.796143 0.451497 0.010254 0.009766
1 0.612305 0.442383 0.005859 0.008464
1 0.707275 0.438477 0.012207 0.014974
1 0.666260 0.446615 0.018066 0.035156
1 0.839111 0.431966 0.006348 0.008464
1 0.700195 0.420247 0.005859 0.012370
1 0.719727 0.412109 0.004883 0.007813
1 0.502441 0.403646 0.003906 0.003906
1 0.788330 0.405599 0.013184 0.011719
1 0.510254 0.395182 0.004883 0.003906
1 0.402588 0.296875 0.006348 0.006510
3 0.523193 0.902669 0.003418 0.001953
3 0.474854 0.786784 0.001465 0.001953
3 0.584473 0.586914 0.004883 0.005859
3 0.693848 0.511068 0.000977 0.001302
3 0.513916 0.443359 0.002441 0.002604
3 0.540527 0.410482 0.005859 0.008464
3 0.424072 0.363607 0.001465 0.001953
3 0.698975 0.347656 0.003418 0.005208
3 0.811035 0.342122 0.001953 0.003255
3 0.604248 0.301107 0.002441 0.001953
3 0.613281 0.300130 0.001953 0.003906