0 0.228299 0.705729 0.001736 0.001736
0 0.254991 0.707755 0.006510 0.006944
0 0.233724 0.707755 0.007378 0.012731
0 0.228082 0.701678 0.001302 0.001736
0 0.218533 0.704861 0.020399 0.030093
0 0.256944 0.689525 0.006076 0.006366
0 0.238932 0.692998 0.009983 0.013310
0 0.162977 0.685764 0.004774 0.004630
0 0.266059 0.683738 0.006944 0.006366
0 0.248264 0.678819 0.008681 0.012731
0 0.193142 0.672454 0.006076 0.005787
0 0.239583 0.673322 0.010417 0.008681
0 0.265842 0.663484 0.003038 0.002894
0 0.259549 0.670718 0.009549 0.017361
0 0.593533 0.659433 0.002170 0.002894
0 0.177951 0.666956 0.023438 0.021412
0 0.180773 0.668403 0.002170 0.002315
0 0.181424 0.657697 0.004340 0.005208
0 0.594184 0.652778 0.007813 0.012731
0 0.586589 0.646991 0.005642 0.006944
0 0.232639 0.563657 0.003472 0.004630
0 0.153863 0.463252 0.003038 0.002894
0 0.465278 0.466725 0.036458 0.045718
0 0.491536 0.440683 0.014323 0.014468
0 0.505859 0.435185 0.006510 0.011574
0 0.492188 0.426794 0.008681 0.009838
0 0.490668 0.421007 0.001302 0.001736
0 0.524523 0.420428 0.002170 0.002894
0 0.504340 0.422454 0.005208 0.006944
0 0.514757 0.421586 0.008681 0.008681
0 0.496962 0.415509 0.003472 0.001157
0 0.508898 0.411458 0.003038 0.005787
0 0.496094 0.409722 0.003472 0.004630
0 0.490451 0.409144 0.006944 0.005787
0 0.503038 0.404803 0.002604 0.002894
0 0.478733 0.421875 0.013889 0.040509
0 0.496528 0.398727 0.002604 0.002315
0 0.457248 0.397569 0.001302 0.002315
0 0.482856 0.392072 0.003038 0.004051
0 0.518446 0.389468 0.001302 0.001157
0 0.522352 0.400463 0.022135 0.028935
0 0.535807 0.384549 0.003038 0.002894
0 0.528429 0.381076 0.001302 0.004051
0 0.508464 0.377894 0.010851 0.012731
0 0.540148 0.372396 0.005642 0.007523
0 0.506510 0.368345 0.003472 0.002894
0 0.535807 0.367766 0.003038 0.004051
0 0.522569 0.356192 0.004340 0.004051
0 0.514540 0.361979 0.015191 0.021412
0 0.521267 0.348380 0.001736 0.003472
1 0.351997 0.860532 0.008681 0.005787
1 0.172526 0.637731 0.015191 0.009259
1 0.187283 0.587963 0.003038 0.010417
1 0.167752 0.574363 0.009983 0.012153
1 0.541884 0.068866 0.006510 0.006944
1 0.621528 0.049769 0.027778 0.035880
3 0.155816 0.609086 0.000868 0.002894
3 0.161458 0.598090 0.003472 0.004051
3 0.158637 0.595775 0.003906 0.002894
3 0.518229 0.452257 0.004340 0.005208
3 0.182075 0.450810 0.003038 0.005787
3 0.176432 0.449363 0.003038 0.005208
3 0.215495 0.273148 0.003038 0.004630