0 0.528963 0.961290 0.005488 0.022581
0 0.542683 0.960081 0.009756 0.021774
0 0.580183 0.936290 0.014024 0.019355
0 0.652744 0.925806 0.004268 0.003226
0 0.555183 0.921371 0.012805 0.016935
0 0.653963 0.914113 0.015244 0.008871
0 0.587805 0.915323 0.025610 0.020968
0 0.582927 0.909274 0.003049 0.003226
0 0.678354 0.906048 0.009146 0.012097
0 0.529573 0.910484 0.014024 0.037097
0 0.618902 0.889113 0.019512 0.021774
0 0.534451 0.883871 0.062805 0.051613
0 0.592988 0.859274 0.004268 0.005645
0 0.494512 0.856452 0.009756 0.014516
0 0.559756 0.881452 0.097561 0.067742
0 0.597256 0.843952 0.043293 0.023387
0 0.692073 0.827016 0.001220 0.000806
0 0.710671 0.798790 0.010366 0.015323
0 0.728659 0.781855 0.002439 0.004032
0 0.664939 0.778226 0.010366 0.019355
0 0.662805 0.775806 0.001829 0.002419
0 0.721646 0.753226 0.006707 0.008065
0 0.683841 0.762903 0.010366 0.029032
0 0.735366 0.730645 0.002439 0.003226
0 0.700000 0.735484 0.004878 0.012903
0 0.726829 0.726613 0.010976 0.019355
0 0.705183 0.745968 0.026220 0.066129
0 0.712195 0.707661 0.003659 0.005645
0 0.729268 0.704839 0.001220 0.001613
0 0.729268 0.700000 0.001220 0.001613
0 0.723780 0.696774 0.008537 0.008065
0 0.739939 0.706048 0.022561 0.029839
0 0.748476 0.689113 0.000610 0.002419
0 0.739634 0.685484 0.002439 0.003226
0 0.737500 0.682661 0.000610 0.000806
0 0.746341 0.680242 0.003659 0.004032
0 0.667683 0.710887 0.070732 0.107258
0 0.655183 0.752823 0.001220 0.001613
0 0.644207 0.739919 0.002439 0.003226
0 0.652134 0.731855 0.001220 0.001613
0 0.672256 0.725806 0.002439 0.002419
0 0.693598 0.704839 0.002439 0.005645
0 0.692073 0.701210 0.001829 0.001613
0 0.691463 0.698387 0.001829 0.002419
0 0.682012 0.685484 0.007317 0.010484
0 0.666768 0.674194 0.007317 0.007258
0 0.659756 0.656452 0.002439 0.004839
0 0.650610 0.645968 0.010976 0.012903
0 0.625305 0.625806 0.001829 0.003226
0 0.620732 0.625000 0.002439 0.004839
0 0.672866 0.617339 0.003049 0.004032
0 0.692073 0.630645 0.034146 0.046774
0 0.688415 0.626613 0.003049 0.004032
0 0.671646 0.608065 0.005488 0.004839
0 0.559451 0.608871 0.005488 0.006452
0 0.540549 0.610887 0.004268 0.012097
0 0.636280 0.606452 0.004268 0.004839
0 0.632622 0.600806 0.003049 0.004839
0 0.625000 0.604032 0.006098 0.011290
0 0.748476 0.607258 0.026220 0.051613
0 0.539024 0.589516 0.014634 0.020968
0 0.514634 0.582258 0.007317 0.009677
0 0.769817 0.577823 0.003049 0.002419
0 0.587805 0.581452 0.008537 0.011290
0 0.806098 0.573387 0.002439 0.001613
0 0.808841 0.566935 0.004268 0.003226
0 0.776829 0.564516 0.003659 0.003226
0 0.662805 0.576210 0.013415 0.031452
0 0.476524 0.560887 0.004268 0.005645
0 0.814939 0.559274 0.014024 0.007258
0 0.785671 0.560484 0.005488 0.009677
0 0.495122 0.557661 0.007317 0.007258
0 0.602744 0.565726 0.016463 0.025000
0 0.528963 0.562500 0.016463 0.020161
0 0.512805 0.560484 0.012195 0.030645
0 0.784451 0.545565 0.003049 0.004032
0 0.676524 0.565726 0.014024 0.045968
0 0.790549 0.538306 0.001829 0.002419
0 0.661280 0.542742 0.011585 0.014516
0 0.693293 0.547984 0.015854 0.034677
0 0.775915 0.529839 0.001829 0.001613
0 0.303659 0.560484 0.031707 0.072581
0 0.730488 0.552823 0.052439 0.060484
0 0.634451 0.522177 0.000610 0.000806
0 0.601524 0.535081 0.020122 0.026613
0 0.792073 0.528226 0.017073 0.014516
0 0.633841 0.520565 0.000610 0.000806
0 0.501829 0.525806 0.009756 0.014516
0 0.591159 0.520565 0.004268 0.007258
0 0.481707 0.521371 0.007317 0.008871
0 0.641159 0.520565 0.012805 0.020161
0 0.806707 0.505242 0.003659 0.002419
0 0.760366 0.504839 0.006098 0.008065
0 0.526524 0.498790 0.003049 0.004032
0 0.740854 0.502419 0.007317 0.016129
0 0.317683 0.501210 0.009756 0.015323
0 0.545122 0.546774 0.102439 0.111290
0 0.574390 0.574194 0.001829 0.002419
0 0.579878 0.567339 0.003049 0.003226
0 0.578049 0.565323 0.001829 0.002419
0 0.577134 0.564113 0.001220 0.001613
0 0.557012 0.565726 0.002439 0.004839
0 0.576524 0.563306 0.001220 0.001613
0 0.551220 0.559274 0.001829 0.003226
0 0.554573 0.558468 0.002439 0.003226
0 0.548171 0.556855 0.001829 0.001613
0 0.564634 0.554839 0.018902 0.026613
0 0.558537 0.541532 0.001829 0.001613
0 0.557622 0.540726 0.001220 0.001613
0 0.555488 0.537903 0.004268 0.005645
0 0.553354 0.535081 0.001220 0.001613
0 0.535976 0.534274 0.003049 0.004839
0 0.550610 0.531048 0.003049 0.003226
0 0.548780 0.528629 0.001829 0.003226
0 0.547866 0.527016 0.001220 0.001613
0 0.535671 0.527419 0.003659 0.004032
0 0.751829 0.495968 0.006098 0.011290
0 0.789329 0.490323 0.001829 0.001613
0 0.767988 0.493145 0.003049 0.007258
0 0.510976 0.491532 0.003659 0.004032
0 0.519512 0.489516 0.002439 0.001613
0 0.481707 0.491532 0.008537 0.010484
0 0.796341 0.485887 0.003659 0.004032
0 0.319207 0.484677 0.004268 0.009677
0 0.777744 0.482661 0.004268 0.007258
0 0.785366 0.478226 0.004878 0.006452
0 0.578659 0.494355 0.021951 0.038710
0 0.770122 0.476210 0.003659 0.007258
0 0.854878 0.470565 0.003659 0.004032
0 0.792073 0.473790 0.006098 0.013710
0 0.542378 0.469758 0.007927 0.010484
0 0.758232 0.471774 0.011585 0.017742
0 0.511280 0.463710 0.001829 0.003226
0 0.848171 0.461290 0.004878 0.003226
0 0.530488 0.467339 0.008537 0.015323
0 0.796037 0.459274 0.001829 0.002419
0 0.661585 0.498387 0.040244 0.087097
0 0.741463 0.466532 0.019512 0.028226
0 0.523476 0.458468 0.004268 0.012097
0 0.800610 0.453629 0.003659 0.007258
0 0.774695 0.452419 0.010366 0.004839
0 0.510366 0.446371 0.001220 0.002419
0 0.759146 0.449194 0.007317 0.009677
0 0.800915 0.445968 0.004268 0.004839
0 0.724085 0.450000 0.009146 0.019355
0 0.808537 0.441935 0.004878 0.004839
0 0.803659 0.439919 0.002439 0.004032
0 0.626524 0.436694 0.000610 0.000806
0 0.740854 0.442742 0.014634 0.017742
0 0.715244 0.461694 0.052439 0.057258
0 0.689024 0.489113 0.086585 0.112097
0 0.718293 0.525000 0.003049 0.002419
0 0.716463 0.522984 0.001829 0.003226
0 0.714024 0.521371 0.001829 0.001613
0 0.688720 0.493145 0.015854 0.025806
0 0.674390 0.464516 0.017683 0.029839
0 0.739024 0.432661 0.001220 0.000806
0 0.504573 0.435887 0.004268 0.007258
0 0.620732 0.487097 0.043902 0.112903
0 0.757927 0.433871 0.013415 0.009677
0 0.805488 0.425806 0.009756 0.004839
0 0.714634 0.426613 0.004878 0.009677
0 0.743293 0.423387 0.008537 0.009677
0 0.498476 0.422581 0.004268 0.009677
0 0.314634 0.447177 0.021951 0.062097
0 0.573171 0.458468 0.069512 0.086290
0 0.578963 0.454435 0.001220 0.001613
0 0.579573 0.453226 0.001220 0.002419
0 0.580793 0.447984 0.001220 0.001613
0 0.581402 0.447177 0.001220 0.001613
0 0.723780 0.422177 0.008537 0.018548
0 0.703963 0.423790 0.012805 0.021774
0 0.771341 0.417339 0.017073 0.010484
0 0.785366 0.437903 0.012195 0.061290
0 0.668598 0.420161 0.037195 0.033871
0 0.633841 0.412097 0.011585 0.017742
0 0.715854 0.407661 0.007317 0.010484
0 0.745732 0.406855 0.010976 0.018548
0 0.709451 0.399194 0.009146 0.006452
0 0.726220 0.400806 0.010976 0.014516
0 0.683841 0.399194 0.003049 0.011290
0 0.765549 0.399194 0.004268 0.012903
0 0.707927 0.393548 0.001220 0.001613
0 0.693902 0.406855 0.013415 0.029839
0 0.776829 0.399597 0.007317 0.016935
0 0.645427 0.400403 0.020122 0.031452
0 0.799390 0.383871 0.002439 0.003226
0 0.718902 0.385887 0.009756 0.016935
0 0.752439 0.381048 0.018293 0.010484
0 0.645732 0.381855 0.015854 0.012097
0 0.810976 0.375000 0.002439 0.001613
0 0.689939 0.377419 0.005488 0.011290
0 0.700000 0.375403 0.004878 0.015323
0 0.763415 0.368145 0.002439 0.002419
0 0.772256 0.373387 0.014024 0.017742
0 0.675000 0.362500 0.003659 0.007258
0 0.640549 0.364516 0.010366 0.011290
0 0.753963 0.362500 0.010366 0.013710
0 0.699695 0.359677 0.004268 0.008065
0 0.731098 0.359677 0.012195 0.012903
0 0.661890 0.374194 0.023780 0.041935
0 0.651524 0.362903 0.001220 0.002419
0 0.714024 0.361290 0.015854 0.019355
0 0.484451 0.351210 0.009146 0.005645
0 0.669512 0.351210 0.008537 0.008871
0 0.689024 0.356452 0.015854 0.020968
0 0.479268 0.346371 0.001220 0.002419
0 0.559756 0.379435 0.037805 0.071774
0 0.703049 0.342742 0.010976 0.008065
0 0.718902 0.339516 0.006098 0.012903
0 0.680488 0.339919 0.004878 0.013710
0 0.549390 0.352823 0.021951 0.047581
0 0.728963 0.331452 0.006707 0.006452
0 0.664939 0.338306 0.011585 0.021774
0 0.678049 0.328226 0.009756 0.008065
0 0.502439 0.337500 0.024390 0.026613
0 0.704573 0.327419 0.003049 0.008065
0 0.596951 0.391532 0.075610 0.136290
0 0.598780 0.375403 0.014024 0.070968
0 0.428354 0.326210 0.011585 0.013710
0 0.544817 0.325000 0.009146 0.012903
0 0.440244 0.322177 0.004878 0.007258
0 0.438110 0.385081 0.218902 0.134677
0 0.515549 0.414919 0.021951 0.048387
0 0.480793 0.381048 0.002439 0.003226
0 0.486280 0.378629 0.002439 0.004839
0 0.343902 0.377823 0.001829 0.004839
0 0.477439 0.372581 0.001829 0.002419
0 0.498171 0.372581 0.003049 0.004032
0 0.507317 0.371371 0.003049 0.003226
0 0.448171 0.372177 0.004268 0.006452
0 0.512805 0.375806 0.001829 0.018548
0 0.510061 0.366129 0.001220 0.002419
0 0.504573 0.367742 0.003659 0.005645
0 0.513720 0.358065 0.001220 0.002419
0 0.494207 0.360081 0.007317 0.008065
0 0.401524 0.355242 0.002439 0.003226
0 0.427744 0.354839 0.006098 0.005645
0 0.442073 0.351613 0.001829 0.004032
0 0.470122 0.344355 0.001829 0.004032
0 0.474085 0.339919 0.001220 0.001613
0 0.468598 0.337097 0.001220 0.002419
0 0.477439 0.333065 0.004268 0.010484
0 0.478963 0.327823 0.001220 0.001613
0 0.696646 0.319355 0.004268 0.008065
0 0.664634 0.318548 0.006098 0.009677
0 0.567073 0.335887 0.023171 0.047581
0 0.441463 0.312097 0.001220 0.001613
0 0.721037 0.314516 0.003049 0.008065
0 0.525610 0.316935 0.023171 0.012903
0 0.594207 0.319355 0.021341 0.019355
0 0.457317 0.311290 0.002439 0.003226
0 0.446646 0.313710 0.006707 0.009677
0 0.432012 0.312903 0.006707 0.008065
0 0.543293 0.306855 0.004878 0.005645
0 0.498476 0.316532 0.029878 0.026613
0 0.479268 0.309677 0.007317 0.016129
0 0.470732 0.304032 0.002439 0.004839
0 0.558537 0.303226 0.010976 0.008065
0 0.489329 0.301210 0.006707 0.007258
0 0.448780 0.303226 0.006098 0.011290
0 0.607012 0.302823 0.021341 0.015323
0 0.633232 0.333065 0.044512 0.079032
0 0.665854 0.300806 0.008537 0.017742
0 0.600610 0.291129 0.010976 0.009677
0 0.658841 0.283468 0.009146 0.008871
0 0.616463 0.282661 0.020732 0.020161
0 0.584756 0.280242 0.017073 0.037903
1 0.419512 0.941935 0.020732 0.025806
1 0.695732 0.868145 0.004878 0.007258
1 0.720732 0.859274 0.006098 0.010484
1 0.656098 0.831452 0.017073 0.012903
1 0.766159 0.795161 0.004268 0.008065
1 0.471037 0.783871 0.027439 0.009677
1 0.763415 0.769758 0.008537 0.005645
1 0.752744 0.770968 0.014024 0.017742
1 0.455488 0.768548 0.014634 0.016129
1 0.329268 0.772984 0.050000 0.045968
1 0.322256 0.792742 0.001220 0.002419
1 0.319207 0.777823 0.001220 0.001613
1 0.364939 0.794355 0.029878 0.093548
1 0.360976 0.835081 0.005488 0.004839
1 0.357622 0.830242 0.001220 0.001613
1 0.367988 0.816532 0.001220 0.003226
1 0.368293 0.812500 0.001829 0.003226
1 0.564634 0.758065 0.014634 0.022581
1 0.782927 0.736694 0.024390 0.025000
1 0.780183 0.738306 0.001220 0.001613
1 0.531098 0.753629 0.048780 0.058871
1 0.542988 0.731855 0.002439 0.001613
1 0.353659 0.724597 0.015854 0.020161
1 0.484756 0.720565 0.006098 0.013710
1 0.470732 0.718548 0.009756 0.009677
1 0.469512 0.718145 0.001829 0.001613
1 0.721341 0.712097 0.008537 0.011290
1 0.800915 0.718548 0.010366 0.030645
1 0.789329 0.708468 0.009146 0.015323
1 0.757317 0.699194 0.002439 0.004839
1 0.641768 0.714516 0.039634 0.046774
1 0.633537 0.722581 0.003049 0.002419
1 0.184146 0.695968 0.008537 0.011290
1 0.813110 0.682258 0.006707 0.011290
1 0.814939 0.683871 0.001220 0.002419
1 0.269817 0.676613 0.001829 0.001613
1 0.183232 0.686694 0.014024 0.021774
1 0.274085 0.673387 0.000610 0.001613
1 0.285061 0.681452 0.007927 0.019355
1 0.266768 0.672177 0.000610 0.000806
1 0.321037 0.681855 0.023780 0.023387
1 0.316768 0.683468 0.003659 0.004839
1 0.778963 0.672581 0.003049 0.006452
1 0.768598 0.683871 0.016463 0.029032
1 0.771646 0.677016 0.001220 0.001613
1 0.502439 0.670565 0.030488 0.013710
1 0.442683 0.667339 0.019512 0.010484
1 0.492378 0.662500 0.001829 0.002419
1 0.421951 0.670968 0.015854 0.019355
1 0.291768 0.661694 0.000610 0.000806
1 0.276220 0.663306 0.003659 0.007258
1 0.280183 0.661290 0.003049 0.006452
1 0.546341 0.672177 0.045122 0.036290
1 0.464329 0.658871 0.010366 0.014516
1 0.397256 0.656452 0.011585 0.009677
1 0.387500 0.651210 0.003049 0.000806
1 0.282927 0.655645 0.007317 0.012903
1 0.188415 0.656855 0.009756 0.016935
1 0.774085 0.650806 0.006707 0.009677
1 0.719512 0.652823 0.009756 0.015323
1 0.266768 0.644758 0.000610 0.000806
1 0.193293 0.645161 0.003659 0.006452
1 0.278659 0.642742 0.002439 0.003226
1 0.282622 0.641129 0.000610 0.001613
1 0.273476 0.642742 0.001829 0.004839
1 0.544207 0.647581 0.022561 0.019355
1 0.815549 0.653226 0.040854 0.038710
1 0.830793 0.651210 0.001220 0.001613
1 0.268902 0.633065 0.002439 0.003226
1 0.281402 0.631048 0.000610 0.000806
1 0.753659 0.643145 0.013415 0.026613
1 0.754573 0.645968 0.002439 0.002419
1 0.752744 0.643145 0.001220 0.003226
1 0.455488 0.639113 0.042683 0.018548
1 0.449695 0.641129 0.003659 0.004032
1 0.667073 0.633871 0.004878 0.009677
1 0.726220 0.627823 0.007317 0.005645
1 0.277744 0.627419 0.004268 0.004839
1 0.648476 0.629032 0.009146 0.009677
1 0.180488 0.621774 0.003659 0.008065
1 0.168598 0.618952 0.007927 0.007258
1 0.661585 0.620968 0.010976 0.012903
1 0.178659 0.616532 0.003659 0.004032
1 0.830183 0.614919 0.009146 0.010484
1 0.722256 0.612097 0.007927 0.009677
1 0.817683 0.618952 0.012195 0.028226
1 0.772256 0.604032 0.007927 0.008065
1 0.775915 0.595565 0.006707 0.005645
1 0.167683 0.596774 0.028049 0.035484
1 0.164939 0.589516 0.002439 0.004032
1 0.408841 0.581855 0.011585 0.010484
1 0.327134 0.581048 0.014024 0.015323
1 0.796646 0.585887 0.028659 0.028226
1 0.644817 0.575403 0.009146 0.007258
1 0.721037 0.577419 0.018902 0.019355
1 0.717378 0.581048 0.002439 0.003226
1 0.713415 0.565726 0.001220 0.002419
1 0.191463 0.572177 0.019512 0.029839
1 0.805183 0.556452 0.003049 0.004839
1 0.747256 0.563306 0.011585 0.021774
1 0.358232 0.559677 0.044512 0.024194
1 0.452439 0.546371 0.029268 0.013710
1 0.337805 0.539516 0.009756 0.008065
1 0.475305 0.545968 0.016463 0.030645
1 0.811890 0.529435 0.003049 0.004032
1 0.373476 0.531855 0.015244 0.010484
1 0.164329 0.534274 0.039634 0.028226
1 0.198780 0.521371 0.006098 0.008871
1 0.356707 0.515726 0.017073 0.012097
1 0.341159 0.513710 0.014024 0.009677
1 0.408841 0.522984 0.046951 0.037903
1 0.392988 0.536694 0.001220 0.001613
1 0.339939 0.504839 0.011585 0.011290
1 0.465549 0.503629 0.012805 0.021774
1 0.160061 0.496371 0.020122 0.021774
1 0.149695 0.487903 0.007927 0.006452
1 0.370732 0.460081 0.081707 0.078226
1 0.167988 0.368548 0.031098 0.022581
1 0.524390 0.303629 0.031707 0.012097
1 0.389634 0.119758 0.015854 0.026613
1 0.386585 0.120161 0.001829 0.002419
1 0.384451 0.116935 0.002439 0.002419
2 0.338110 0.854032 0.022561 0.022581
2 0.318293 0.816935 0.079268 0.062903
2 0.347256 0.832661 0.002439 0.001613
2 0.537500 0.787903 0.055488 0.046774
2 0.391768 0.800403 0.034756 0.071774
2 0.534756 0.759677 0.013415 0.017742
2 0.224695 0.761694 0.031098 0.039516
2 0.213720 0.771371 0.002439 0.003226
2 0.247561 0.740726 0.008537 0.015323
2 0.206707 0.740323 0.017073 0.053226
2 0.568598 0.728226 0.037195 0.050000
2 0.577134 0.731048 0.003659 0.003226
2 0.582012 0.721371 0.002439 0.001613
2 0.513110 0.720161 0.032317 0.046774
2 0.383537 0.482258 0.039024 0.085484