0 0.642909 0.567982 0.003655 0.004386
0 0.646930 0.558662 0.004386 0.005482
0 0.653509 0.555921 0.001462 0.002193
0 0.646564 0.549890 0.000731 0.001096
0 0.760234 0.450110 0.004386 0.007675
1 0.645102 0.547697 0.009503 0.016447
1 0.462719 0.229715 0.002924 0.003289
1 0.600877 0.171053 0.004386 0.004386
1 0.593202 0.144737 0.006579 0.010965
1 0.588816 0.128289 0.015351 0.010965
2 0.598684 0.649123 0.010234 0.019737
2 0.570541 0.415570 0.019737 0.039474
3 0.525585 0.738487 0.005848 0.005482
3 0.551170 0.699013 0.004386 0.005482
3 0.620249 0.616228 0.003655 0.004386
3 0.335526 0.602522 0.002924 0.007675
3 0.516082 0.583882 0.005848 0.007675
3 0.502558 0.549890 0.003655 0.005482
3 0.660819 0.544956 0.002924 0.004386
3 0.630117 0.517544 0.001462 0.002193
3 0.596857 0.497807 0.000731 0.002193
3 0.604532 0.497259 0.002924 0.003289
3 0.275585 0.450658 0.001462 0.002193
3 0.561404 0.446820 0.004386 0.005482
3 0.310673 0.377741 0.002924 0.005482
3 0.435307 0.370066 0.005117 0.007675
3 0.285088 0.353070 0.001462 0.004386
3 0.367325 0.291667 0.000731 0.002193
3 0.730629 0.291667 0.002193 0.004386
3 0.338085 0.281250 0.000731 0.003289
3 0.365497 0.274123 0.001462 0.002193
3 0.358918 0.260965 0.002924 0.006579
3 0.332602 0.242325 0.002924 0.004386
3 0.319810 0.239583 0.000731 0.003289
3 0.605629 0.139803 0.003655 0.003289