0 0.461806 0.804527 0.002315 0.002058
0 0.533179 0.798354 0.004630 0.006173
0 0.543210 0.797325 0.006173 0.006173
0 0.462577 0.795782 0.003858 0.005144
0 0.530478 0.787551 0.003858 0.003086
0 0.507716 0.782407 0.003086 0.005144
0 0.532022 0.779321 0.005401 0.009259
0 0.513889 0.775720 0.007716 0.014403
0 0.526620 0.769033 0.003858 0.005144
0 0.503086 0.769033 0.010802 0.007202
0 0.491512 0.750514 0.003086 0.005144
0 0.476852 0.750514 0.016975 0.013374
0 0.472222 0.733539 0.004630 0.004115
0 0.491898 0.729938 0.002315 0.003086
0 0.483025 0.728909 0.003086 0.003086
0 0.307485 0.729938 0.003858 0.005144
0 0.304398 0.715535 0.002315 0.003086
0 0.298997 0.715021 0.003858 0.004115
0 0.303241 0.707819 0.001543 0.002058
0 0.297068 0.703189 0.007716 0.011317
0 0.179784 0.706790 0.015432 0.020576
0 0.243441 0.696502 0.003858 0.004115
0 0.250386 0.692387 0.002315 0.004115
0 0.298997 0.686728 0.010031 0.007202
0 0.295139 0.683642 0.002315 0.003086
0 0.173225 0.683128 0.022377 0.020576
0 0.312114 0.676440 0.006944 0.011317
0 0.279707 0.667695 0.002315 0.004115
0 0.156636 0.665638 0.003086 0.004115
0 0.289738 0.658436 0.003858 0.004115
0 0.270833 0.656893 0.001543 0.003086
0 0.205633 0.659465 0.008488 0.010288
0 0.256944 0.654321 0.004630 0.006173
0 0.252315 0.649177 0.001543 0.002058
0 0.323688 0.650720 0.003858 0.007202
0 0.339120 0.648148 0.003858 0.006173
0 0.272762 0.649177 0.005401 0.010288
0 0.446759 0.633230 0.001543 0.001029
0 0.256944 0.633230 0.001543 0.001029
0 0.336034 0.630658 0.000772 0.002058
0 0.263117 0.638889 0.009259 0.024691
0 0.268133 0.623971 0.002315 0.003086
0 0.346065 0.629115 0.013117 0.017490
0 0.333333 0.622428 0.001543 0.004115
0 0.353395 0.609053 0.001543 0.002058
0 0.354167 0.601337 0.001543 0.001029
0 0.356481 0.599280 0.001543 0.001029
0 0.486883 0.598765 0.003086 0.004115
0 0.413580 0.593107 0.001543 0.001029
0 0.422068 0.593107 0.001543 0.003086
0 0.364198 0.592078 0.001543 0.001029
0 0.346836 0.599794 0.014660 0.016461
0 0.530864 0.589506 0.001543 0.002058
0 0.506559 0.590535 0.002315 0.004115
0 0.251543 0.589506 0.001543 0.002058
0 0.365741 0.586934 0.001543 0.001029
0 0.421296 0.584877 0.003086 0.003086
0 0.494985 0.583848 0.002315 0.003086
0 0.491898 0.582819 0.002315 0.007202
0 0.501543 0.576646 0.001543 0.003086
0 0.324074 0.579218 0.006173 0.008230
0 0.312886 0.570988 0.000772 0.002058
0 0.378472 0.573045 0.003858 0.008230
0 0.414352 0.565844 0.001543 0.002058
0 0.375772 0.564815 0.001543 0.002058
0 0.368827 0.573560 0.012346 0.021605
0 0.288966 0.592078 0.077932 0.060700
0 0.270062 0.605453 0.002315 0.002058
0 0.263117 0.603909 0.006944 0.007202
0 0.400849 0.559671 0.002315 0.004115
0 0.510802 0.585391 0.016975 0.067901
0 0.390432 0.559671 0.015432 0.018519
0 0.420525 0.553498 0.007716 0.012346
0 0.489583 0.560700 0.016204 0.028807
0 0.430170 0.544753 0.002315 0.005144
0 0.530478 0.541152 0.005401 0.008230
0 0.298997 0.500000 0.003858 0.006173
0 0.388503 0.400720 0.003858 0.003086
0 0.426698 0.395062 0.001543 0.002058
0 0.408179 0.390947 0.003086 0.004115
0 0.421296 0.388374 0.003086 0.007202
0 0.449074 0.385802 0.004630 0.006173
0 0.400463 0.383230 0.003086 0.005144
0 0.390818 0.382716 0.002315 0.004115
0 0.380015 0.387860 0.008488 0.016461
0 0.413966 0.379630 0.002315 0.004115
0 0.409722 0.375514 0.001543 0.002058
0 0.347994 0.370885 0.001543 0.001029
0 0.329861 0.370885 0.002315 0.003086
0 0.324846 0.368827 0.003086 0.003086
0 0.398534 0.366770 0.002315 0.003086
0 0.339506 0.368313 0.004630 0.006173
0 0.405478 0.367284 0.003858 0.008230
0 0.374228 0.356996 0.006173 0.008230
0 0.361111 0.367284 0.018519 0.030864
0 0.380401 0.354424 0.004630 0.007202
0 0.364583 0.346708 0.003858 0.006173
0 0.349537 0.346193 0.004630 0.007202
0 0.405864 0.337449 0.001543 0.002058
0 0.395448 0.349280 0.014660 0.025720
0 0.318673 0.335905 0.001543 0.001029
0 0.432485 0.333848 0.000772 0.001029
0 0.422068 0.330761 0.001543 0.003086
0 0.302469 0.333333 0.004630 0.008230
0 0.396219 0.327675 0.002315 0.003086
0 0.356096 0.327160 0.002315 0.002058
0 0.352623 0.326646 0.001543 0.001029
0 0.376157 0.326646 0.002315 0.003086
0 0.392361 0.325617 0.002315 0.003086
0 0.368441 0.324074 0.002315 0.004115
0 0.346065 0.324074 0.003858 0.004115
0 0.315201 0.324074 0.002315 0.004115
0 0.360725 0.320473 0.002315 0.005144
0 0.410494 0.319444 0.003086 0.005144
0 0.369599 0.316872 0.001543 0.004115
0 0.365741 0.317901 0.003086 0.006173
0 0.329090 0.315844 0.000772 0.002058
0 0.312500 0.317901 0.003086 0.006173
0 0.306327 0.319444 0.006173 0.011317
0 0.334877 0.308642 0.004630 0.004115
0 0.330247 0.302984 0.001543 0.001029
0 0.389660 0.302984 0.004630 0.003086
0 0.418981 0.304527 0.006173 0.008230
0 0.322531 0.300926 0.001543 0.001029
0 0.312500 0.301440 0.001543 0.002058
0 0.385417 0.313272 0.010031 0.029835
0 0.405093 0.293724 0.001543 0.001029
0 0.305170 0.301440 0.013117 0.016461
0 0.425154 0.291667 0.003086 0.003086
0 0.327932 0.288066 0.001543 0.002058
0 0.300540 0.289095 0.002315 0.006173
0 0.295525 0.283436 0.001543 0.001029
0 0.323688 0.277778 0.002315 0.004115
0 0.297840 0.277263 0.001543 0.003086
0 0.309028 0.282922 0.011574 0.016461
0 0.332562 0.270062 0.001543 0.001029
0 0.326389 0.270576 0.001543 0.002058
0 0.354552 0.276749 0.016204 0.018519
0 0.336420 0.266461 0.003086 0.008230
0 0.341049 0.260802 0.001543 0.001029
0 0.324846 0.215021 0.001543 0.002058
0 0.298225 0.192901 0.002315 0.003086
0 0.318287 0.191872 0.002315 0.005144
0 0.322531 0.187243 0.001543 0.002058
0 0.305941 0.185185 0.002315 0.002058
0 0.310957 0.183128 0.003086 0.004115
0 0.312886 0.177469 0.003858 0.005144
0 0.518133 0.088477 0.003858 0.008230
0 0.527392 0.084362 0.005401 0.006173
0 0.516590 0.077675 0.003858 0.007202
0 0.526235 0.076132 0.004630 0.006173
1 0.460262 0.799383 0.005401 0.006173
1 0.464892 0.793210 0.013117 0.010288
1 0.453704 0.791152 0.007716 0.008230
1 0.276235 0.700617 0.006173 0.006173
1 0.283179 0.698560 0.006173 0.006173
1 0.370370 0.645062 0.012346 0.016461
1 0.265818 0.485597 0.002315 0.008230
1 0.260417 0.481481 0.003858 0.008230
1 0.702546 0.317387 0.017747 0.005144
1 0.605324 0.275720 0.016204 0.008230
1 0.670139 0.210391 0.017747 0.027778
1 0.330247 0.146605 0.012346 0.013374
3 0.554012 0.715021 0.003086 0.002058
3 0.244599 0.710391 0.004630 0.005144
3 0.554398 0.707819 0.003858 0.002058
3 0.295139 0.676955 0.003858 0.008230
3 0.167824 0.649177 0.002315 0.004115
3 0.329861 0.637860 0.002315 0.004115
3 0.272377 0.390432 0.004630 0.011317
3 0.243056 0.348251 0.006173 0.011317
3 0.566358 0.301440 0.009259 0.008230
3 0.566358 0.301955 0.002315 0.002058
3 0.557870 0.284979 0.009259 0.010288
3 0.498071 0.162037 0.003858 0.007202
3 0.455247 0.123971 0.004630 0.005144
3 0.310185 0.116255 0.004630 0.006173
3 0.325231 0.112654 0.005401 0.005144
3 0.332176 0.048868 0.000772 0.001029
3 0.332176 0.044753 0.000772 0.001029