1 0.312012 0.782227 0.009766 0.024089
1 0.301270 0.763672 0.008789 0.018229
1 0.297363 0.750000 0.004883 0.006510
1 0.659912 0.770182 0.034668 0.050781
1 0.693359 0.739583 0.027344 0.026042
1 0.738281 0.730469 0.009766 0.010417
1 0.710449 0.716471 0.013672 0.017578
1 0.723145 0.696289 0.014648 0.014974
1 0.724121 0.700521 0.001953 0.002604
1 0.757568 0.702799 0.021973 0.035807
1 0.502441 0.659831 0.016602 0.011068
1 0.774658 0.652995 0.028809 0.041667
1 0.783447 0.664063 0.004395 0.003906
1 0.816406 0.628581 0.010742 0.013672
1 0.787598 0.591471 0.012695 0.013672
1 0.757080 0.578125 0.009277 0.013021
1 0.791992 0.477539 0.021484 0.012370
1 0.777344 0.447266 0.010742 0.011719
1 0.464111 0.187500 0.029785 0.049479
1 0.590576 0.157552 0.007324 0.006510
1 0.372314 0.148438 0.009277 0.013021
2 0.532715 0.634766 0.020508 0.041667
2 0.530273 0.142578 0.026367 0.053385
3 0.459717 0.819987 0.004395 0.004557
3 0.773926 0.739258 0.004883 0.011068
3 0.788330 0.704102 0.001465 0.001953
3 0.790039 0.700195 0.004883 0.009766
3 0.794678 0.673503 0.006348 0.008464
3 0.750732 0.675456 0.006348 0.013672
3 0.726563 0.611003 0.005859 0.009766
3 0.579102 0.603516 0.007813 0.011719
3 0.469971 0.557292 0.003418 0.005208
3 0.819580 0.558594 0.004395 0.010417
3 0.209717 0.505534 0.006348 0.007161
3 0.569580 0.483073 0.007324 0.014323
3 0.617676 0.311523 0.001953 0.003255
3 0.405518 0.076497 0.003418 0.005859