0 0.727339 0.705044 0.001462 0.002193
0 0.725877 0.664474 0.002924 0.004386
0 0.683845 0.572917 0.002193 0.005482
0 0.618056 0.549342 0.005117 0.004386
0 0.618421 0.541667 0.004386 0.004386
0 0.742325 0.491228 0.005117 0.006579
0 0.690424 0.487939 0.002193 0.004386
0 0.740497 0.474232 0.005848 0.009868
0 0.697368 0.476425 0.011696 0.016447
0 0.751096 0.470943 0.005117 0.012061
0 0.737208 0.467105 0.005117 0.006579
0 0.701023 0.453947 0.002924 0.004386
0 0.237573 0.371162 0.001462 0.001096
0 0.360746 0.363487 0.000731 0.001096
0 0.360746 0.360197 0.000731 0.001096
0 0.364401 0.362939 0.005117 0.008772
0 0.622076 0.360746 0.002924 0.008772
0 0.625731 0.337719 0.001462 0.002193
0 0.615132 0.336623 0.002193 0.002193
0 0.614401 0.331689 0.002193 0.003289
0 0.604898 0.303728 0.002193 0.002193
0 0.714181 0.299890 0.008772 0.009868
0 0.664474 0.292215 0.004386 0.005482
0 0.575658 0.284539 0.005117 0.012061
0 0.514254 0.188596 0.031433 0.028509
0 0.506213 0.116228 0.005117 0.006579
0 0.505117 0.110197 0.001462 0.001096
0 0.509868 0.094846 0.008041 0.014254
1 0.367690 0.673794 0.005848 0.012061
1 0.234649 0.595943 0.007310 0.014254
1 0.650219 0.470943 0.006579 0.014254
1 0.720395 0.379934 0.019737 0.016447
1 0.345760 0.370614 0.010234 0.017544
1 0.372076 0.364583 0.005848 0.012061
1 0.754020 0.364035 0.013889 0.017544
1 0.310673 0.344298 0.004386 0.024123
1 0.671053 0.312500 0.011696 0.021930
1 0.337354 0.250000 0.012427 0.026316
1 0.615497 0.233553 0.013158 0.015351
1 0.620614 0.212719 0.007310 0.013158
2 0.597588 0.270285 0.013889 0.018640
3 0.410819 0.890899 0.001462 0.003289
3 0.426535 0.878838 0.000731 0.001096
3 0.421784 0.876096 0.004386 0.006579
3 0.271564 0.756031 0.002193 0.003289
3 0.679459 0.750000 0.002193 0.004386
3 0.279240 0.743421 0.001462 0.002193
3 0.758041 0.700658 0.001462 0.002193
3 0.753655 0.695724 0.002924 0.005482
3 0.748173 0.690241 0.002193 0.003289
3 0.588450 0.684211 0.005848 0.006579
3 0.731360 0.665022 0.000731 0.001096
3 0.725512 0.639803 0.000731 0.001096
3 0.534357 0.639803 0.005848 0.007675
3 0.263523 0.627741 0.000731 0.003289
3 0.260599 0.626645 0.002193 0.003289
3 0.267909 0.626096 0.003655 0.008772
3 0.276681 0.621162 0.000731 0.001096
3 0.752558 0.596491 0.003655 0.006579
3 0.288743 0.567434 0.001462 0.003289
3 0.734649 0.546053 0.002924 0.002193
3 0.581140 0.544956 0.004386 0.004386
3 0.294956 0.529605 0.005117 0.006579
3 0.724781 0.524123 0.002193 0.004386
3 0.591374 0.522478 0.004386 0.003289
3 0.728436 0.521930 0.003655 0.006579
3 0.752193 0.506031 0.002924 0.005482
3 0.695541 0.500000 0.003655 0.004386
3 0.642544 0.499452 0.002924 0.005482
3 0.706506 0.497259 0.002193 0.003289
3 0.278143 0.491776 0.002193 0.003289
3 0.271564 0.483004 0.002193 0.005482
3 0.702120 0.484101 0.010965 0.012061
3 0.756213 0.449013 0.002193 0.003289
3 0.658991 0.412829 0.006579 0.009868
3 0.664839 0.411184 0.003655 0.017544
3 0.271199 0.401864 0.002924 0.003289
3 0.300804 0.401316 0.002193 0.004386
3 0.658260 0.398575 0.012427 0.018640
3 0.300439 0.373904 0.001462 0.004386
3 0.649488 0.373355 0.003655 0.005482
3 0.267178 0.369518 0.005117 0.008772
3 0.370614 0.361842 0.007310 0.008772
3 0.698099 0.346491 0.002924 0.002193
3 0.683480 0.330592 0.002924 0.003289
3 0.297149 0.317982 0.003655 0.004386
3 0.615132 0.317982 0.006579 0.010965
3 0.659722 0.306469 0.003655 0.005482
3 0.687865 0.305373 0.002924 0.005482
3 0.544591 0.303728 0.002924 0.006579
3 0.601974 0.297149 0.003655 0.004386
3 0.639985 0.294408 0.006579 0.014254
3 0.535453 0.284539 0.003655 0.003289
3 0.620614 0.280154 0.002924 0.005482
3 0.518640 0.270285 0.005117 0.005482
3 0.623538 0.257127 0.002924 0.003289
3 0.408991 0.255482 0.002193 0.002193
3 0.617690 0.255482 0.005848 0.004386
3 0.581140 0.259320 0.005848 0.016447
3 0.641447 0.245614 0.003655 0.002193
3 0.389620 0.244518 0.001462 0.002193
3 0.496345 0.244518 0.004386 0.008772
3 0.704678 0.239035 0.005848 0.006579
3 0.380848 0.238487 0.002924 0.005482
3 0.379386 0.174890 0.001462 0.005482
3 0.362208 0.167763 0.003655 0.004386
3 0.334430 0.147478 0.002193 0.003289
3 0.359284 0.135965 0.003655 0.004386
3 0.367325 0.139254 0.008041 0.015351
3 0.336257 0.132127 0.004386 0.005482
3 0.374269 0.133224 0.002924 0.009868
3 0.373904 0.134320 0.001462 0.002193
3 0.579313 0.127193 0.002193 0.002193
3 0.586988 0.127741 0.008772 0.007675
3 0.403874 0.125548 0.006579 0.009868
3 0.484284 0.101974 0.002193 0.002193
3 0.582237 0.100877 0.002193 0.002193
3 0.601974 0.101425 0.006579 0.009868
3 0.494883 0.100329 0.007310 0.009868
3 0.580044 0.097039 0.002193 0.005482
3 0.617690 0.095943 0.005848 0.007675