0 0.778564 0.632813 0.009277 0.010417
0 0.775635 0.624349 0.005371 0.003906
0 0.785645 0.612630 0.001953 0.002604
0 0.757324 0.613281 0.005859 0.006510
0 0.750732 0.605143 0.002441 0.004557
0 0.765625 0.603516 0.004883 0.003906
0 0.782715 0.603190 0.004883 0.007161
0 0.775146 0.596680 0.002441 0.004557
0 0.792969 0.595378 0.002930 0.003255
0 0.789063 0.599609 0.004883 0.014323
0 0.776611 0.590169 0.002441 0.004557
0 0.753418 0.585286 0.001953 0.002604
0 0.798584 0.584310 0.001465 0.001953
0 0.770264 0.586263 0.007324 0.012370
0 0.744873 0.577474 0.003418 0.005208
0 0.795166 0.575521 0.005371 0.003906
0 0.762695 0.572266 0.001953 0.002604
0 0.832764 0.569987 0.001465 0.001953
0 0.776855 0.579427 0.019531 0.024740
0 0.837158 0.564128 0.001465 0.001953
0 0.808838 0.564779 0.002441 0.003255
0 0.839111 0.562826 0.001465 0.001953
0 0.748047 0.563477 0.002930 0.003255
0 0.812500 0.583659 0.037109 0.047526
0 0.728760 0.564453 0.006348 0.009115
0 0.818115 0.559570 0.001465 0.001953
0 0.810303 0.560221 0.003418 0.003255
0 0.745361 0.554688 0.001465 0.001302
0 0.752441 0.555013 0.005859 0.003255
0 0.849854 0.555990 0.003418 0.007813
0 0.760742 0.563151 0.016602 0.026042
0 0.827637 0.549479 0.001953 0.003906
0 0.775391 0.552409 0.012695 0.011068
0 0.732422 0.550130 0.010742 0.013021
0 0.724609 0.544271 0.001953 0.002604
0 0.819824 0.547852 0.009766 0.012370
0 0.831055 0.549479 0.004883 0.020833
0 0.839111 0.542318 0.011230 0.010417
0 0.852051 0.532227 0.002930 0.004557
0 0.838623 0.531576 0.005371 0.007161
0 0.832764 0.529948 0.003418 0.005208
0 0.727295 0.528320 0.011230 0.012370
0 0.719482 0.525065 0.008301 0.014974
0 0.780029 0.517253 0.002441 0.003255
0 0.705078 0.526042 0.010742 0.020833
0 0.773926 0.512370 0.001953 0.002604
0 0.753906 0.505534 0.002930 0.005859
0 0.726807 0.506836 0.007324 0.008464
0 0.749512 0.500000 0.004883 0.003906
0 0.728271 0.499349 0.002441 0.002604
0 0.751709 0.517904 0.029785 0.047526
0 0.741455 0.509440 0.004395 0.007161
0 0.670410 0.496745 0.009766 0.019531
0 0.750000 0.482422 0.004883 0.003906
0 0.763916 0.480794 0.002441 0.003255
0 0.715332 0.490560 0.015625 0.024089
0 0.678467 0.484049 0.010254 0.013672
0 0.763916 0.469076 0.002441 0.001953
0 0.838867 0.463542 0.001953 0.003906
0 0.731201 0.471029 0.013184 0.022786
0 0.751953 0.468750 0.017578 0.019531
0 0.718750 0.465169 0.006836 0.012370
0 0.743164 0.457031 0.004883 0.005208
0 0.820557 0.456055 0.003418 0.007161
0 0.798828 0.452148 0.001953 0.001953
0 0.789551 0.449219 0.002930 0.002604
0 0.689453 0.461263 0.032227 0.026693
0 0.717285 0.450521 0.006836 0.007813
0 0.753174 0.451172 0.008301 0.010417
0 0.691650 0.446615 0.003418 0.005208
0 0.830322 0.443034 0.001465 0.001953
0 0.742432 0.444661 0.013184 0.006510
0 0.696533 0.439128 0.001465 0.001953
0 0.849365 0.436523 0.002441 0.005859
0 0.688721 0.439128 0.008301 0.011068
0 0.821777 0.436523 0.002930 0.007161
0 0.831543 0.433594 0.002930 0.003906
0 0.770264 0.436849 0.003418 0.010417
0 0.696045 0.433594 0.002441 0.003906
0 0.677979 0.436849 0.006348 0.014323
0 0.791748 0.436198 0.020996 0.019531
0 0.845459 0.427083 0.004395 0.003906
0 0.836914 0.424154 0.001953 0.004557
0 0.831787 0.423503 0.003418 0.005859
0 0.689941 0.422852 0.002930 0.004557
0 0.814941 0.425456 0.009766 0.011068
0 0.798340 0.419922 0.001953 0.002604
0 0.819092 0.417969 0.003418 0.003906
0 0.805908 0.421875 0.010254 0.014323
0 0.825684 0.416016 0.004883 0.006510
0 0.839844 0.416341 0.006836 0.009766
0 0.697754 0.417318 0.006836 0.011719
0 0.798096 0.408529 0.001465 0.001953
0 0.779785 0.410482 0.003906 0.005859
0 0.788818 0.410156 0.005371 0.009115
0 0.725586 0.425130 0.046875 0.039063
0 0.766113 0.418294 0.040039 0.039714
0 0.758057 0.424805 0.003418 0.004557
0 0.732422 0.390951 0.011719 0.008464
0 0.734619 0.375977 0.010254 0.012370
0 0.759766 0.365560 0.007813 0.011068
1 0.781982 0.563477 0.003418 0.005859
1 0.792725 0.552083 0.002441 0.003906
1 0.808350 0.534831 0.004395 0.008464
1 0.837646 0.473958 0.013184 0.016927
1 0.838623 0.475586 0.002441 0.003255
1 0.816162 0.456055 0.002441 0.005859
1 0.791016 0.469076 0.035156 0.033203
1 0.827637 0.453776 0.004883 0.006510
3 0.608154 0.725911 0.007324 0.007813