0 0.709877 0.744792 0.003086 0.003472
0 0.646991 0.719329 0.000772 0.001157
0 0.649691 0.717593 0.001543 0.002315
0 0.634259 0.714120 0.003086 0.004630
0 0.650849 0.698495 0.002315 0.003472
0 0.638503 0.695602 0.002315 0.002315
0 0.648148 0.693866 0.001543 0.003472
0 0.655093 0.692130 0.001543 0.002315
0 0.643904 0.695023 0.005401 0.010417
0 0.660880 0.678241 0.003858 0.006944
0 0.282407 0.615741 0.003086 0.002315
0 0.284336 0.608218 0.002315 0.003472
0 0.488426 0.552662 0.004630 0.008102
0 0.600309 0.486111 0.003086 0.004630
0 0.496528 0.480324 0.003858 0.006944
0 0.648534 0.364005 0.002315 0.003472
0 0.684028 0.252894 0.003858 0.005787
1 0.579861 0.902778 0.017747 0.030093
1 0.566358 0.825810 0.024691 0.019676
1 0.621914 0.796296 0.009259 0.006944
1 0.700231 0.752894 0.008488 0.012731
1 0.722608 0.726273 0.005401 0.008102
1 0.716049 0.722801 0.004630 0.005787
1 0.505015 0.707755 0.000772 0.001157
1 0.514275 0.726273 0.028549 0.040509
1 0.656636 0.725694 0.018519 0.041667
1 0.639660 0.591435 0.010802 0.013889
1 0.716435 0.539931 0.002315 0.005787
1 0.665509 0.510995 0.006944 0.021991
1 0.773148 0.450231 0.001543 0.002315
1 0.777006 0.449653 0.003086 0.003472
1 0.780864 0.447917 0.001543 0.004630
1 0.785494 0.446181 0.001543 0.003472
1 0.770833 0.443287 0.003086 0.006944
1 0.446373 0.228588 0.011574 0.019676
1 0.439815 0.214699 0.024691 0.033565
1 0.307485 0.201968 0.003858 0.010417
1 0.469522 0.183449 0.030093 0.033565
1 0.324846 0.157986 0.007716 0.005787
1 0.574460 0.085069 0.010031 0.017361
1 0.443673 0.079861 0.010802 0.013889
3 0.685957 0.764468 0.003086 0.005787
3 0.676312 0.736111 0.003858 0.006944
3 0.584105 0.725694 0.001543 0.002315
3 0.553627 0.722222 0.003858 0.004630
3 0.457176 0.700231 0.002315 0.006944
3 0.373457 0.630787 0.006173 0.011574
3 0.365355 0.605324 0.002315 0.004630
3 0.359954 0.605903 0.002315 0.005787
3 0.510417 0.523148 0.002315 0.004630
3 0.493441 0.489583 0.002315 0.002315
3 0.758102 0.476852 0.002315 0.004630
3 0.785880 0.421875 0.003858 0.005787
3 0.778935 0.416088 0.002315 0.003472
3 0.782407 0.409144 0.004630 0.010417
3 0.670139 0.375579 0.002315 0.003472
3 0.667824 0.368634 0.005401 0.005787
3 0.678241 0.363426 0.004630 0.004630
3 0.531636 0.339699 0.006173 0.005787
3 0.523920 0.337384 0.007716 0.010417
3 0.519676 0.318287 0.006944 0.009259
3 0.533179 0.309606 0.004630 0.005787
3 0.532407 0.298611 0.007716 0.006944
3 0.406250 0.167245 0.002315 0.003472
3 0.406636 0.154514 0.003086 0.005787
3 0.419753 0.142361 0.003086 0.004630
3 0.420910 0.122106 0.002315 0.003472
3 0.372685 0.100694 0.003086 0.002315