0 0.289366 0.677611 0.003067 0.001551
0 0.181237 0.675801 0.009714 0.009307
0 0.291411 0.664943 0.001022 0.001034
0 0.324898 0.662875 0.002556 0.003102
0 0.282464 0.666236 0.012781 0.012927
0 0.321063 0.658221 0.003067 0.003102
0 0.337679 0.655377 0.023006 0.013961
0 0.337423 0.656670 0.003067 0.003102
0 0.394427 0.646846 0.013804 0.012410
0 0.335634 0.641417 0.004601 0.006722
0 0.200153 0.639866 0.006646 0.003619
0 0.313650 0.627456 0.004601 0.004654
0 0.321319 0.628232 0.005624 0.008273
0 0.339213 0.620217 0.016871 0.010858
0 0.186605 0.619700 0.009202 0.013961
0 0.170501 0.608066 0.029141 0.020683
0 0.166667 0.609617 0.002045 0.002068
0 0.444018 0.523526 0.012781 0.009824
0 0.420501 0.515512 0.004601 0.006205
0 0.255879 0.505171 0.002556 0.003102
0 0.262014 0.497673 0.001534 0.002585
0 0.291667 0.496381 0.001534 0.002068
0 0.278885 0.494312 0.003579 0.004137
0 0.329243 0.483971 0.001022 0.002068
0 0.318252 0.484488 0.004601 0.008273
0 0.336912 0.485005 0.010225 0.011375
0 0.351994 0.480352 0.003579 0.004137
0 0.321063 0.472337 0.003067 0.002585
0 0.315440 0.470786 0.003067 0.003619
0 0.334356 0.471303 0.007157 0.008790
0 0.242076 0.468459 0.006646 0.008273
0 0.274540 0.466649 0.010225 0.008790
0 0.340235 0.460445 0.003579 0.003619
0 0.215746 0.457601 0.002045 0.002068
0 0.369888 0.458376 0.003579 0.004654
0 0.237986 0.455274 0.005624 0.004654
0 0.307515 0.453981 0.003579 0.004137
0 0.317229 0.442347 0.002556 0.004654
0 0.352249 0.436918 0.002045 0.002068
0 0.236452 0.436143 0.004601 0.005688
0 0.208589 0.437435 0.021472 0.023785
0 0.195808 0.425543 0.001022 0.001034
0 0.245399 0.428645 0.007157 0.011375
0 0.170501 0.428645 0.013804 0.015512
0 0.340491 0.425543 0.014315 0.021717
0 0.202965 0.415977 0.003067 0.002585
0 0.335890 0.408997 0.003067 0.002068
0 0.291667 0.410290 0.003579 0.004654
0 0.399796 0.407963 0.001022 0.002068
0 0.256902 0.409772 0.015849 0.014995
0 0.403630 0.404085 0.006646 0.005688
0 0.390337 0.404085 0.012781 0.007756
0 0.240031 0.399431 0.004601 0.003619
0 0.403630 0.396329 0.006646 0.006722
0 0.423057 0.390124 0.002556 0.001551
0 0.407464 0.389607 0.003067 0.002585
0 0.359663 0.387539 0.005624 0.005688
0 0.418967 0.385471 0.003579 0.005688
0 0.410787 0.381334 0.005624 0.006722
0 0.203988 0.382627 0.010225 0.009307
0 0.414877 0.372285 0.002556 0.002068
0 0.280419 0.370993 0.005624 0.004654
0 0.269427 0.368149 0.002045 0.001034
0 0.233896 0.371768 0.013804 0.010341
0 0.389315 0.360910 0.001534 0.002068
0 0.246933 0.360134 0.001022 0.001551
0 0.324131 0.373061 0.050102 0.037746
0 0.332566 0.377456 0.002556 0.002068
0 0.260992 0.355481 0.003579 0.003619
0 0.233640 0.351603 0.003067 0.004137
0 0.243865 0.354188 0.008180 0.010341
0 0.229039 0.335574 0.003067 0.002068
0 0.234151 0.334540 0.004090 0.002068
0 0.244888 0.332730 0.006135 0.005688
0 0.246166 0.322906 0.003579 0.004654
0 0.573108 0.167528 0.004090 0.004137
0 0.622955 0.162616 0.004601 0.005688
0 0.644172 0.152792 0.005112 0.004654
0 0.545501 0.155636 0.010225 0.010341
0 0.574898 0.151758 0.005624 0.005688
0 0.668200 0.146846 0.008180 0.009307
0 0.702710 0.137539 0.008691 0.007239
0 0.682771 0.150724 0.012781 0.033609
0 0.624744 0.094881 0.006135 0.004654
0 0.662321 0.082472 0.005624 0.004654
0 0.683793 0.080403 0.005624 0.005688
0 0.680470 0.068511 0.010225 0.011892
0 0.675869 0.062048 0.001022 0.001034
0 0.670501 0.055326 0.001534 0.001034
0 0.637526 0.057653 0.008180 0.005688
0 0.663855 0.058687 0.013804 0.012927
1 0.447853 0.743795 0.007157 0.006722
1 0.464980 0.742761 0.025051 0.013961
1 0.863497 0.330662 0.019427 0.013961