0 0.461687 0.632161 0.005418 0.016080
0 0.440015 0.611558 0.005418 0.007035
0 0.545666 0.512060 0.003096 0.007035
0 0.662152 0.508040 0.006966 0.009045
0 0.535991 0.508543 0.005418 0.010050
0 0.541796 0.496482 0.007740 0.010050
0 0.563467 0.502513 0.018576 0.034171
0 0.659830 0.488442 0.016254 0.026131
0 0.655960 0.487940 0.001548 0.002010
0 0.389319 0.437186 0.006192 0.010050
1 0.440402 0.716583 0.010836 0.018090
1 0.445433 0.708040 0.003870 0.005025
1 0.612229 0.474372 0.015480 0.018090
1 0.227941 0.397487 0.002322 0.003015
1 0.223684 0.389447 0.007740 0.015075
1 0.307663 0.203015 0.006966 0.014070
3 0.226006 0.651759 0.006192 0.009045
3 0.620356 0.612060 0.003870 0.004020
3 0.678019 0.583920 0.004644 0.006030
3 0.640093 0.559296 0.010836 0.009045
3 0.454721 0.405528 0.003870 0.007035
3 0.749613 0.398995 0.002322 0.004020
3 0.455495 0.396985 0.002322 0.002010