0 0.309792 0.454792 0.002917 0.002083
0 0.333958 0.455625 0.008750 0.007917
0 0.283958 0.445208 0.003750 0.003750
0 0.302708 0.440208 0.008750 0.009583
0 0.238750 0.441042 0.024167 0.019583
0 0.278125 0.432500 0.003750 0.004167
0 0.263958 0.424167 0.004583 0.003333
0 0.222708 0.430625 0.021250 0.021250
0 0.213750 0.350833 0.005833 0.004167
3 0.197292 0.848958 0.003750 0.003750
3 0.197708 0.838542 0.002917 0.002083
3 0.483542 0.612083 0.004583 0.004167
3 0.207500 0.517917 0.005000 0.005833
3 0.229375 0.485208 0.002083 0.002917