0 0.366127 0.618056 0.005401 0.013889
0 0.292824 0.597801 0.003858 0.005787
0 0.288966 0.499421 0.010031 0.010417
0 0.532407 0.467014 0.004630 0.003472
0 0.538966 0.469907 0.010031 0.011574
0 0.535880 0.461227 0.002315 0.003472
0 0.542052 0.446759 0.000772 0.002315
0 0.412423 0.342014 0.002315 0.003472
0 0.403549 0.338542 0.007716 0.015046
0 0.413580 0.333912 0.007716 0.015046
0 0.405478 0.323495 0.005401 0.008102
0 0.405093 0.307870 0.012346 0.013889
0 0.394676 0.299190 0.003858 0.005787
0 0.410880 0.290509 0.002315 0.011574
0 0.404707 0.289352 0.003858 0.009259
0 0.393133 0.288773 0.003858 0.008102
0 0.398534 0.287616 0.003858 0.010417
0 0.567515 0.231481 0.005401 0.006944
1 0.644676 0.870370 0.006944 0.011574
1 0.424383 0.855903 0.006173 0.012731
1 0.451775 0.838542 0.005401 0.005787
1 0.412037 0.803819 0.004630 0.008102
1 0.406636 0.799769 0.004630 0.006944
1 0.401235 0.788194 0.006173 0.009259
1 0.386574 0.774884 0.003086 0.010417
1 0.615741 0.769097 0.006173 0.008102
1 0.646605 0.767361 0.004630 0.006944
1 0.272762 0.772569 0.008488 0.017361
1 0.661651 0.765625 0.005401 0.008102
1 0.523534 0.764468 0.011574 0.015046
1 0.385031 0.741898 0.007716 0.018519
1 0.646991 0.731481 0.006944 0.006944
1 0.663966 0.709491 0.005401 0.006944
1 0.277392 0.706019 0.005401 0.009259
1 0.404707 0.687500 0.003858 0.004630
1 0.287809 0.688079 0.004630 0.005787
1 0.538966 0.676505 0.005401 0.010417
1 0.269676 0.675347 0.022377 0.031250
1 0.255787 0.645255 0.008488 0.005787
1 0.281636 0.640625 0.004630 0.008102
1 0.222994 0.633102 0.004630 0.006944
1 0.270062 0.616898 0.006173 0.011574
1 0.268133 0.606481 0.003858 0.004630
1 0.456019 0.607639 0.004630 0.009259
1 0.239583 0.599537 0.006944 0.006944
1 0.263889 0.598380 0.004630 0.006944
1 0.244985 0.586227 0.006944 0.010417
1 0.287037 0.581597 0.004630 0.010417
1 0.582948 0.570023 0.010031 0.017361
1 0.236111 0.554398 0.010802 0.011574
1 0.207176 0.523148 0.002315 0.004630
1 0.216821 0.517361 0.004630 0.004630
1 0.326775 0.492477 0.005401 0.008102
1 0.786651 0.490162 0.003858 0.005787
1 0.264660 0.495370 0.015432 0.016204
1 0.275463 0.486111 0.003086 0.006944
1 0.752701 0.479745 0.003858 0.005787
1 0.263503 0.478588 0.005401 0.005787
1 0.514275 0.473958 0.005401 0.010417
1 0.263889 0.461806 0.006173 0.004630
1 0.783565 0.457176 0.003858 0.009259
1 0.323302 0.453704 0.003086 0.006944
1 0.728781 0.417824 0.006944 0.006944
1 0.330633 0.380787 0.005401 0.006944
1 0.339120 0.372106 0.003858 0.008102
1 0.312114 0.370370 0.003858 0.004630
1 0.351080 0.369792 0.004630 0.012731
1 0.706404 0.364005 0.002315 0.003472
1 0.690586 0.357639 0.006173 0.013889
1 0.760417 0.347801 0.003858 0.008102
1 0.764660 0.339699 0.003086 0.003472
1 0.630401 0.329282 0.001543 0.003472
1 0.263889 0.327546 0.004630 0.009259
1 0.763117 0.322338 0.001543 0.001157
1 0.687886 0.323495 0.003858 0.005787
1 0.257330 0.321181 0.003858 0.005787
1 0.730710 0.325810 0.013889 0.017361
1 0.318673 0.320023 0.006173 0.010417
1 0.391590 0.318287 0.005401 0.009259
1 0.587577 0.317130 0.014660 0.023148
1 0.613812 0.304977 0.003858 0.003472
1 0.635417 0.304398 0.006944 0.013889
1 0.692515 0.302662 0.003858 0.012731
1 0.626157 0.299769 0.010031 0.011574
1 0.589120 0.298611 0.013117 0.037037
1 0.564429 0.286458 0.011574 0.012731
1 0.693673 0.278356 0.004630 0.010417
1 0.613812 0.271412 0.005401 0.008102
1 0.574846 0.266204 0.006173 0.009259
1 0.694830 0.265046 0.005401 0.013889
1 0.744213 0.265046 0.008488 0.016204
1 0.567130 0.248264 0.004630 0.008102
1 0.329861 0.248264 0.013117 0.026620
1 0.366127 0.215856 0.005401 0.005787
1 0.601852 0.215856 0.004630 0.008102
1 0.281636 0.208333 0.006173 0.006944
1 0.582948 0.199653 0.005401 0.010417
1 0.535108 0.111111 0.011574 0.011574
1 0.576003 0.086227 0.005401 0.008102
2 0.537809 0.494792 0.010802 0.026620
2 0.785108 0.444444 0.014660 0.013889
2 0.422840 0.403935 0.021605 0.020833
2 0.730324 0.355324 0.039352 0.041667
2 0.337191 0.240741 0.027778 0.041667
2 0.591049 0.229167 0.023148 0.034722
3 0.462191 0.844907 0.001543 0.002315
3 0.295525 0.790509 0.003086 0.004630
3 0.409722 0.734954 0.001543 0.002315
3 0.324074 0.723958 0.001543 0.003472
3 0.355710 0.688079 0.001543 0.003472
3 0.287809 0.686343 0.003086 0.004630
3 0.246142 0.615162 0.001543 0.003472
3 0.309028 0.607060 0.002315 0.003472
3 0.274691 0.582176 0.003086 0.004630
3 0.284722 0.572917 0.001543 0.002315
3 0.770448 0.556134 0.002315 0.003472
3 0.757330 0.554398 0.002315 0.002315
3 0.285880 0.557292 0.005401 0.008102
3 0.253086 0.535880 0.001543 0.002315
3 0.463735 0.534144 0.004630 0.005787
3 0.513889 0.530093 0.003086 0.004630
3 0.519290 0.505208 0.003086 0.005787
3 0.752315 0.489005 0.003086 0.003472
3 0.471451 0.485532 0.001543 0.001157
3 0.454861 0.475694 0.000772 0.002315
3 0.780093 0.473958 0.003086 0.003472
3 0.525463 0.468171 0.001543 0.001157
3 0.254244 0.462384 0.003858 0.005787
3 0.528549 0.457176 0.001543 0.002315
3 0.530478 0.452546 0.002315 0.004630
3 0.254244 0.448495 0.002315 0.005787
3 0.709105 0.436343 0.001543 0.002315
3 0.777778 0.423611 0.003086 0.004630
3 0.422454 0.383102 0.002315 0.002315
3 0.311728 0.370370 0.001543 0.004630
3 0.709105 0.348380 0.001543 0.002315
3 0.342593 0.347801 0.003086 0.003472
3 0.449074 0.342593 0.003086 0.002315
3 0.285494 0.336806 0.003086 0.004630
3 0.441744 0.333912 0.003858 0.005787
3 0.314043 0.307292 0.003086 0.003472
3 0.343364 0.306134 0.003086 0.003472
3 0.336806 0.300926 0.002315 0.002315
3 0.513889 0.289352 0.003086 0.002315
3 0.629630 0.276620 0.001543 0.002315
3 0.270448 0.234375 0.003858 0.005787
3 0.533179 0.226852 0.001543 0.002315
3 0.555556 0.226273 0.003086 0.003472
3 0.653164 0.221065 0.002315 0.004630
3 0.706404 0.215278 0.002315 0.004630
3 0.683256 0.186343 0.002315 0.004630
3 0.488040 0.167245 0.002315 0.003472
3 0.535494 0.160880 0.001543 0.002315
3 0.596065 0.160301 0.002315 0.003472
3 0.519676 0.158565 0.000772 0.002315
3 0.521219 0.156829 0.000772 0.001157
3 0.513503 0.157407 0.002315 0.004630
3 0.527006 0.152199 0.001543 0.001157
3 0.490355 0.148727 0.002315 0.003472
3 0.533951 0.146412 0.001543 0.003472
3 0.484182 0.144097 0.002315 0.003472
3 0.586034 0.137731 0.003858 0.004630
3 0.480710 0.136574 0.001543 0.002315
3 0.416281 0.115162 0.002315 0.003472
3 0.393904 0.089699 0.000772 0.001157
3 0.433642 0.081597 0.003086 0.003472